17.028053
24.023893
24.008794
20.006577
19.003853
24.002282
18.036872
26.015928
19.011930
23.016833
13.054351
21.006863
25.006877
28.012045
43.007157
23.007328
20.000928
18.042550
21.005585
32.047824
25.035129
32.012405
25.025167
20.007497
20.014118
17.050283
21.015245
28.000928
30.011945
18.000928
19.004865
15.000928
17.009047
20.007181
37.009427
16.012911
34.007507
28.008555
60.015341
18.008287
24.005730
25.007077
19.009647
28.005530
40.000928
15.014474
13.022996
19.000928
18.030105
19.014821
35.000928
14.019706
31.008389
27.000928
39.010925
18.021262
25.072486
33.061733
19.079587
15.000928
24.000928
16.002820
16.038390
19.029782
29.020746
25.008770
29.037789
23.007189
24.013117
26.000928
19.021438
17.020838
24.025466
14.015462
19.039460
30.000928
24.010241
16.007749
38.000928
22.040602
24.040710
19.045332
24.013147
36.005530
24.006897
20.000928
22.000928
19.000928
45.003454
23.005165
28.009288
30.009867
18.007562
30.008429
13.053260
24.030531
44.031860
15.003612
14.006837
33.009388
19.005850
27.008889
18.007362
17.016887
19.040856
12.027170
