108.004403
26.005165
27.000928
22.006837
41.003993
24.014960
20.006484
17.014207
36.005465
28.007057
37.005485
42.002760
48.000928
40.000928
38.005165
34.005685
41.005185
57.004985
33.034282
35.004905
18.006383
35.000928
30.017935
33.004183
119.000928
39.000928
38.009987
30.005585
45.028952
23.005445
29.005285
39.011577
23.016993
16.002620
20.005685
26.015053
28.005245
27.008254
27.013039
22.005505
59.000928
22.008554
23.044438
43.000928
26.012150
20.009763
18.005745
39.000928
23.055092
29.006928
31.010047
17.032699
22.009486
21.012065
23.002540
45.013099
24.057462
24.064888
45.005385
39.005844
