27.013343
42.007969
48.007303
29.003592
17.057401
20.009607
23.008815
19.020542
21.029250
18.004538
46.022290
32.010187
28.024179
25.016992
34.005264
36.003852
19.025902
21.062029
29.012505
24.040535
24.012131
40.007605
20.010979
24.008969
18.012685
26.013797
28.009227
18.025727
20.008149
24.010919
27.022056
20.013135
20.002810
18.010177
26.006802
31.029083
24.008074
32.009467
23.008009
25.008389
22.004072
18.031107
26.015522
29.006563
37.008095
16.033807
27.067029
24.012683
24.027602
15.008149
23.016515
19.016154
31.030707
28.006159
20.000928
35.012411
24.008094
21.054703
35.007077
31.016342
28.022440
17.025080
44.044376
20.007337
29.011601
26.009241
19.010673
28.005665
24.008221
32.025375
35.029425
27.007103
31.006817
31.020858
27.008309
45.004032
26.013077
26.003948
58.012183
36.000928
28.007507
19.012661
29.004462
16.009347
26.023248
25.008309
23.005491
19.077796
22.016401
42.002420
36.000928
16.019564
19.012779
32.020956
36.016708
31.000928
22.034742
19.037824
