24.872500
16.609385
16.181421
18.518094
25.182955
16.366373
15.926273
14.053220
14.408034
45.724632
19.897132
27.147402
29.869459
16.997179
16.976976
17.006839
12.245918
18.747343
19.590089
18.032722
14.795547
19.939512
24.769583
17.182565
26.572000
15.961390
23.288349
19.417273
15.641585
21.819602
20.732134
13.155755
18.987758
17.333310
18.203811
19.011909
15.374295
21.595938
16.079899
26.331954
15.362021
25.137348
23.991319
15.653206
21.042333
23.685496
24.361951
15.481601
16.779472
26.749097
17.525339
16.494775
