64.994444
18.645882
43.631590
25.591129
24.386166
35.107918
28.916799
31.580986
28.899691
60.896528
22.925549
31.127139
30.851458
27.419407
42.104548
101.611905
21.363360
22.859478
22.076908
21.702975
33.793101
25.301176
38.864232
32.487107
27.672445
21.662672
22.090671
21.124412
24.376042
49.327222
22.536673
38.413772
28.121440
28.598600
23.178624
27.333785
24.917582
19.320675
28.849361
34.296393
34.201285
18.881324
29.885577
22.253685
32.256250
44.212745
101.898810
28.099969
28.768166
20.544009
