27.703175
31.206907
31.689074
25.638318
25.899916
22.286336
22.112154
23.671182
21.119509
21.331167
71.930000
26.481673
24.405640
28.338095
31.054704
28.140408
25.994886
20.089547
24.577830
24.393182
33.492336
25.014483
26.898097
19.101566
21.170093
23.962606
32.531481
23.703277
26.412950
20.035148
52.990659
37.589365
21.675146
21.877809
41.199058
23.107787
20.226726
29.925077
39.704094
24.923264
17.678831
25.663441
32.547041
21.108937
39.862930
52.488889
31.183426
26.786999
18.880741
25.145990
