12.195262
12.888509
11.933426
12.576273
23.423095
10.394158
15.591421
11.131457
22.711637
17.671726
9.600390
10.420657
13.797207
12.569722
13.545632
11.300936
24.758570
10.199986
10.232576
10.449672
18.704106
12.710672
13.848968
11.678572
11.127454
11.335474
10.437106
11.050538
10.466253
9.360554
13.987168
13.269545
10.889822
11.851671
11.564734
9.061432
13.465231
11.479210
9.846602
15.984007
13.378629
11.582367
10.450138
15.549209
14.570328
10.532736
15.794471
11.159625
15.770675
13.626693
10.177068
10.611727
10.811818
11.575855
9.914591
13.785321
11.229954
11.540870
11.108900
11.761975
11.285246
15.705388
14.387500
19.304646
12.088282
9.291326
13.313498
11.662002
11.415589
13.876379
12.718524
10.246273
12.799811
9.929686
11.382615
19.625941
12.364367
15.209520
9.546576
11.021441
