9.006857
7.051740
4.054538
10.008849
5.010673
7.017300
5.006782
8.026118
5.005064
4.030609
4.020638
19.000928
8.033349
4.023968
4.036429
5.014785
8.023322
9.011727
4.023475
4.033609
5.012405
9.005584
8.011399
15.000928
4.028131
5.014763
6.009713
5.033865
5.010953
3.050955
4.058686
4.047973
9.019298
5.018051
9.000928
4.010261
9.011801
8.025733
14.035063
9.051937
9.014769
15.000928
8.026046
14.033033
10.006315
4.004870
8.023174
4.074800
24.014067
10.006736
8.028671
9.052589
9.016109
4.022397
6.000928
7.016445
14.023154
9.013873
10.012201
13.046715
9.029604
9.020538
5.014098
23.050313
14.010899
14.044681
5.007811
8.028450
9.015027
10.015141
8.017222
9.008712
9.028025
9.040197
9.021076
4.060271
9.026257
9.013097
9.012578
4.053211
9.033813
9.038037
5.006683
8.006703
10.010463
8.019772
29.005270
20.000928
23.043091
9.028059
17.003692
17.000928
9.027791
13.011739
10.005871
8.044817
24.012491
11.002240
13.003046
13.009827
9.023472
25.000928
18.027906
39.038431
14.040601
19.008174
19.014149
