6.011759
14.026173
10.030195
23.033197
5.031702
5.010561
8.040652
9.011311
5.018385
8.015993
4.089311
6.023176
11.000928
10.064926
9.011219
9.034421
19.046442
5.032465
8.016694
9.032593
14.031326
4.063506
19.022302
6.002826
5.048781
5.031572
20.071634
19.046149
9.037129
9.020236
9.046255
9.027358
9.021084
9.009807
9.057919
9.045722
14.009214
9.021804
9.045907
9.026759
6.028198
7.038408
9.038432
6.009441
7.013749
5.029697
5.017861
9.010845
15.000928
6.071564
14.009249
9.021515
9.063588
14.054546
19.049206
14.037328
9.013643
5.002506
8.039789
9.059722
9.051493
6.016419
27.041286
9.034933
14.010459
14.047873
5.029138
8.048322
14.062273
9.043914
14.036500
9.059138
9.037243
14.020186
14.019926
19.028321
9.028251
34.048487
9.031002
14.041059
9.048865
9.057879
9.056850
9.066316
10.003366
18.022183
14.081113
19.051256
12.008441
16.052077
24.008119
39.020106
36.004583
17.029951
