7.020460
44.027481
9.016665
19.033121
14.031041
4.021810
14.012051
34.039579
14.022374
4.015141
4.043008
19.019738
14.011419
4.023813
4.014135
9.023172
4.014090
19.025445
14.011855
9.013143
9.015815
9.031777
5.006657
8.031482
4.027537
24.008372
9.033005
14.027336
5.014735
4.005324
8.023960
5.009019
8.011219
4.043538
25.006857
4.017327
5.011679
13.007116
4.009921
3.043466
8.016901
5.021678
9.034349
14.030983
5.008743
9.006417
8.018286
24.019946
9.017308
4.055634
9.022422
14.008861
9.018406
5.006064
13.013537
9.025974
9.056635
16.003652
7.064356
9.033662
19.056309
4.056776
24.042128
9.015584
4.044540
14.011111
9.025535
5.035721
8.040230
14.011485
9.013009
9.009108
9.023164
14.028598
19.021617
14.002220
14.028320
9.016419
14.017494
14.019518
14.017944
19.037179
9.009753
14.012231
9.037330
9.032920
24.015129
9.029937
24.020752
15.000928
23.019676
19.020532
29.049733
