7.049212
6.006737
17.027417
6.011293
10.006477
6.005050
6.006577
6.006837
10.027619
10.007117
5.052581
6.006677
16.008009
6.000928
16.051717
5.029850
6.008635
5.027101
10.017073
6.014429
7.026200
6.006937
6.006897
10.015096
9.021516
6.006777
16.002480
40.026474
5.008169
7.018023
6.006916
6.007057
6.049588
5.029215
6.006737
6.030871
9.022228
9.036310
9.018599
6.003792
7.031179
14.021916
5.008335
13.035833
14.034136
5.016742
13.024780
9.011217
10.012519
8.031135
10.010880
23.039898
14.010839
11.012353
74.012101
27.012910
10.013391
13.050459
5.013798
8.014835
9.030558
9.024629
14.015475
19.021592
29.011260
14.003678
9.034463
14.034993
34.018332
24.029240
14.018326
24.028825
19.012464
24.020904
29.009753
24.030298
49.025865
69.027118
