8.005777
14.005925
6.002800
22.000928
9.005425
51.006737
10.010807
8.018537
13.013609
24.008269
7.039946
5.012185
7.010353
15.028768
8.008169
15.016155
7.010970
7.014879
23.011719
6.005185
17.012929
10.005805
18.009747
6.005805
4.015805
18.008659
9.012373
59.007911
9.008889
19.008049
5.013423
26.014867
6.008269
23.009481
16.006796
14.006336
24.013937
27.037545
16.003992
7.012731
7.003692
11.014249
11.020020
63.005856
14.006422
10.012231
22.008555
19.019632
26.003832
17.002220
11.003592
38.003972
26.003912
17.003612
13.025875
34.009893
30.000928
23.011585
24.020098
29.012679
34.023730
19.019820
