5.007753
109.007063
9.005650
9.012109
17.005224
11.007855
11.020112
17.010879
19.006883
5.008475
38.004158
6.016545
9.041679
51.006322
7.047016
15.009861
6.011619
11.015309
7.007890
6.017199
8.002970
23.006202
9.006942
39.008815
13.006683
5.008221
9.010959
9.003692
9.009747
19.007023
10.011239
13.014037
11.008355
12.007063
14.011879
11.019697
21.010770
14.007143
7.045076
7.009241
24.009607
18.006883
35.009307
6.018800
6.008889
12.024082
19.013937
19.010698
9.048608
45.005602
53.015675
14.020391
14.008235
24.011039
64.021265
29.014729
14.013819
59.013869
