6.007775
10.045589
9.008455
5.013837
8.017986
13.005645
6.005345
9.003732
4.021516
8.036009
4.039708
4.057929
14.007443
5.006997
9.003765
13.012933
9.020668
4.103199
4.045130
4.042359
4.055183
4.051057
9.043742
9.008915
14.017606
9.007002
4.081269
4.062618
4.048405
4.073771
4.045654
5.018511
4.017506
8.022462
4.037149
4.044249
4.024213
24.039040
14.011239
15.006543
8.039951
4.076337
5.006957
4.008669
8.044562
4.015384
5.008628
8.022422
6.011563
22.017882
9.021250
4.036225
9.029563
9.022270
5.005205
6.009401
17.007527
18.034439
4.033824
4.068578
7.004622
21.013545
9.010423
9.034180
9.008295
14.016308
5.007176
25.006135
13.002386
8.030184
9.022196
9.022502
9.027423
9.023568
5.015409
8.012517
29.009847
9.024950
4.062936
9.033382
30.009953
33.051392
9.054349
10.003812
38.057596
10.000928
23.027265
14.044318
19.037932
49.031321
19.033684
14.013987
14.029006
30.000928
18.039908
19.015183
19.042829
24.017971
