22.020766
21.013091
14.004112
17.027948
25.000928
29.000928
18.042765
19.041554
20.000928
20.003672
23.006436
20.003558
28.015280
23.025998
16.012711
19.003732
32.005330
14.026473
12.003552
12.004032
34.004132
15.012799
40.006696
24.013963
21.014143
30.003552
31.020117
18.000928
83.004543
18.024904
24.019428
15.005304
33.011239
19.007422
25.012133
28.002220
22.013563
12.007082
23.009527
24.008995
16.005564
19.006716
18.009337
16.003552
17.009547
29.003712
19.000928
23.020744
15.000928
16.017155
