28.014321
25.003852
30.004072
21.023985
14.045055
14.012289
35.009275
18.009015
21.003892
23.006797
18.007503
16.003912
22.017047
17.003872
21.012599
17.006876
21.009195
12.004443
22.003732
35.009975
18.003572
18.024896
14.005510
19.011074
25.021762
18.025820
22.003872
32.005815
23.006509
10.003592
29.005445
23.012531
19.041091
24.018319
19.023340
19.015964
14.007442
14.053312
24.060373
17.009055
21.018531
24.009294
19.010527
15.004072
13.013053
26.004072
22.048469
23.004072
15.024752
14.009625
40.003752
18.050092
