12.019876
95.005655
14.011110
23.015343
14.026170
36.005504
17.023806
14.007702
16.005980
12.015312
44.026861
12.003812
16.038546
24.051017
14.032870
84.014425
19.031921
20.000928
20.003552
12.021521
14.021594
14.008254
24.003718
21.003912
18.003270
18.062745
14.050234
16.000928
17.022894
14.008241
14.048861
24.057042
19.048985
19.022428
20.010495
26.003852
21.059210
14.007162
44.016405
9.015740
10.003672
13.055612
14.006614
9.028992
9.067067
19.053466
9.073173
19.034292
14.053515
14.016289
15.015340
16.003672
17.005670
23.029385
15.004362
