17.039048
13.015135
17.004964
22.009272
12.005264
24.005904
19.014997
26.005330
14.020435
36.005224
15.022789
19.005384
18.005304
17.021394
41.005884
14.004904
24.005804
20.005524
18.012181
14.005264
21.006757
22.005364
14.005944
29.007587
20.003712
17.000928
25.004865
20.005644
49.005324
19.005084
23.003732
57.009993
28.005444
31.006789
20.005644
15.005604
24.006517
11.056738
23.005324
32.005124
15.005864
11.019162
17.005144
18.002360
12.016310
45.005704
20.005364
27.018100
37.007767
19.005444
