17.044325
19.023994
29.018212
39.014669
24.059523
14.013831
19.045425
14.032027
34.021257
14.057787
24.028361
99.013715
20.010900
19.010000
30.013657
22.020776
14.034383
19.028871
9.041919
14.021860
15.004482
9.016345
13.023170
24.017227
34.012391
19.041513
14.013501
24.018486
14.034821
34.024020
18.006877
20.017037
14.025858
25.014223
23.033900
14.037809
19.023274
24.024336
16.009790
22.018433
24.014202
14.030751
35.005575
33.025866
19.024714
19.039825
19.027974
19.042073
19.006688
16.014421
17.031127
