39.005465
22.015627
50.006030
21.005425
25.009441
30.008675
14.021690
19.012531
17.000928
17.012509
45.006535
17.041171
19.023781
14.024772
14.066712
24.014101
29.006662
14.008255
14.009846
9.038325
14.032075
9.060484
24.008901
20.006477
10.005225
24.013903
13.003672
13.032998
19.026785
20.008957
23.021670
13.004072
50.025266
24.004538
24.010073
24.039287
24.023620
11.005305
39.000928
17.002220
22.003532
17.004112
13.019352
16.003993
22.028271
14.019064
17.005705
17.005205
33.035077
20.000928
18.031250
11.005685
13.003712
14.007237
