22.037600
19.009103
26.000928
18.000928
23.043596
15.014123
40.002220
13.005974
14.004112
18.049892
15.003752
25.000928
19.006155
23.014221
10.000928
27.016846
14.058172
16.006315
14.005470
27.011831
34.009233
9.032407
29.013451
19.011027
19.007902
19.017859
19.007002
9.031537
24.018099
20.010466
9.014206
12.007989
25.028491
15.003652
13.021147
15.002220
13.027738
15.004522
18.044322
25.003552
18.013166
14.033843
24.006010
10.003912
10.000928
12.030763
14.023740
25.006663
18.005911
14.024134
9.044730
19.008820
19.020073
15.000928
24.000928
19.005077
18.017739
15.000928
19.000928
18.026929
29.013369
