63.019386
23.007671
26.011433
13.045106
9.017781
11.018722
22.011099
14.010261
9.003752
10.008549
19.016727
12.039337
21.022634
21.008387
12.013963
14.003632
23.004012
19.003592
10.014283
13.038698
16.011999
21.003672
19.011779
18.022582
42.055069
16.005430
22.013203
27.011093
19.000928
13.022304
12.011233
11.020552
19.008920
11.042260
42.015988
18.018240
32.017421
26.036431
30.021898
13.053064
16.021104
14.011359
23.032108
61.014695
11.025461
26.021582
18.007975
26.005230
11.030540
18.013504
20.008875
10.006517
34.008149
30.008221
12.017861
