15.012229
32.008375
15.000928
37.011159
20.005084
21.000928
21.027298
15.006705
19.000928
13.061104
31.004303
13.010306
14.006902
15.000928
23.000928
19.005424
19.025704
20.012571
37.042366
35.007995
20.008749
18.002680
43.027399
19.009741
19.043315
29.051411
25.003652
19.012341
19.005225
23.010429
20.002320
29.000928
14.003752
20.005835
17.061477
14.063369
29.025460
19.038614
24.011891
19.023375
21.000928
47.032805
29.038907
20.005424
38.077726
14.049014
19.032822
15.005941
18.005071
22.000928
13.002340
