107.013287
19.046651
20.008761
14.012766
20.021810
35.004132
19.003952
16.005170
14.064996
16.004112
28.008009
13.040436
29.030414
14.053580
14.073201
15.003812
15.009801
17.005610
19.030881
50.003732
23.033600
19.022510
20.003952
13.055630
17.020464
14.020998
18.020608
22.024584
16.028611
15.004092
32.008169
16.015460
11.060207
17.010101
15.023962
16.013963
22.012611
25.000928
21.008829
26.032297
19.056757
40.003892
15.000928
17.070215
19.016086
16.018992
13.008315
21.003812
26.010175
14.033989
15.023558
13.035649
15.009721
