17.005030
90.004663
13.042575
19.005170
14.033663
21.014535
12.042212
16.016987
17.025167
12.012059
21.062716
12.006356
16.042862
35.002280
10.016648
17.043616
14.037809
24.006168
16.015073
9.038069
18.012471
17.006617
20.053404
14.015621
14.027008
29.010825
15.009541
18.023256
39.012923
19.017097
12.019140
21.044792
15.015021
13.028495
24.050630
15.009853
11.011979
28.008661
28.011421
13.036441
12.008129
21.016667
16.017701
27.048973
19.007786
14.005056
10.020378
25.015170
24.007921
14.017358
13.003952
24.009089
23.005150
15.009881
14.005103
14.015641
22.008501
14.006516
