22.014308
29.028251
29.020530
35.013111
21.000928
14.011619
17.015681
13.068261
19.015300
16.009427
15.003552
47.012311
23.017822
39.033742
19.047249
19.045536
35.010679
18.023954
16.000928
37.029936
21.014989
17.017819
20.008995
19.011073
23.035283
32.000928
26.011065
24.019251
20.000928
14.012120
18.033953
15.005516
14.007801
13.044284
23.007949
31.004845
20.012151
22.009392
25.014867
29.000928
28.010153
19.030494
24.051004
34.008201
14.003558
14.011125
14.064882
35.007262
18.048788
19.056093
