108.006095
8.017063
4.043436
5.004183
14.003652
4.005645
4.008923
4.005045
8.021403
9.011959
10.003812
3.031674
5.017031
13.010001
3.010761
12.006637
8.003872
9.018691
3.025979
5.013733
4.014933
3.026802
4.018268
3.010421
10.015035
9.011819
5.012493
3.025828
5.013493
4.022231
3.035982
5.012473
3.039009
4.022554
3.010081
5.015835
5.005285
4.028909
4.006957
3.019551
14.030025
14.005836
14.011359
4.013091
4.024987
29.007549
14.008621
5.017713
4.012533
3.036743
10.003712
3.016803
3.008629
21.003612
8.043793
9.042278
3.009781
8.010121
3.009101
8.003792
4.009481
3.026815
9.008761
5.019511
3.026521
9.014049
9.017805
4.032796
3.010321
2.009621
7.029663
3.010261
7.005885
3.014143
3.029282
9.015629
15.003892
3.036576
5.012633
4.013893
3.038180
3.009621
10.016989
3.010541
15.006351
3.009541
10.039653
3.010421
2.046426
7.024667
9.010513
4.020532
4.019691
9.008295
9.006962
10.003892
3.036714
10.003992
8.008595
5.015933
3.036701
4.020172
4.034115
5.004965
3.022323
3.009621
11.018411
9.003572
8.021312
4.012431
9.031411
5.005065
3.028634
5.022371
3.025241
4.021347
9.008875
4.018939
5.006817
13.022080
5.003749
8.007043
11.003772
17.009893
14.012591
5.015893
13.008755
9.030198
5.005305
8.023221
5.013113
13.011450
5.003858
4.021419
13.028915
3.010001
12.041398
3.010541
3.024910
3.010101
17.010021
