3.005813
3.000928
3.000928
3.000928
93.004218
2.069152
2.023104
23.002440
2.045185
2.048705
12.002500
2.082163
8.010001
2.044896
2.078481
6.002620
2.034451
6.002580
2.081211
2.067700
2.073857
2.091084
7.002220
2.029889
6.002660
2.079437
8.012451
6.022776
2.074827
8.033349
2.055581
2.016994
7.000928
2.028057
1.038353
2.024687
11.009169
5.041146
2.077691
2.076491
2.016717
2.078142
21.002440
2.073899
11.002440
2.064315
16.004278
2.022068
7.061574
2.035138
2.088382
7.000928
2.092166
10.016235
2.037696
2.011019
2.037569
7.042387
2.058984
2.039794
12.005650
2.021902
13.010161
7.002540
2.054742
10.027546
6.010261
2.101308
11.043784
2.034193
2.066134
6.036154
2.082898
2.043964
2.037850
9.008129
6.024189
2.087019
6.000928
2.036630
3.009189
2.034079
2.048540
11.008189
2.045522
7.010287
2.105662
2.078621
2.028339
2.081319
11.034441
2.085813
11.000928
2.019506
11.002500
2.088456
16.000928
2.053609
11.027432
15.042336
2.062732
2.085158
2.025528
2.084509
7.027591
2.067989
2.071319
2.067920
2.025978
6.000928
2.039652
6.000928
2.092913
11.000928
2.084612
21.000928
2.019138
12.011259
2.053571
2.073426
2.017562
2.062348
7.011173
2.030235
2.040232
17.000928
2.033528
6.008089
9.000928
2.051989
20.016980
2.012317
7.002660
2.037724
7.021896
2.031870
2.075553
2.037085
2.080562
2.012839
2.103608
2.024766
12.002340
2.056255
2.035232
2.033541
2.078917
7.000928
2.051737
11.006596
2.083609
11.003348
2.080218
2.069791
2.046410
2.066029
7.002780
2.086222
2.010041
2.069971
2.076046
7.002280
2.051659
2.028557
2.051843
2.037432
2.045130
2.026039
20.008575
2.045440
2.032770
2.027185
6.012145
2.027745
16.003958
2.020590
21.000928
2.014875
15.010227
2.080811
2.030412
2.077830
6.024620
2.080658
6.004038
2.084635
2.011539
