2.051872
2.023349
7.035324
42.046858
9.010831
2.020496
16.011226
2.070788
11.033808
4.013709
3.012205
10.010593
2.088671
13.003912
5.021978
6.024890
2.061358
2.021144
5.022898
9.009681
15.011293
4.011473
11.017440
2.012763
8.007117
2.041329
2.022397
6.026301
2.010494
6.043598
2.044781
8.006597
2.017766
2.023771
3.000928
2.027757
4.031577
2.025761
6.003718
2.015604
2.009069
5.009841
2.053615
2.012412
2.021036
2.048931
5.013989
2.017188
2.032068
2.023790
13.008867
2.032167
3.013749
2.066205
6.009341
4.012351
2.013851
6.028283
2.042643
2.043582
2.079361
2.023405
2.099758
4.027797
2.025974
6.016335
12.012645
4.012505
6.041258
2.058693
6.015856
2.048055
6.034527
11.034136
2.108443
4.039625
2.068802
2.036478
10.017735
2.082138
2.033449
11.030100
2.024358
8.021275
2.048811
2.051128
6.018766
2.087344
6.029995
16.023841
2.081038
2.042338
2.003953
2.068774
8.009481
2.018588
5.023814
7.019306
4.019894
2.040265
6.023616
6.006597
7.012819
2.038169
6.008955
2.032921
6.011817
2.085625
2.018554
2.045051
3.012805
2.021545
2.047362
5.015769
2.053607
3.003632
2.055028
2.028439
1.034691
7.015010
2.036007
3.023940
2.067394
2.021992
2.069410
10.018986
7.023650
6.028253
9.017162
2.009875
6.019478
2.043331
8.014429
7.005490
2.076053
2.024188
20.010313
2.058195
2.019598
16.006755
4.009155
2.026019
11.022456
19.029326
13.007083
5.006609
2.025930
2.024555
8.009567
2.023909
6.027999
2.042411
2.014189
2.032895
10.017860
3.009921
3.000928
8.006437
5.011013
2.037381
13.007649
2.045857
17.017066
3.032184
2.020991
6.017184
2.019886
2.046407
2.024751
5.036839
10.032641
5.043133
5.010873
2.022636
2.071139
1.026409
6.023116
3.013205
2.057161
2.021585
11.028365
6.054155
2.116639
2.025608
2.013046
10.018472
8.015021
2.057437
7.016255
2.035763
2.051863
2.020320
10.012985
2.087929
4.005411
2.035170
6.016607
2.055556
2.023846
9.019253
