3.015780
15.018814
4.016946
32.036433
2.043144
11.028295
2.056185
3.014364
4.006937
14.008209
2.022049
5.028839
2.067816
8.008641
2.027511
6.022752
3.063894
2.046073
2.060009
2.024607
2.034246
13.017974
6.023989
20.029950
2.015596
5.032455
12.004985
12.037175
2.070988
3.009161
3.027651
2.059805
2.053883
3.045915
2.064188
8.009469
5.024512
9.015261
2.065013
12.011846
7.006537
13.020438
2.039875
2.044898
5.009753
2.063339
21.013333
2.049673
16.048225
8.005345
10.016074
2.070720
3.016354
5.008469
3.015056
8.022871
20.009161
2.048145
2.065520
12.008149
8.028418
7.021670
6.039631
2.037896
3.034846
2.051037
3.004343
10.012719
24.006842
12.008529
8.039357
14.023096
2.042385
2.068085
3.011966
2.041691
2.044402
20.008528
2.015544
10.016820
6.009827
2.018328
9.009781
3.023405
2.051221
2.026291
6.016240
2.075854
9.009469
8.026810
2.054831
2.033653
21.023186
2.085570
4.008189
16.027211
7.007797
7.003712
2.021914
5.032293
19.039445
2.037704
13.000928
2.106222
2.085374
6.035657
5.028075
2.061072
17.008309
3.039001
2.019978
15.031231
6.005490
2.048348
2.060298
6.007903
2.045335
4.009049
21.007188
2.058274
12.008649
2.042349
15.027872
9.007935
9.030876
2.034245
4.008629
6.015261
2.035568
7.003812
8.031047
2.079526
3.008729
17.011293
13.007849
12.033175
9.030115
2.057088
2.072415
6.030147
2.032813
4.008229
9.017021
9.027341
10.002846
4.009529
6.022918
2.073178
4.008569
11.010999
2.062360
2.024272
12.029248
2.068106
6.033648
2.086476
4.008689
