7.002220
4.009899
4.025230
4.006823
4.006625
4.009239
4.021344
4.005730
4.007363
4.005290
4.029829
4.009887
4.009813
4.021184
4.027646
4.018072
4.013263
4.013697
4.006583
4.025326
4.023259
4.008581
4.008915
4.005850
3.000928
20.010247
4.008421
4.012597
4.011665
4.010187
4.009387
4.025579
4.009333
4.008455
4.022262
4.005470
4.035476
4.023374
4.034383
4.019518
4.010193
4.006030
4.008195
4.025166
4.008488
4.017430
4.010573
4.008155
4.006110
4.003678
4.006982
4.032430
4.026995
4.018531
4.018560
4.007243
4.014103
4.013217
4.018784
4.023958
4.018129
4.005210
4.014283
4.008007
6.017428
12.005610
4.005431
4.010713
4.024460
4.009706
4.008273
4.005556
4.027476
4.028579
4.018457
4.013497
4.031656
4.028198
4.011285
4.009195
4.046900
4.007915
4.022322
4.006971
4.025916
4.031348
4.009235
4.009007
4.015813
4.022540
4.020212
4.016764
4.020616
4.016561
4.010187
4.042275
4.012666
4.002220
4.008515
4.038164
4.031131
4.010567
4.007223
4.008893
4.010073
4.017845
4.038956
4.012777
4.036751
4.031933
4.043200
4.010787
4.010100
4.016636
9.005310
4.023996
4.022120
4.007748
4.012973
4.023862
4.010195
4.018480
4.013609
4.003878
4.013703
4.019592
4.005310
4.016319
4.016413
4.008207
4.006783
4.038666
4.015043
4.018980
4.038547
4.031820
4.010547
4.033260
4.039557
4.011604
6.005501
7.015943
4.008387
4.006743
4.002220
4.007728
4.020804
4.033629
4.012011
4.009573
4.010007
4.034107
4.029771
4.009039
4.023245
4.006429
4.023484
4.005670
4.011199
4.013611
4.007843
4.045948
4.013019
4.032259
4.042818
8.009547
4.002220
8.020332
9.007889
4.003892
3.009061
7.014231
4.009248
4.006863
4.006769
4.010213
4.023708
4.013783
4.005430
4.020463
4.017374
4.039462
4.006943
4.005431
4.039693
4.008601
4.051774
4.009709
4.007263
4.011299
4.010113
4.006883
4.024766
4.002220
4.016634
4.035719
4.036704
4.017991
4.012457
4.009101
4.012525
4.006609
4.007369
4.017488
4.008387
4.012613
4.025482
4.007743
4.007908
4.006723
4.024383
4.002220
4.008061
4.019558
4.002220
4.038367
4.007983
4.019390
4.010100
4.014253
4.002220
4.031994
4.039226
4.005490
4.029642
