8.004422
8.051558
4.010745
4.018620
9.024215
9.014896
9.030635
4.019018
14.006962
4.006823
14.006743
4.021224
5.004203
8.022628
4.017094
4.026718
4.029073
4.037619
4.023746
4.038576
4.019204
4.026525
4.025439
4.026825
4.013784
4.006863
4.037830
4.011251
4.031087
4.038642
4.031548
4.024907
4.046446
4.011959
4.041983
4.042436
4.020664
4.028423
9.019192
10.010199
3.009679
4.053780
4.008173
4.050345
4.032521
24.023468
9.017008
4.050728
4.040750
4.031812
4.024714
4.034521
15.023003
8.047416
4.009457
4.028393
5.004302
3.016626
4.032843
4.003578
5.009581
8.014967
4.022648
4.020962
4.023048
10.009961
3.011285
4.016734
4.024235
4.033414
4.048078
5.009061
3.026232
9.014613
4.041865
4.007657
4.041672
4.041383
4.023764
4.021784
4.046719
9.015601
9.017620
4.026954
14.026678
4.053758
19.046435
9.035567
4.035571
4.011139
4.027361
4.038878
9.014463
4.010481
9.037267
4.022996
10.003572
13.006343
4.029437
4.016374
9.029749
4.052875
4.020930
4.053130
9.033615
4.009853
9.026447
4.023244
4.036077
4.010359
4.027545
4.008321
4.031796
5.004442
3.061922
4.042751
4.021796
4.047128
4.012187
4.026602
4.014003
4.035752
4.020604
4.014935
4.015216
4.012577
4.032428
4.017946
4.018472
4.033405
4.021130
4.059471
4.012357
4.037817
4.032271
4.015424
5.004302
3.020885
4.023074
4.022224
4.023655
4.033885
4.017640
4.034097
4.055629
4.013955
4.032681
4.035875
4.034099
4.020790
4.008061
4.039454
4.026319
16.004163
2.056918
4.017066
4.029557
4.020468
4.065576
4.039477
4.003878
4.025627
4.025173
4.017739
4.040060
4.042947
4.037768
4.035312
4.035291
4.007821
4.038231
4.063047
4.030195
4.049724
4.017994
4.029277
4.028685
4.024769
4.013643
4.023771
4.039994
9.017092
4.034255
4.041833
4.006709
9.036002
4.028902
9.023908
4.007935
4.022210
4.009787
4.011211
