4.012921
8.009041
3.044862
4.027942
4.015141
4.012817
4.011311
4.014364
4.013623
4.011811
4.017373
4.016595
4.012771
4.021603
4.024270
4.015375
4.035654
4.009473
4.031171
4.019591
4.017806
4.027178
4.036703
4.016951
13.009121
22.013918
3.019932
3.045258
4.034658
4.022228
4.021156
4.006483
4.017640
4.011539
4.020810
4.023208
4.012697
4.023372
4.020345
4.008415
4.016887
4.042985
4.036384
4.012357
4.014395
4.017254
4.021190
4.036956
4.028770
4.020938
4.010939
4.009113
4.021265
4.027937
4.022872
4.009299
4.016728
4.023314
4.017919
4.015867
4.033560
4.019412
4.012157
4.031921
4.007803
4.016527
4.022488
4.025699
4.012603
4.015289
4.007823
4.025071
4.020736
4.021215
4.018786
4.008195
4.038163
4.027697
4.019464
4.009733
4.029517
4.037495
4.030703
4.026574
4.009667
4.037291
4.008795
4.029631
4.022834
4.015307
4.023102
4.023042
4.005350
4.014481
4.006703
4.014904
4.016968
4.023778
4.027626
4.015015
4.009327
4.004018
4.025640
4.024826
4.010625
4.006883
4.025907
4.015227
4.015176
4.007083
4.017986
4.021164
4.010899
4.006963
4.011079
4.013811
4.020560
4.020078
4.023031
4.034557
4.026477
4.014589
4.028191
4.025486
4.014934
4.020781
4.010739
4.015367
4.009991
4.021416
4.019636
4.021228
4.039529
4.034218
4.015495
4.014655
4.019858
4.033333
4.019486
4.017738
4.017367
4.026558
4.009273
4.011365
4.040618
4.018960
4.025549
4.015061
4.026719
4.019364
4.023144
4.017987
4.022856
4.030154
4.012251
4.012571
4.033568
4.022922
4.018305
4.016427
4.028986
4.031038
4.015573
4.017468
4.012837
4.010991
4.026170
4.014941
4.031253
4.028632
4.015813
4.023420
4.027877
4.029968
4.017631
4.009487
4.042238
4.006863
4.022588
4.018160
4.009859
4.011605
4.037717
4.023574
4.021902
4.011587
4.035519
4.008821
4.034457
4.010953
4.013903
4.033706
4.015407
4.022608
4.010233
4.028200
4.010999
4.042909
4.024134
4.020318
4.013123
4.022043
4.016921
4.018339
4.016221
4.019592
4.018035
4.037940
4.017940
4.023138
4.039580
4.032885
4.025660
4.033719
4.020655
4.031431
4.023814
4.016620
4.019992
4.014399
4.017927
4.023896
4.015401
4.015693
4.020704
4.031727
4.013389
4.012219
4.018086
4.023668
