3.001702
4.017262
3.040545
3.006697
25.023970
4.016329
4.010187
4.009580
4.014323
3.003612
3.005385
12.004118
3.019880
3.003652
6.007477
9.019720
3.020292
4.012177
4.005670
4.010471
11.010881
7.016056
3.006937
17.008735
7.011371
4.005750
4.008740
4.024195
3.006637
9.008015
3.007177
8.018426
2.032293
4.024242
4.008375
4.018146
4.013191
5.008981
3.003878
3.006817
18.019942
7.002280
3.011499
4.006580
4.022764
3.006937
21.006577
10.033129
5.007657
8.011565
2.097390
4.017633
4.015283
4.021616
3.011543
3.003380
8.014976
13.010345
5.007363
4.014455
2.074019
4.012511
4.035556
4.018566
4.020397
3.006677
8.009667
2.058547
3.009693
3.006617
2.007261
9.009867
2.032772
4.012145
3.006937
23.011270
13.009967
2.023845
3.005605
8.007217
27.000928
3.013231
3.005625
7.003972
18.007317
4.010607
5.012711
7.011691
4.014125
4.017101
3.004018
9.009787
5.012643
4.027553
4.007123
4.031330
3.006417
2.006997
2.079294
4.014324
3.006577
2.010167
7.027780
4.012098
3.007017
2.011439
7.012177
3.007077
7.006217
2.070560
3.006657
8.003932
19.008755
3.013231
7.018659
4.005636
4.014783
4.018865
4.005542
4.040959
3.006557
13.005991
3.006823
7.005090
4.016448
4.011159
4.026639
4.038940
4.017032
3.007669
2.017737
4.014692
4.017135
7.009200
4.012043
3.006357
3.007057
3.011379
7.015382
4.010387
4.019770
3.006717
7.006743
3.005105
3.007009
4.009972
3.007037
11.016362
3.035417
3.007057
6.017814
3.030293
4.018720
3.002220
2.007343
2.039994
10.017232
3.010127
4.020472
4.009787
4.018540
4.013435
4.013077
4.036287
4.003778
3.006677
3.009881
6.033561
4.006917
4.006563
3.007057
6.009747
3.013143
4.021930
4.003704
4.018702
4.010373
4.012885
4.007323
4.007263
3.005245
3.008235
3.006923
7.014736
4.006783
4.016823
4.006963
3.006277
6.008569
7.012731
11.016602
