3.023072
8.016941
3.002540
20.019737
3.002720
11.000928
3.035884
3.005405
7.005265
3.002540
3.021677
14.038102
25.004643
3.030491
3.015022
13.008075
13.007103
5.003772
13.003972
3.015077
3.022883
3.013623
6.012385
3.022203
3.006808
8.003672
4.003852
8.005450
7.011699
3.006397
10.018142
4.004038
4.010452
3.006969
3.011459
3.006562
3.011319
3.017505
3.006469
14.003972
3.007137
8.005350
4.003812
7.012931
3.012145
3.010087
8.002746
3.004990
3.019752
4.014323
3.008515
3.018074
3.008075
7.026499
5.007591
3.018622
3.005330
13.011819
3.009601
5.003612
7.012873
3.020040
4.006669
3.012457
3.006617
3.009387
4.006777
3.012971
3.016382
3.006949
7.010733
3.010007
3.018726
3.009613
13.003812
12.000928
3.014412
3.025861
3.006309
12.004618
4.002706
3.014163
4.003972
3.033675
3.008095
3.011359
7.013877
3.011857
3.005305
3.007023
9.003892
3.003532
7.005410
3.009679
7.000928
3.009088
3.028204
3.012849
8.030968
4.004132
8.004458
7.048646
3.008286
6.008375
3.017908
3.005825
13.009913
3.005776
3.012706
3.025446
3.011899
8.007388
7.010893
3.020344
3.007914
8.007291
3.012371
7.022592
3.008695
3.014705
21.053154
3.009881
3.008520
22.005405
3.015569
3.006829
3.003692
8.012217
3.007828
3.018918
3.005790
15.019281
7.016619
14.014251
31.026616
3.013831
4.003712
3.014739
12.012245
3.019025
3.006903
3.016099
3.011013
7.041500
3.004158
18.014893
9.000928
12.020192
3.032487
3.004965
11.006451
3.026744
3.007183
3.009181
3.012799
4.000928
3.011253
3.033752
3.015256
13.005225
8.005330
3.006957
3.016734
3.011293
4.003912
9.004112
8.005001
23.000928
3.007203
4.004012
3.021464
3.007382
6.015447
3.025617
3.011345
