5.000928
5.000928
17.000928
9.000928
5.000928
4.000928
14.000928
4.000928
19.000928
5.000928
5.007043
9.005210
5.000928
9.000928
3.018549
9.019204
5.000928
18.010633
9.017229
9.006090
5.000928
8.011771
9.005316
5.000928
9.000928
13.010487
9.005490
5.000928
5.000928
9.000928
5.000928
9.000928
19.000928
28.000928
14.000928
5.000928
9.000928
9.000928
9.000928
8.000928
5.000928
5.000928
13.000928
9.000928
24.000928
28.007350
5.000928
9.000928
19.000928
9.000928
19.000928
9.000928
4.000928
5.000928
4.000928
8.000928
16.021227
5.014188
5.000928
14.000928
29.000928
5.000928
5.000928
20.005916
9.007882
9.006010
9.007448
9.014939
12.000928
4.000928
41.012751
5.000928
5.000928
5.000928
4.000928
14.000928
5.000928
10.009587
5.000928
5.000928
9.000928
5.000928
4.000928
29.000928
4.000928
9.000928
4.000928
34.000928
10.008070
5.005836
5.000928
5.000928
5.000928
13.000928
5.000928
19.000928
18.000928
9.000928
9.000928
5.000928
4.000928
4.000928
9.000928
5.000928
5.005691
9.020593
5.000928
8.010033
9.016269
9.007683
9.017583
