4.001682
4.000928
4.000928
4.000928
4.000928
4.000928
4.000928
4.000928
4.000928
4.000928
42.005171
4.006568
4.003918
4.005270
3.005024
3.000928
6.010499
3.007785
6.009667
3.020338
3.005491
2.008469
7.029865
3.005876
8.000928
3.011113
12.018706
3.012466
3.000928
3.000928
3.010633
3.006629
3.005510
3.000928
4.000928
4.000928
4.000928
6.012151
3.005144
12.005170
2.045654
3.008528
2.005545
3.011673
3.013472
3.013146
10.033989
7.024621
12.015496
3.015043
3.005270
3.024299
3.007077
3.004072
3.006923
3.009387
12.000928
3.011393
3.018549
3.011273
11.008669
12.015453
8.055653
4.066653
4.048204
4.008195
19.000928
7.008769
3.011633
3.011013
8.008195
13.025481
10.029794
9.060364
10.002340
13.000928
6.006883
3.011593
13.000928
3.012984
3.011873
3.013763
3.004738
2.007177
3.011793
3.011899
3.008329
7.000928
7.020378
3.010221
12.012826
12.012215
3.006937
3.025648
4.011225
12.024414
21.071206
14.000928
12.000928
3.025626
3.013046
3.056095
4.026639
16.014171
11.011253
3.007117
3.010227
3.010733
8.003592
7.016556
3.014987
3.011413
3.012511
6.016403
3.011344
3.009661
6.034492
7.000928
6.021819
3.008114
2.021677
5.000928
3.011253
3.011173
3.008195
3.010706
2.038282
21.006857
13.000928
3.000928
3.002500
3.010825
3.005531
3.011479
9.008555
4.000928
4.000928
7.006997
3.021284
3.013717
8.000928
2.012905
3.022788
3.011804
3.068304
4.000928
21.018122
3.003978
2.010059
3.009361
3.010241
3.007408
13.000928
3.005450
3.006717
3.013037
3.011413
8.003692
3.012233
3.011733
3.020764
3.013763
2.038992
13.009029
3.017073
3.008309
13.000928
2.002480
3.012165
3.004398
7.009647
3.007909
3.015488
3.009606
8.000928
6.033296
3.005411
3.037192
4.071028
4.058354
9.009761
