2.060365
4.020236
6.049974
93.004303
2.056722
25.005631
2.072094
3.019806
17.011291
7.012377
11.021968
11.023583
6.006757
9.013417
5.019665
9.022828
9.026272
6.031793
93.004483
2.031656
4.016127
15.024692
8.014201
6.004113
7.027464
9.018119
7.016642
23.015921
7.015287
2.045445
3.040566
19.022902
7.017387
2.044131
9.008069
6.053601
4.014936
2.029983
8.006417
7.023348
2.033175
6.017060
2.041034
6.026773
4.017915
4.057405
4.028657
9.008721
2.042399
16.038910
9.015082
4.020170
11.014303
82.020819
4.013989
9.046973
4.040807
2.075205
6.030031
4.009567
4.014489
4.046874
4.016568
2.086953
4.026862
6.030469
6.017840
2.041497
14.023378
12.005225
16.009907
9.028735
6.007703
7.035122
4.009593
9.013930
4.025470
11.009121
2.025998
4.045091
4.027064
14.022849
4.002220
4.037079
9.012158
4.033615
4.020805
10.004583
3.023334
9.016140
4.013723
4.021830
4.023048
9.005230
2.054373
6.037479
4.012543
3.020158
2.005284
2.073289
4.011319
2.065654
24.007929
3.054521
7.010219
19.013205
16.026607
7.026270
2.016720
16.024743
2.047030
3.047823
9.028731
22.018252
2.092296
6.030789
4.025318
4.026153
4.030658
