2.093190
7.020876
8.010813
22.021383
65.004262
8.038938
4.034517
9.016707
2.064246
16.008354
2.084348
8.018386
2.112305
7.006557
7.012705
3.025226
2.039960
6.007714
14.037891
14.035685
5.004622
8.023934
9.015549
4.034037
7.038586
6.026327
9.021364
2.049717
6.019132
2.053267
6.010805
2.070783
6.022096
11.018013
6.006637
5.013955
4.034559
6.019172
7.038573
4.029743
9.011041
6.020502
7.017997
4.033347
2.079475
6.018299
9.027445
9.046697
2.043936
8.007057
15.014823
21.016734
10.004362
2.092817
12.007629
2.116264
4.016985
9.012197
2.070862
9.020106
6.016794
2.043102
4.027373
6.029308
6.020689
7.030462
4.040504
4.025292
2.023282
5.007157
7.031316
7.016535
9.072175
2.069534
7.041306
10.049188
5.006683
6.005496
2.069609
16.033067
2.070183
3.021458
2.109115
2.035744
13.025780
9.045963
9.023888
3.028909
14.007180
2.070002
8.003572
6.018077
14.044817
2.087836
7.039498
8.012943
4.010833
4.008360
2.050267
6.017053
9.008701
4.006109
2.093401
6.012672
6.014910
7.043895
2.083239
7.010800
3.037851
4.040533
4.020698
2.061448
6.006089
4.042411
9.030995
4.009433
7.007137
4.007177
2.014777
6.012751
6.015576
4.026642
14.009579
2.091303
6.011331
2.096902
3.058472
10.009461
16.018171
2.086891
9.013025
6.016325
4.032520
9.040862
9.033507
3.012845
5.019475
2.042716
6.014615
5.005515
8.032722
2.040654
6.006603
2.073308
3.027664
2.097993
9.028291
14.015531
9.007208
4.012735
6.019026
17.008134
2.018065
