2.029967
2.022436
6.017193
2.040212
2.019804
3.005870
2.058766
6.009953
4.003818
2.044823
3.006696
2.041140
2.030689
2.017082
2.026227
2.009287
2.071385
2.038762
2.044670
2.035479
5.005616
2.032794
3.006976
2.058550
2.033720
11.008167
2.052718
3.020506
2.040161
4.006942
2.083663
3.009209
15.008249
18.014543
2.065459
2.041358
7.000928
2.035990
3.007117
3.040219
5.006677
3.008609
12.027586
4.008038
4.008614
2.038382
2.024827
3.009873
2.073272
3.000928
2.063866
2.055602
2.025575
2.069161
3.008077
6.022196
2.039096
6.031157
4.024032
2.029189
2.006797
2.085817
5.023862
7.006937
8.011553
7.032387
2.043145
3.005125
2.042849
2.023169
3.008249
2.131037
2.075991
6.045253
2.036510
3.009501
2.054041
2.032048
7.000928
2.024787
7.000928
2.057767
2.040767
3.006867
2.044279
2.045706
6.008274
2.080933
2.035689
2.039695
2.006797
5.006257
8.030609
2.029465
2.043391
3.006896
2.045910
2.075566
6.009613
4.025618
4.024426
2.049578
3.006857
2.079975
4.016893
2.024223
3.006776
2.027232
2.044432
2.042465
3.007915
2.020446
2.072763
3.009819
2.021702
3.006957
2.061790
2.032432
6.014103
2.036670
2.000928
2.050212
6.021595
2.038981
3.007422
16.050501
2.054468
2.022578
2.043011
12.024102
4.011985
2.045697
2.034627
2.028883
2.028625
8.004398
11.057913
2.052546
3.006237
2.040740
2.043798
6.013575
4.022256
2.021616
2.037297
2.042013
8.009321
4.006956
6.005210
2.033793
3.007096
2.053276
2.043898
2.047490
2.043442
18.000928
2.043418
2.040096
15.039929
2.045355
2.041517
2.022033
17.054351
15.006997
5.006416
3.000928
5.006836
5.009787
6.041605
9.005485
2.047377
2.033453
6.015283
2.035420
2.028823
2.036130
6.012045
2.019092
3.021454
11.025024
6.045051
9.032899
4.019212
7.029711
2.019340
6.022787
4.007322
2.027991
2.025613
2.027539
3.005645
8.008175
5.006997
13.000928
2.051307
4.027952
2.048442
3.042652
10.012973
13.014769
2.074931
3.000928
6.020432
2.024947
7.006777
4.008069
2.118069
4.011603
2.026719
6.034387
2.058476
2.021891
2.030928
10.007083
2.045143
6.042572
2.031747
6.009693
2.046644
11.023875
2.035246
2.021753
2.055460
12.024734
2.044931
2.032561
7.004527
2.047940
10.029622
2.042185
2.042233
2.058201
8.000928
6.049809
2.032559
2.041586
