108.004642
3.059249
4.041033
4.020438
14.014309
4.042356
4.005562
4.042146
4.020956
4.016581
4.041492
4.051015
4.035465
4.031081
9.033429
4.014063
4.029888
4.016767
4.005190
4.029794
4.011079
4.030209
5.004422
3.043723
4.037393
4.019072
9.004905
4.030044
4.020544
9.028485
4.032874
4.024174
4.015209
4.020618
4.005056
4.034601
4.028376
4.030775
4.027879
4.039402
4.055135
4.029745
4.017453
4.007148
4.043444
5.004542
8.013969
9.040667
4.021133
4.027465
4.040328
4.045667
4.050895
4.011385
4.031451
4.036472
4.012951
4.026464
4.039293
4.032301
4.026932
4.019722
4.041164
4.006963
4.023514
4.038774
4.015235
4.051687
5.004582
3.078214
4.031829
9.031120
19.047974
4.015403
4.008207
4.014942
4.005490
4.022536
4.041897
4.022542
4.037012
4.022808
4.011551
4.009619
4.020572
4.009567
4.011045
4.008555
4.022654
5.004522
3.059109
4.030236
4.044345
4.027874
4.010985
4.009607
4.016645
4.046910
4.024748
4.023709
4.017867
4.011645
4.029223
4.006502
4.055764
4.040560
4.029413
4.005597
4.032975
4.010959
4.026705
4.041807
4.039526
4.027594
5.010081
8.019141
4.050556
4.037523
4.015091
4.045050
4.028703
4.043011
4.014375
4.020610
4.027685
4.006948
4.020744
4.037278
4.043569
4.031181
4.008615
4.046115
4.031869
4.024140
4.033135
4.040900
4.016486
10.004562
8.042637
4.019858
4.010128
4.003818
4.034940
4.014337
4.025392
4.022388
4.025628
4.055993
4.009653
4.016591
4.034336
4.041447
4.005616
4.033730
4.009581
4.023880
4.013283
4.025353
4.018805
4.019152
4.019484
5.004322
8.031456
4.042830
9.011399
4.009607
4.027857
4.003718
4.020317
4.017919
4.029387
9.028048
4.042963
4.038553
4.028374
4.024652
4.024660
4.027499
4.045421
4.054144
4.038252
4.029469
4.021968
4.019408
4.015276
4.032327
4.018110
4.023882
4.009533
4.004936
4.050524
4.013969
4.044444
4.024280
9.028191
4.013897
4.047990
