4.002042
105.000928
3.000928
3.000928
3.007222
3.012210
15.008828
3.000928
35.046595
3.000928
6.000928
3.051480
3.000928
21.000928
3.007502
14.007242
3.000928
3.000928
6.005616
15.000928
3.004018
3.000928
13.003572
7.000928
8.009527
9.006010
3.000928
10.007608
3.000928
3.000928
7.000928
3.006116
5.000928
3.007961
3.053089
3.000928
3.003872
2.049190
3.000928
8.000928
16.042651
3.000928
15.005970
9.005490
3.000928
4.000928
12.000928
3.000928
3.011885
3.000928
7.023488
8.000928
8.007362
3.000928
7.007754
3.000928
3.007422
3.000928
15.008581
3.000928
11.000928
3.014324
3.000928
36.000928
3.050990
24.018433
3.000928
3.000928
3.003992
3.000928
9.000928
8.052641
3.000928
20.005490
3.000928
3.000928
3.000928
7.009166
3.000928
8.000928
18.000928
7.005950
3.000928
11.000928
3.008500
3.000928
10.019770
19.007828
3.000928
8.000928
27.000928
3.004678
18.000928
6.000928
13.033330
3.000928
8.000928
16.017050
3.000928
8.000928
3.000928
3.000928
8.007662
3.000928
10.029187
3.000928
11.016351
9.000928
3.056928
3.000928
11.000928
3.073600
3.000928
7.003752
3.000928
3.004018
3.000928
2.000928
7.005830
3.000928
10.027978
3.000928
22.000928
7.010513
5.000928
9.000928
3.009246
7.000928
11.006942
3.000928
25.007622
3.000928
