8.000928
3.009393
2.023196
7.012071
2.025093
10.019171
3.006296
12.018520
6.014323
12.007137
2.031399
2.020679
8.003532
2.037415
3.000928
5.021756
3.000928
9.012405
10.049353
16.005962
2.057666
3.000928
10.040959
2.072248
12.000928
4.000928
2.040444
11.014950
12.015329
6.018400
3.015715
3.000928
8.007929
11.034521
15.023700
13.013013
2.015449
3.009481
2.026371
2.042650
2.019152
3.042177
2.064042
3.011299
12.012977
3.009941
5.029514
9.015607
7.009481
3.000928
3.009261
2.069311
2.012491
9.025604
2.040849
2.025141
3.000928
7.031381
9.032285
14.033849
7.000928
2.039430
2.035104
5.022422
9.015613
2.056416
6.020389
2.015270
6.032268
2.006937
2.033013
3.024466
2.055379
3.009601
2.048502
4.040313
2.032654
20.006957
5.020063
12.010753
4.020178
4.011733
21.016047
3.024720
10.016599
16.028902
4.009781
13.004662
8.021200
3.022710
5.024978
3.027608
5.033999
3.010141
7.006563
2.057046
2.021788
6.034313
3.000928
17.027850
12.036993
29.041339
3.000928
11.014141
3.008960
3.012310
12.017580
14.010833
28.008967
2.029852
12.000928
12.036666
2.031481
2.038962
2.045542
10.032401
7.009801
12.007048
2.015922
5.028330
10.015950
8.036263
14.019738
3.000928
10.008847
9.028110
3.009521
2.029716
2.070540
2.014810
3.010753
2.057679
3.009921
2.021370
17.019146
3.000928
10.019878
2.034916
6.036497
3.000928
10.028615
6.046891
12.033919
5.013489
3.008494
3.000928
5.025612
13.026464
7.011113
4.037842
7.015275
3.005345
10.011039
6.047798
2.030137
3.000928
3.013825
4.014037
5.008309
5.019236
14.027396
3.048302
