7.030385
3.035309
13.029311
6.008646
4.016328
3.031643
3.020864
18.012831
3.014765
3.033446
3.012271
5.006362
3.050401
5.009513
3.045236
15.023542
3.038242
11.011619
3.065133
3.026333
5.011199
4.006703
3.027951
50.008561
3.043956
5.027745
3.031621
10.012571
3.017764
5.011911
3.021736
5.025393
3.023877
5.019384
3.016182
5.015375
3.035565
12.032740
3.040600
3.039402
3.020758
5.019420
3.020712
5.018520
3.023328
15.011345
3.019666
4.021424
22.032297
3.018208
3.025641
3.022711
5.005470
8.034666
21.003592
3.026713
4.032654
4.014023
4.024842
3.046202
9.040017
3.021144
11.036291
3.042795
12.029510
4.009361
7.031526
3.029437
20.032675
4.007202
3.032887
5.009827
4.011125
3.036157
3.012705
3.024580
7.011265
3.036458
3.013943
7.009701
3.068073
3.018214
4.037151
20.015475
3.020010
2.037752
7.010319
3.020330
3.008009
22.005875
3.027185
3.038190
10.018266
3.037624
2.021770
7.032030
3.040440
28.040802
3.026334
7.015966
4.016637
3.033238
25.003718
4.033180
3.017514
5.014269
4.029180
3.031555
5.014030
3.017934
5.032587
3.010973
2.008229
3.015109
3.037850
3.011766
3.011093
6.011017
3.020059
4.009541
20.013930
4.008155
3.019937
7.016827
4.000928
3.000928
3.021105
3.035645
10.008706
3.036943
10.023237
3.027405
21.021318
3.020885
4.014110
3.018654
3.024992
6.019486
3.038584
3.011114
4.021376
6.005516
3.021706
4.009667
3.031149
16.015476
4.016288
3.047380
10.021510
3.023748
10.018026
4.028245
3.033665
10.022995
3.037337
5.022310
4.019992
3.013504
5.019230
4.024870
3.032098
10.027976
3.023457
47.020237
