8.010181
38.017941
32.005184
26.010399
19.033877
5.031189
8.029228
9.035382
14.015336
14.018366
11.009401
2.070774
9.013843
14.010945
6.003952
7.019732
4.030656
9.031432
5.006924
5.022202
12.015235
6.005544
4.018751
2.055296
4.031727
12.003612
6.029363
4.029923
4.033713
19.020924
9.014529
9.011965
4.013856
4.008194
4.025253
9.036355
5.019470
8.032647
4.021430
9.035671
14.015341
4.019518
4.016953
9.022582
4.010251
4.038204
4.022582
4.021956
9.020564
9.011313
4.041073
5.013241
8.014947
9.015017
4.014049
6.032712
17.009499
4.021842
4.017700
4.013747
4.026633
9.035547
14.041772
9.008735
9.013651
10.021284
8.020152
4.026564
9.034145
9.032042
4.026006
9.020370
10.021463
3.028791
5.013846
16.003692
4.004083
9.003972
6.031405
4.031381
14.040277
9.019818
4.012531
31.007374
2.111783
24.045423
4.007557
4.018837
4.025299
9.025866
10.011361
8.033989
4.028025
4.012737
4.031866
4.013724
24.020770
30.000928
8.030097
4.006808
4.028410
14.041319
4.015167
22.017807
6.008354
4.032803
14.018338
10.004112
3.019312
9.007108
4.023568
14.025780
14.005031
11.006099
2.052548
9.012511
4.015973
4.032100
4.011625
4.026113
26.025306
