17.007142
4.009692
3.006677
12.003992
3.006877
3.011985
3.006677
13.005525
4.006677
6.009653
3.006297
4.020628
11.003732
6.011719
6.009053
4.016545
3.006617
4.003932
10.048720
3.005265
4.006397
3.037917
4.006817
6.014283
6.025676
15.007117
3.005565
4.070036
3.006517
4.003852
4.006377
3.018392
9.022834
10.011781
3.038312
3.007237
15.026281
9.014701
3.006697
13.006497
7.006737
3.017947
3.006243
5.050873
4.021716
3.007137
3.006577
4.006817
4.006837
3.024479
4.040064
7.032377
4.033940
3.009421
21.003692
3.014351
9.025396
3.004012
10.008075
9.031597
3.006597
2.008129
7.050672
9.040890
9.040802
3.007789
8.006617
2.012265
3.050692
4.027879
3.005105
1.043294
3.032170
3.009099
8.006617
4.006677
12.013380
11.005884
11.006350
4.028651
5.006517
3.056989
3.005465
15.006623
9.024451
3.006797
2.012197
7.049865
3.007017
2.026627
8.039954
11.050090
6.012431
9.018786
3.007697
9.003592
8.003933
16.024300
14.029657
9.038037
3.003612
17.003532
17.013293
6.022204
3.006957
7.039600
3.012109
2.021557
2.096860
6.006917
2.061329
5.006617
8.044162
4.032579
4.010047
3.005205
25.057112
5.002480
8.040080
6.035385
8.003672
3.011031
3.008129
12.007177
3.006637
3.008521
3.006337
10.026900
3.005165
4.006257
2.039796
3.006557
8.008335
3.005225
3.006517
3.007077
3.014038
3.026057
3.006597
3.006897
4.006597
2.024651
6.000928
21.008395
3.015089
3.007117
8.003712
5.004905
6.033989
4.011699
4.034803
4.036129
4.028522
3.005365
5.013989
3.004905
7.028527
13.003832
3.011631
4.044759
5.004052
3.017818
3.006597
4.006637
3.013246
3.006757
3.004112
3.035040
9.023080
3.006997
8.015449
6.007682
3.007197
