2.082281
13.003652
20.005310
2.024985
6.039733
2.036757
4.008049
2.011119
3.008302
4.030102
7.014253
2.025962
3.012731
2.057533
2.021518
13.033931
2.060700
11.045322
2.042883
3.007373
5.016671
6.044762
4.008562
2.036154
2.021338
3.060031
2.029170
6.031328
2.030562
2.033977
13.010899
6.025967
7.045197
3.020072
21.015802
2.028189
1.036265
8.042931
2.060045
3.041960
3.015421
6.008587
11.022900
7.007017
6.027598
15.006657
2.056138
3.018563
3.012005
2.116307
2.019892
2.024357
9.025407
5.013737
2.038723
4.048468
3.011805
10.005911
4.052269
2.071548
2.075315
12.002870
11.006817
2.035462
12.009141
2.099536
2.060847
31.017999
2.020678
2.022112
8.005170
2.077174
22.008700
2.011507
2.053245
5.005705
6.021032
9.011743
4.009415
2.065541
6.007348
4.054854
2.068055
11.008801
3.031562
3.009647
5.007277
3.023292
4.006717
6.012809
2.074992
6.053137
2.027612
6.048693
4.022772
3.029487
8.010943
2.049534
2.030518
7.049469
38.003872
2.037691
20.009075
3.019268
2.024200
2.073279
2.016242
2.028332
8.005996
4.051358
2.075483
3.015842
2.064103
2.069498
2.019224
8.005910
4.007222
2.031214
7.006657
2.037278
6.021286
2.023695
11.023681
2.077116
10.009040
2.057854
6.009893
4.008835
2.075999
6.028326
17.005585
6.016678
3.010653
4.003872
5.038541
3.024772
10.043028
2.051992
6.063668
2.041294
4.006657
4.006617
6.015435
2.014156
4.008769
4.006737
4.006737
11.009506
4.013559
2.080619
2.017145
2.013775
2.018389
2.085052
3.012011
3.006439
6.043448
2.020978
8.057525
4.010835
4.015349
2.032248
4.041589
7.019498
2.034314
8.041935
10.033029
13.041917
2.021218
2.047680
9.030163
8.008188
2.054231
6.004278
4.010747
2.073319
6.014445
2.024063
5.009241
3.031518
2.045294
2.029403
3.008509
11.033486
4.007582
2.059351
6.005236
3.023518
6.022844
8.007861
2.070809
