2.117307
6.032589
5.019700
16.006389
4.038150
4.031350
4.020643
3.008249
3.007829
21.033774
6.050316
2.094040
3.008389
7.011345
29.026209
4.004943
3.000928
3.037825
19.023530
3.008629
10.042946
9.046368
20.010493
11.008009
6.023528
3.008669
10.044301
4.042415
11.002102
2.090604
7.000928
2.004098
3.046815
3.013898
2.082714
5.014257
11.054233
3.013997
5.020844
4.045668
9.040408
11.029935
3.000928
3.027790
3.013778
15.057023
3.014575
8.025837
4.008735
8.003026
2.100581
16.046425
3.013258
3.031049
10.003612
13.030210
4.028928
4.033234
11.000928
7.018858
6.018846
4.050713
8.004282
5.011925
12.014807
4.022994
19.021144
3.008549
10.012197
3.012153
35.023760
6.004258
2.077175
10.022460
11.009031
12.016612
3.003573
10.000928
3.031911
3.005925
7.000928
3.000928
3.038568
6.000928
3.005325
9.000928
3.017415
3.005245
3.005285
4.005645
6.030641
10.005287
3.029757
4.039534
4.031411
3.005125
8.000928
6.044005
4.033234
16.016101
12.032161
3.005805
3.002646
6.021664
4.017859
3.005945
3.011333
10.006657
8.009187
16.033099
4.055434
16.015057
5.007196
3.010021
2.085091
11.020458
32.012211
7.005031
8.000928
2.095433
9.030982
3.002360
3.009701
12.008009
3.041734
4.045246
6.000928
3.000928
3.026152
3.008289
2.036924
3.014397
3.028897
4.023190
3.014377
10.039569
3.008189
10.049182
7.008049
2.032707
3.009453
3.013737
3.007969
3.000928
2.067472
8.009381
13.030834
4.009169
6.010659
11.031729
23.000928
