2.037275
20.016358
2.019170
5.014529
2.018299
4.000928
2.024740
2.024043
7.014789
2.039562
2.014331
2.028105
2.029201
4.000928
8.006416
2.026939
2.022042
11.000928
2.034199
8.002780
3.007849
2.089058
2.042828
2.030190
2.031280
2.056841
2.042829
2.018279
2.010933
2.077526
2.071912
2.053391
2.015475
7.007849
2.015561
2.019872
7.000928
2.022062
2.015475
2.027059
2.052099
2.038544
2.020981
8.003978
5.004884
2.021218
4.045857
2.031195
2.011859
2.007788
2.013531
10.012592
2.071073
3.000928
2.027797
10.004384
5.025368
5.017287
2.007583
2.048121
2.009501
2.093613
2.028802
2.016389
2.013983
10.038467
2.054977
6.016635
2.024709
2.010321
4.003632
2.046674
8.000928
11.010959
2.057785
7.004945
2.053134
12.011257
5.002600
8.027656
9.034827
2.069763
2.012697
6.029778
19.016561
10.005490
9.000928
6.007217
3.021390
4.007177
2.093314
2.035586
7.000928
2.064524
7.046524
4.007889
4.028385
16.000928
3.000928
2.045989
2.069358
5.032921
10.000928
2.029699
3.006597
3.014183
4.029495
8.015867
2.036015
3.000928
4.000928
7.004642
2.022144
2.006536
2.030731
2.033498
2.010793
2.067780
6.011049
2.011499
16.007177
9.058383
2.036332
7.008809
2.086532
2.045216
2.003632
2.039448
6.002760
5.003872
8.000928
2.076055
16.008209
14.012785
2.055883
3.028783
6.050696
2.025072
6.027902
14.017674
2.074965
2.019659
2.018520
5.024588
7.015510
22.003698
7.003772
3.010753
4.000928
3.000928
2.095785
2.023355
2.024342
2.039090
3.000928
2.011653
2.024069
6.006683
2.020650
8.002460
12.003892
4.025619
6.000928
2.015670
2.062478
6.030839
5.031217
2.092929
2.055530
2.024378
2.040696
7.006616
2.037432
2.068812
6.007960
2.016476
6.019455
2.024884
2.024515
2.056815
7.010853
2.018892
2.069700
2.025296
2.017575
6.009241
2.072488
13.010613
6.040977
2.017486
6.032502
2.060880
6.034089
2.020118
3.000928
2.022548
2.021370
3.009790
2.025721
2.035652
3.011825
2.112586
2.071616
11.013137
2.065066
4.000928
6.016235
2.016808
7.002786
2.013663
6.007509
2.074766
7.049742
2.017219
2.071000
2.037177
2.018140
10.012805
2.029777
11.005690
2.012485
