5.000928
8.023668
3.006417
3.040912
4.008235
3.023954
2.014483
3.018992
3.044429
3.017492
3.023722
3.018140
3.031821
3.040361
3.022920
8.015057
8.024275
3.018187
3.036758
3.020412
3.031283
4.006397
3.008775
3.016599
3.037162
3.022468
3.021386
3.015921
3.006543
3.065291
3.011885
6.017774
3.016648
3.016215
10.016168
3.033616
8.017657
8.028583
3.008409
3.044825
3.015798
2.015983
3.021870
3.025001
3.008921
10.008835
3.029819
23.013247
11.010465
3.005150
3.030284
8.003772
3.013743
3.022776
3.020184
13.010773
18.013463
3.005451
3.014184
3.025913
18.025627
3.014756
3.011569
3.034832
3.024479
8.015081
3.022631
4.002820
3.008015
4.006697
3.071742
3.021711
3.022051
8.006837
3.010439
3.026479
3.033248
7.009833
4.011833
3.014481
3.044442
3.019744
3.051771
9.007076
8.009387
7.018828
3.029641
3.024937
4.029487
3.013929
3.015210
3.026433
3.016527
5.010026
12.016142
13.057404
3.017960
3.019690
3.025693
3.055167
13.027545
3.013617
3.031482
3.020512
18.006963
10.004148
3.014477
3.010899
3.011671
3.028769
3.015427
2.000928
7.027170
3.034296
2.025027
3.000928
3.047914
3.027391
8.006457
22.014725
3.026395
3.011119
3.022230
3.013179
4.011991
3.024494
3.029251
3.017560
3.042714
4.006597
20.010373
8.015590
3.016228
3.021670
3.034780
3.020564
19.003552
13.017508
11.016528
3.027106
7.012551
3.018688
3.035278
3.024484
18.003852
12.017218
3.039746
3.014063
3.011985
3.011339
3.025687
3.039599
3.033393
8.023502
24.006737
8.024274
3.009607
3.026553
3.018790
3.026133
7.016234
3.018626
3.031696
13.032195
13.009247
3.017514
8.030879
3.019432
10.010953
7.016714
8.027025
3.020172
3.041001
3.015476
4.006557
23.005026
3.010567
4.017402
3.029362
3.020598
3.019172
8.034306
7.016924
3.040087
3.019032
