2.058350
6.012291
4.004052
2.035034
2.049113
3.006417
2.039429
2.063903
2.011693
2.028143
1.025815
2.049634
3.000928
3.006997
2.025779
2.033816
2.008749
2.024687
2.047713
5.007117
2.023924
2.038702
15.009601
2.063135
2.019247
2.022197
2.006437
2.080474
2.057527
11.005636
30.019798
6.007909
2.021870
11.018006
2.032198
5.006637
4.005605
10.014750
2.016308
6.019726
6.033946
2.043131
6.005230
2.041388
2.014433
2.078653
7.006983
2.081956
2.076145
3.019091
2.101494
2.081407
6.036243
2.073807
2.012132
2.052815
8.017168
6.025588
2.025981
2.003812
2.085335
3.012715
4.014950
6.017054
2.071812
2.040687
2.075794
1.009901
5.011259
4.019313
2.025814
2.056680
2.041882
2.078249
7.008269
2.102983
2.060989
2.056253
2.012051
11.020192
5.019890
2.023915
2.035966
2.011345
2.048350
3.011983
12.003738
2.046945
3.009993
16.010247
2.074829
6.023194
2.074344
2.030877
2.074845
2.026706
6.012411
2.018480
22.028634
2.015530
2.014705
2.047582
8.003592
3.012325
2.050437
2.077331
6.027465
2.025015
3.014709
2.044138
2.087212
2.019861
6.012492
3.009281
2.032027
2.036184
2.046563
2.026159
6.043626
2.072173
26.011761
2.040211
2.027813
2.072037
2.036926
6.044300
2.034136
2.021106
2.023696
3.003952
3.010201
2.099325
2.029811
2.025120
2.067213
14.009421
20.016448
7.006736
14.024999
2.008109
2.063217
7.009841
2.128727
2.042625
4.014606
8.007726
10.010881
7.012552
2.067186
2.039989
2.018225
2.073612
2.075012
2.041767
2.049884
2.048773
2.060991
7.015635
9.077002
2.054648
2.064953
2.010959
2.021950
8.011213
3.041929
2.045145
2.052100
2.031135
2.084690
3.014405
3.014251
2.013544
2.021510
6.008175
2.061311
3.009361
2.079261
2.014424
3.025945
2.024189
2.078268
17.019157
2.027359
6.003832
2.029571
10.038479
2.077367
6.032982
2.071297
2.043080
2.056350
26.015664
20.007017
2.096176
2.054979
2.021304
2.012617
2.012891
3.021144
4.016815
2.053166
1.017655
5.006823
5.000928
6.009513
2.062830
1.043813
7.009841
8.014243
2.069901
2.083742
2.018599
2.031469
13.006616
4.011645
8.026164
2.040980
2.077876
13.006478
2.100468
2.068530
2.022455
2.075222
2.041690
2.110600
2.033280
2.007749
2.033854
1.009427
14.015049
