4.022854
3.002220
3.015868
3.002660
7.010159
3.003958
3.014089
3.003892
17.006537
22.009335
3.005370
8.014138
3.003678
3.002300
3.032363
3.004452
2.005805
4.002300
3.010667
3.029337
3.020868
3.003718
21.005156
3.004112
10.027825
3.005822
11.000928
3.006748
3.002320
3.006903
11.020445
3.004132
10.028208
3.004273
11.000928
3.019037
3.003912
12.007989
3.002480
3.008627
3.003658
23.015310
8.014610
13.003572
3.027366
3.006603
13.010021
19.004232
29.010101
4.008769
8.002580
4.002800
3.014635
3.010845
3.002300
7.002420
3.002600
3.005350
3.012325
21.000928
3.027478
3.004193
10.017559
3.003673
3.005085
3.017727
3.002566
3.020490
3.009047
2.008521
9.004172
3.002300
3.014815
3.002480
3.002780
3.015416
3.006583
3.015242
3.011553
11.003752
3.021016
3.005131
2.014655
3.004313
3.012589
3.002360
3.006642
11.026401
3.006403
17.004163
3.027424
3.015948
3.003792
3.011113
6.005690
3.002340
1.040936
3.024580
3.018314
15.038258
3.007855
13.010919
3.019698
3.002400
3.017866
3.005876
8.004233
3.010795
3.003958
3.010339
3.002760
3.002406
12.014465
3.020198
3.008489
15.015841
3.003778
23.002800
7.015256
3.014149
3.014277
11.000928
3.015167
3.004910
23.013523
2.029844
3.023626
3.027175
7.002740
3.005756
3.010919
3.006683
8.010813
6.017600
3.011173
13.015636
3.008409
3.004013
3.014969
3.003692
3.008129
4.013798
3.019146
3.002300
3.021170
3.004052
3.002380
11.043075
3.015249
4.009661
3.002680
12.066315
7.019922
3.013838
3.004452
8.009721
8.000928
3.015687
3.003918
12.014790
3.002740
3.017288
3.004173
18.004272
12.008329
3.011945
3.024590
8.006463
11.037668
3.014956
18.003818
8.017556
3.016448
