2.068173
2.010199
2.018566
13.008801
2.009687
2.040627
2.008734
2.016848
2.023837
2.004133
2.019579
2.008675
36.012505
3.031760
3.006537
11.005791
2.013457
6.017101
2.015655
10.018259
6.015079
2.030535
2.014084
2.009621
2.018276
7.012105
9.000928
2.042596
2.054100
6.014829
2.027960
8.022838
5.007037
6.006909
14.006296
5.017210
8.005430
6.009915
8.013800
2.024414
5.015930
5.005285
13.015823
14.011267
6.025115
7.020682
6.006717
4.024316
7.007823
9.056506
9.020424
11.016722
4.020704
6.005999
3.003793
3.020447
7.022632
2.019672
6.023117
5.006737
5.020284
12.018873
6.036837
5.006837
8.033061
9.003912
2.065575
2.016793
5.007037
4.006697
5.027590
9.012207
5.025617
5.004965
7.020786
6.003732
4.003572
6.006617
2.039584
4.031750
12.029557
9.028686
9.024316
7.003912
2.017874
2.019492
2.009261
4.014690
7.034319
6.012085
7.010767
10.009343
8.053521
5.038523
8.008395
6.008335
2.031229
2.016628
7.008175
5.032631
4.036247
4.018590
2.035971
4.012631
6.018821
2.038240
2.049616
3.007017
2.052410
2.014792
6.049015
9.006503
6.011885
22.008915
2.038804
5.005005
11.010501
7.006257
15.009221
2.059436
2.021256
2.022162
10.006909
2.013611
2.013071
23.022760
2.025147
7.004503
8.029599
7.006557
3.013493
2.064028
9.024621
9.008375
11.006677
5.006537
5.006957
2.012025
2.023504
2.019945
2.012405
8.034893
19.081323
10.003992
13.018992
2.035856
2.011053
2.030453
7.042372
7.042717
11.007935
2.027471
2.016251
2.023370
2.034953
6.010953
2.027033
2.009021
2.014051
2.025181
3.007569
4.045305
8.012665
2.032020
6.009967
13.015921
2.031749
3.011013
7.021030
4.023378
2.024628
6.029713
9.038153
7.006897
6.050700
6.009141
2.030743
2.039442
