23.000928
18.039474
39.016508
10.006937
8.056319
10.006577
14.003992
13.005610
10.007197
14.006277
13.038954
14.036497
19.041112
14.008761
9.023054
10.011240
23.010685
19.013397
9.015435
9.031016
10.006157
13.008861
19.007975
14.049914
16.002440
13.002220
9.002480
18.008575
15.020618
53.013944
12.006617
17.007157
33.018966
27.008509
31.028803
10.008721
18.041074
19.007163
14.019538
19.047155
19.028083
19.040397
22.011433
17.000928
8.051502
14.047015
14.017323
26.004582
12.038333
12.017735
16.007023
9.057702
9.016488
14.044385
9.025618
14.014363
15.017486
47.014179
15.017170
24.036429
51.004178
18.000928
20.000928
13.006297
13.019887
14.016765
20.000928
18.014345
9.044121
15.000928
26.013439
21.006608
14.035908
14.009787
14.043018
19.030621
20.002340
18.022974
14.009020
14.033143
20.009270
16.022775
12.010115
18.013985
19.011137
18.016317
10.031323
15.000928
24.004643
21.005167
22.000928
19.000928
24.000928
18.037837
19.035889
23.012339
26.002566
13.005531
14.055933
20.006617
8.089015
15.006717
8.041174
23.017668
15.024356
14.021198
19.005131
9.027311
33.014459
64.012439
10.026412
10.007137
14.006397
18.034770
9.012463
19.036791
29.011685
29.009335
56.005125
12.012351
14.004258
14.005451
9.040917
15.002760
13.019728
20.002400
9.006677
8.056164
20.007037
15.002380
17.025359
15.018364
16.006536
16.008295
114.012215
24.051533
24.002220
14.018776
19.013029
19.025623
14.059971
10.004662
15.018548
13.006837
18.044206
14.031363
14.008695
19.021737
9.011379
14.045476
25.006437
92.014197
10.017554
21.007667
28.002420
11.000928
17.003692
13.058055
9.022368
9.025871
15.013839
18.031667
12.019668
26.006309
9.033123
19.046472
19.014304
19.011319
24.058903
14.006843
29.008455
14.040539
9.043956
14.044299
19.018586
20.000928
37.009461
15.036652
9.047694
14.021122
10.019245
14.014887
14.010071
9.007237
24.000928
13.005750
14.019634
19.010627
14.030641
24.013559
14.013149
29.046250
14.040680
9.027681
24.029847
20.006497
13.043995
9.032175
14.032058
14.006903
23.015091
17.009601
17.015535
19.015009
14.014983
19.007397
20.007805
14.002680
8.020126
19.011159
9.020712
34.025491
19.009771
9.039975
10.012777
9.000928
13.030820
9.041470
15.006957
8.042788
14.033086
9.039092
30.006617
14.006697
13.006031
14.028885
24.011191
10.008181
28.023043
9.043400
19.024580
14.040187
14.024786
10.000928
8.046162
9.025226
14.055817
9.026993
9.032567
29.069633
9.018052
24.045702
19.027166
14.033235
19.015508
39.019146
43.012379
11.006537
23.023822
24.009933
9.028165
9.064170
24.037233
19.023243
14.035724
19.033141
14.024812
31.003732
17.024224
9.048011
10.007317
13.010247
17.006436
11.014661
9.039649
19.027924
24.009109
95.002720
43.022170
10.011961
93.015648
9.031513
16.007097
18.004662
18.017028
14.028573
29.034433
30.005919
13.019489
10.006677
18.013135
14.006571
24.005191
59.015689
24.025931
14.036013
19.023097
14.032524
14.039582
9.027483
14.038902
10.007413
13.013538
19.043696
15.006677
33.011633
10.026648
18.015141
11.006477
12.030590
10.006957
13.025653
19.024872
24.028945
40.004606
14.002800
13.037091
10.005654
8.045709
9.030141
14.008547
10.006557
9.000928
58.018074
10.012389
8.064975
10.043683
13.020084
14.035305
25.006443
13.046111
51.018180
71.012033
11.011765
13.058143
14.044886
14.016493
15.006737
14.003552
13.017510
24.009873
14.040623
9.019550
74.039571
14.011745
14.012637
39.013405
16.008895
17.019474
9.043471
14.020918
14.026827
20.002220
13.019038
14.040373
14.013523
79.035051
15.007017
14.002520
13.021817
14.038599
39.020344
199.025961
