9.061452
12.021610
10.000928
38.030583
9.016514
7.012686
17.005434
30.006101
27.020995
11.006416
52.031013
14.007323
15.000928
19.007082
13.009967
10.003632
16.006423
7.019207
9.012805
14.009441
8.040608
14.037217
15.000928
10.007969
17.015585
9.008641
9.024860
12.051065
12.000928
15.011986
22.023507
9.008061
14.031378
14.012603
8.007722
15.022162
7.005324
11.030908
9.039471
7.017001
11.045640
24.030296
10.006757
6.007689
11.008101
10.003652
6.014956
13.024917
8.003912
7.026072
5.040846
25.009210
7.016902
7.021357
12.029732
19.035417
9.018498
15.009781
7.032913
9.005324
10.031141
12.004904
7.025382
9.010215
11.023310
8.020418
7.040081
11.013185
14.011133
9.012465
12.039861
19.027653
9.021096
11.032238
12.021156
9.053946
14.007948
14.016868
25.003652
18.023095
9.089711
19.024614
7.010653
8.000928
7.019258
15.000928
9.000928
13.010977
9.023854
20.000928
12.057969
25.019015
14.009739
10.002260
13.025980
9.030974
15.010793
14.012133
13.024778
10.006903
21.022008
11.020222
16.008169
7.014969
15.006317
19.011153
28.021204
11.008521
12.007895
7.009706
35.023008
25.039752
7.019486
15.005290
11.000928
8.008255
20.000928
13.009881
11.013743
14.048771
23.000928
16.023013
8.018053
12.021933
9.030706
9.015795
14.054737
16.011419
7.031861
9.020764
14.025814
10.004032
7.003652
50.007202
15.005444
13.030210
10.000928
10.003612
8.016973
14.008089
10.006093
13.000928
8.010865
7.030029
6.038872
14.029183
14.009847
10.000928
9.011373
25.010873
14.009581
7.038743
24.039221
14.007654
44.015295
8.044294
11.003150
11.026053
11.012409
15.000928
23.005630
9.044967
15.000928
25.006876
13.016909
8.035185
11.065697
7.032006
11.005530
9.003752
12.029523
9.022422
12.011071
6.035057
16.034441
32.007423
14.007374
15.003892
9.015565
8.035352
34.035950
15.026706
13.014441
14.039222
56.002360
11.013604
10.029304
10.011333
19.000928
9.011673
8.060294
20.000928
11.038720
11.009807
19.030155
10.009981
7.033032
14.014143
14.006843
19.014955
11.021878
11.019111
7.013771
8.005184
9.010993
14.011830
13.034105
19.014063
9.039107
17.008149
11.009787
10.018786
13.024888
11.013704
9.012166
12.007236
10.000928
19.000928
8.024437
9.020058
12.018286
8.000928
12.036451
11.000928
8.012350
14.015220
8.055735
12.012545
13.012193
12.030800
20.006377
9.005310
9.011193
8.037361
10.023607
14.005465
9.004947
8.025348
7.000928
8.000928
9.007510
12.009327
11.012785
13.000928
10.004244
7.045154
9.028625
19.007303
15.011485
9.002400
20.002580
12.025570
9.041801
19.028876
8.010535
20.037469
14.030921
10.005504
16.009831
11.019552
9.026385
12.026685
13.031401
8.000928
11.005024
8.003658
17.014235
10.000928
13.023942
10.003773
14.011313
28.011545
9.033600
14.021748
19.018960
6.020849
18.009781
13.012351
10.000928
13.027186
15.014095
10.010953
14.011313
18.009281
11.009301
7.016389
7.014485
12.002300
11.000928
10.012777
9.026773
14.057718
15.007043
19.000928
13.007282
24.010033
19.046656
20.000928
19.023160
10.011193
8.006657
9.024316
11.011113
21.028006
11.003952
10.002480
15.005244
5.088550
29.040409
14.018806
10.006937
7.048698
10.013331
30.004012
23.003844
20.000928
18.014503
15.010352
8.046243
24.024415
15.025486
9.003552
11.023138
7.059894
28.010049
12.019990
7.012231
14.008865
6.018000
21.018513
12.011705
26.013689
24.016128
16.011093
8.011453
8.035893
8.032551
12.021229
13.004547
9.008349
14.004663
13.015611
12.007377
9.012545
12.000928
13.061060
9.015613
9.005810
10.010210
15.021122
23.010833
9.009821
15.002460
7.016959
9.035214
13.005565
15.037537
15.020408
24.011673
9.006676
15.003918
8.016017
8.022186
11.011593
11.019517
12.017606
13.004012
6.030111
8.002220
13.005070
8.039923
10.004072
19.009921
14.024058
8.022740
19.027716
8.002380
10.020146
7.006923
12.007137
29.010141
8.056833
15.007960
13.057192
10.013114
10.012925
12.024672
10.010081
13.010223
14.019237
11.063339
7.017742
10.003552
9.016868
23.005110
6.027397
12.103381
11.005264
11.011373
14.009621
36.006817
9.007257
7.008609
5.051273
15.014487
13.028573
35.010990
13.038010
15.011453
10.019912
12.026753
15.000928
9.030694
13.011419
10.009461
8.017812
9.015120
11.016501
8.013781
18.030718
8.003732
9.013678
17.009609
12.035739
17.008109
7.007869
8.053186
14.046149
7.023774
8.003892
7.039917
9.041871
14.024135
15.011713
8.005591
8.000928
12.005404
17.037759
24.013207
17.003812
10.003852
20.023471
20.005024
8.038430
19.024768
10.000928
8.014244
21.008509
8.000928
29.008583
9.008415
8.025856
9.015481
25.003792
8.029075
9.027132
7.013243
6.049646
10.007783
13.039618
24.015596
14.029081
9.015809
6.035079
12.038533
10.009967
29.002886
8.033745
9.015135
14.009833
10.009401
13.019185
29.018877
12.015292
7.005785
12.018270
8.016680
11.023832
9.028204
16.017910
12.012645
9.038759
15.004407
10.022036
13.000928
9.000928
8.015862
9.032241
7.012111
15.006256
10.009167
12.012185
17.020326
13.033545
34.016872
11.003952
7.027278
20.011845
14.014001
9.000928
18.011977
9.010073
19.017651
8.000928
10.022094
24.023014
17.019678
16.039708
24.005470
16.016108
8.024858
10.022446
12.036077
8.006563
15.007248
10.002780
10.010033
11.009721
10.011331
10.006534
20.013537
13.003989
8.058010
15.000928
13.038629
14.031842
9.031613
20.011673
14.000928
9.000928
8.035481
25.005401
14.000928
