12.019544
40.035749
13.030743
9.046339
24.030406
14.030047
20.016115
23.044349
14.017019
16.013837
22.037709
25.004102
23.011569
14.015905
19.020458
14.031983
9.019356
9.030489
10.000928
8.043254
30.034364
17.003030
16.014829
43.034427
9.036523
9.052779
9.023996
39.030756
14.008401
14.059962
14.011033
9.053350
19.029336
24.015275
14.039643
10.018670
9.015092
13.027449
40.000928
13.002220
9.007262
9.019104
14.043347
9.028622
9.047400
9.014862
10.033781
18.027965
9.007781
15.010101
8.006503
9.040620
10.021660
8.019698
14.032483
24.016056
10.023940
8.016621
21.003872
30.015197
21.005930
9.022090
9.036818
24.006703
14.038741
9.008015
14.013729
9.015444
9.025937
9.016579
10.006290
10.024057
