7.013465
14.008760
8.003872
20.010033
19.007303
10.009021
8.006763
16.004112
7.034566
16.000928
7.017144
95.011046
23.047925
15.021820
19.003972
8.024229
6.019472
7.014063
20.006757
8.037155
9.015807
9.009289
44.006090
19.008361
21.004012
15.002220
10.003972
10.039833
19.005776
9.019619
25.004092
13.015282
20.003972
8.045369
6.007427
14.022358
7.034683
6.003592
10.000928
19.003632
6.023214
14.020685
9.026717
12.004112
16.005111
9.006602
9.008987
10.004443
11.003632
6.046807
5.005351
8.033896
5.016621
8.043249
16.003572
7.005391
5.011051
11.000928
18.003772
7.015274
9.032928
6.017800
18.003992
9.006637
14.004092
18.016305
7.006677
9.003872
6.024266
19.006150
11.003832
20.003772
17.006823
20.003952
18.003792
8.030875
7.003552
13.005125
7.045506
22.015733
11.029079
5.014629
