23.000928
84.006260
10.002300
17.006922
24.029234
20.000928
19.003912
30.002580
22.012030
26.002480
27.008475
15.000928
18.012523
15.000928
14.004302
29.002320
9.002580
13.006962
15.010267
28.008875
16.002460
22.006058
24.008735
10.002680
13.010267
14.010306
25.000928
10.002500
9.008839
9.020776
17.005930
10.000928
24.005105
14.000928
19.000928
20.002380
13.004626
10.002220
9.002840
18.004602
23.007282
15.000928
14.000928
19.002780
10.002990
14.002720
12.009933
10.002260
19.003552
9.002240
9.002240
9.002660
14.006577
19.002760
20.000928
14.003912
8.004503
15.002791
14.002400
18.000928
9.013617
14.000928
40.002620
