14.013242
49.034024
9.010181
8.023168
18.018166
10.016362
13.026656
13.012237
12.031675
9.020984
9.017108
19.032987
13.020803
15.006503
10.036897
44.018430
11.055921
11.014736
49.032094
14.008055
54.021717
9.022517
29.024068
24.022969
28.014686
20.017193
19.023929
13.002280
11.024314
18.022629
13.002826
9.040140
14.032475
7.014223
26.018645
26.017640
12.010481
15.021676
14.036816
30.012931
8.027185
28.005805
9.021638
10.013724
19.031768
24.028952
15.019960
11.041645
25.014549
11.015220
10.013683
63.028765
11.050850
26.024434
29.024981
24.029802
9.013837
9.027397
14.005331
14.029097
