7.065800
12.027585
16.036205
19.012412
12.024906
17.009462
8.027257
10.004322
13.028767
24.017600
8.000928
15.030874
19.022783
9.024270
14.021662
7.014756
14.009181
8.000928
12.009953
9.056966
7.029456
17.017939
6.007749
8.004224
10.000928
27.005504
6.024458
6.065883
14.011419
7.003772
6.028338
8.005445
12.030827
10.005465
14.000928
9.000928
26.024690
9.039966
9.048411
12.014355
29.009601
11.036957
12.030309
13.009866
10.031006
22.002840
13.030775
7.019110
6.016488
15.009681
14.002346
8.052422
8.004132
11.003638
21.023462
6.010919
10.015037
14.050208
17.000928
12.012531
8.005901
14.010667
8.034363
15.007117
11.023156
6.043384
11.000928
7.013849
16.049942
7.051637
15.000928
13.019064
11.012245
5.045077
11.045681
20.005416
13.012877
7.037411
15.005445
10.043281
31.012545
13.015346
18.029589
9.009953
9.020032
35.004012
7.008315
