11.004302
37.005525
19.003972
33.005445
13.034770
14.043923
10.015663
15.002560
12.044901
14.018792
9.033557
10.025813
8.032494
15.007129
13.018674
18.005065
19.000928
15.017013
13.000928
23.005945
14.008009
11.016637
8.012445
13.005265
31.013943
20.003972
8.062986
9.049341
8.019306
32.045780
20.000928
14.011299
28.041455
18.000928
15.000928
23.009439
16.003772
21.005705
9.008669
8.041204
12.003852
16.041081
14.025186
8.012371
16.000928
8.023586
14.035441
14.011985
15.000928
8.064991
12.000928
19.000928
10.030663
22.000928
9.013579
12.022802
14.017869
8.005465
20.036092
9.031571
9.033141
10.006857
23.009907
10.000928
31.016614
12.000928
27.000928
14.007267
31.014571
16.000928
7.007297
