27.023516
45.007157
13.025678
14.013756
9.041086
26.000928
18.008749
6.012511
26.029941
9.033997
12.014755
14.017295
31.006184
41.009601
9.007969
9.007989
18.016295
20.011905
12.011499
10.004303
27.040464
10.029543
9.044381
51.014023
6.015255
13.006957
37.007177
8.023664
8.011099
20.016987
25.012265
8.020964
7.015468
12.008109
7.015629
17.007248
17.011439
7.011293
11.049064
25.015235
8.021800
8.028872
7.011803
23.007037
9.006657
8.010859
6.016155
7.033699
13.015415
17.011114
12.009759
12.007909
13.011157
7.018544
41.006888
14.005676
12.006863
15.005824
7.020214
15.033239
7.007669
9.028729
11.013251
15.015735
25.010027
19.006868
9.000928
12.029602
9.014962
10.006937
15.006936
12.037959
