8.016477
18.019080
14.016620
14.018146
24.006191
9.027950
24.010139
31.015689
7.025139
9.036693
17.017679
18.010121
7.024612
11.011891
17.054852
10.008629
13.057190
8.015415
7.022260
17.028157
8.021656
10.008401
30.019148
10.023423
43.008415
17.036567
9.031627
15.008169
10.025648
8.013657
8.017779
9.014354
10.009741
24.014948
8.019672
11.011465
7.023128
9.005496
20.012539
14.009241
10.026472
12.030786
8.018079
15.012163
15.015482
8.029403
17.018691
8.013277
8.010799
15.037948
20.019172
28.012921
18.010800
10.036968
23.000928
11.006817
17.012765
13.028737
10.013883
8.029084
11.016461
13.010001
11.007117
11.027505
13.022377
21.015223
25.008775
12.023700
9.043964
16.061345
17.047525
35.005465
14.009781
10.007077
11.017863
10.014685
9.046634
10.006696
8.008081
