10.022614
16.024634
7.010873
19.009527
11.017252
9.022690
14.011431
12.012705
6.076536
6.018025
10.045599
11.035059
9.020688
9.011691
14.037205
9.020970
9.021382
10.003952
10.026586
9.004138
14.017894
16.014465
8.007177
12.003892
8.013983
9.046091
9.010111
9.020178
9.024772
11.052375
7.044439
7.004112
6.102157
11.000928
19.027355
12.032701
10.016887
8.061667
27.006837
11.027084
9.021436
15.024862
8.018422
7.009041
16.019386
9.049751
9.007169
7.006677
6.026250
9.050454
6.042286
22.027085
14.014103
10.012065
11.000928
11.020706
14.024341
7.011845
11.017122
16.009881
28.003612
8.031712
15.013101
10.006536
7.026438
11.003612
27.010455
9.035686
14.006683
9.025025
14.035510
15.000928
15.013391
20.009681
7.011345
9.011120
8.042030
7.045683
26.025305
21.012285
12.044200
7.014154
11.037406
10.009771
10.000928
18.014063
8.053186
7.006493
16.031489
9.016474
9.013457
10.011645
9.017027
8.031162
7.006617
6.035713
