37.045771
14.012531
16.000928
40.004985
21.057982
120.015705
16.028269
13.040501
20.010059
11.034792
12.023463
11.031803
9.029755
10.007102
26.000928
13.000928
10.005265
16.052033
8.019292
25.027220
15.010999
15.023068
17.021412
16.017930
17.039579
14.019220
14.023680
16.000928
23.036170
9.000928
14.012991
13.060699
19.015439
19.009753
17.000928
7.017401
18.065213
35.000928
13.061175
20.007397
13.049201
19.010747
16.002706
12.018100
17.000928
8.016287
12.035746
56.021164
10.000928
16.018072
30.000928
19.000928
21.021197
17.023138
21.010619
24.013709
11.012251
17.000928
