13.029227
18.038493
14.019595
20.013245
28.024874
11.011883
22.014747
14.002220
30.005325
13.052901
17.011299
21.037949
21.021113
14.018310
14.014703
18.009917
13.015455
24.051365
21.000928
18.012004
20.006657
17.038336
19.022598
15.003612
19.000928
16.029417
16.036926
14.035337
14.052770
16.008089
19.012172
10.012145
11.033475
17.007162
24.004138
14.022731
17.012611
24.015269
21.017795
20.005525
25.061903
14.068640
13.016381
20.039803
15.012217
13.042395
19.025979
13.026726
25.017274
17.008035
26.044365
17.010899
26.038656
14.053494
14.024580
24.012219
14.025905
14.024672
19.016455
30.003612
18.044313
14.058856
