32.050697
18.000928
21.007063
13.022270
26.010149
24.012371
16.016688
48.000928
20.015729
34.008089
20.011885
16.004603
17.005636
14.007254
21.027965
17.006803
14.044552
26.016088
14.020070
12.032087
15.000928
28.025070
14.035555
15.022776
15.000928
17.020263
37.003792
18.003692
22.013297
24.015719
27.013497
10.045740
25.050614
15.014609
23.002326
15.028985
25.009207
14.003892
13.019388
24.014669
26.015761
10.004092
26.000928
16.016159
19.004092
27.000928
32.000928
42.003918
19.010187
20.000928
17.011613
18.022170
21.019886
12.036038
