18.032385
48.012711
21.005836
19.009661
19.008209
12.042327
12.006857
21.019031
19.006410
14.057126
24.023368
16.002320
27.056388
24.017205
24.017185
15.008229
14.000928
24.004803
13.023748
14.034150
19.005330
20.002426
16.009069
18.006762
27.013009
22.015370
22.006897
18.011825
14.031507
19.030138
13.005225
10.041734
24.008705
24.006502
21.040534
23.008029
14.003074
13.008427
16.019361
18.008449
13.043772
21.064694
15.000928
14.027589
18.003833
16.021646
25.006611
15.004806
10.000928
45.002280
12.006322
23.036877
11.002820
18.054343
17.002540
11.007017
68.026970
