17.075587
69.015444
25.003532
24.010351
11.005590
18.003572
17.036234
14.041052
34.009933
14.015103
14.027700
14.017675
16.026619
28.000928
13.008481
15.000928
19.000928
14.003932
15.006561
22.019832
10.022096
14.002260
14.006885
14.012031
23.002220
39.040479
15.033396
38.009593
22.038562
11.016301
19.026761
11.008369
13.010819
14.000928
11.003872
18.000928
10.009661
26.064567
42.027788
16.043502
25.056299
18.012977
11.006315
19.003552
18.000928
21.034695
23.009381
12.034021
15.000928
14.009520
14.007177
13.007043
15.022446
29.005525
39.015148
14.000928
11.003838
17.007637
