28.014161
15.000928
20.000928
17.003992
19.009767
16.006817
19.006683
12.008369
19.023960
14.000928
18.012163
29.037073
18.000928
25.029997
15.006697
20.008069
19.058832
15.004092
17.008089
26.000928
25.000928
15.010213
14.005636
27.003652
19.021260
27.004482
14.002286
18.015743
10.008381
20.012211
18.010081
11.015567
14.000928
13.000928
18.008235
15.006757
22.013393
16.005524
19.040244
13.007961
13.035593
9.049868
25.019474
23.013303
20.000928
9.008481
31.000928
49.000928
25.000928
46.017617
21.000928
21.022350
14.017668
15.012105
13.045353
15.000928
10.003532
16.000928
10.012031
