18.013233
9.006756
13.005150
66.009901
21.020532
11.005610
27.012466
25.029797
15.002600
26.003858
11.055844
10.013415
15.016399
52.029737
19.034591
13.016842
12.009967
12.065609
36.016302
15.016562
11.006409
11.005065
54.020699
25.015216
31.031601
37.021196
11.055097
15.011290
14.015161
24.003632
18.040413
10.000928
41.014078
37.003572
8.034174
10.006477
8.025012
21.016962
18.009801
9.017824
14.012303
17.009721
15.024368
12.010741
30.010141
35.028631
18.019696
27.000928
16.020798
26.007869
26.019586
13.003752
