107.016084
14.010999
14.044244
14.007029
19.046160
14.038512
14.054243
14.009293
15.004442
23.044288
22.020844
22.015287
22.020318
23.013557
16.033493
14.010299
15.016263
24.006597
28.013183
15.015091
18.088790
14.037641
19.037312
19.010833
19.013951
16.000928
18.020327
19.014745
13.025500
11.017762
24.043334
19.000928
22.011565
15.006876
20.000928
15.011725
23.003190
22.037888
14.024808
19.028709
24.016165
20.007349
41.016222
12.012683
23.018968
24.009171
15.014876
24.047523
13.033825
24.027852
14.037050
14.034351
19.042480
14.049676
19.017325
