27.013251
24.006748
34.029443
19.020214
16.012705
14.010759
18.019907
18.024078
19.025954
14.009467
24.032872
15.018228
26.008589
33.008395
20.000928
16.026428
27.022090
16.012705
21.042944
12.049740
24.020682
16.000928
22.025667
39.023744
16.005624
15.013937
18.003592
12.036614
14.020564
37.004950
18.013918
19.012371
16.005810
15.050395
24.021046
24.015281
16.013925
20.010693
18.024895
24.012165
13.028854
20.015546
25.012011
16.051038
19.018615
21.009601
19.008085
65.008069
15.015056
32.002820
23.013565
28.009467
