20.000928
26.022836
19.062987
19.010167
15.006557
18.015218
24.010905
12.000928
22.000928
26.031962
25.000928
25.010453
16.014961
12.032335
19.014309
20.004418
15.012406
15.000928
11.011211
21.000928
14.057059
57.056287
14.031475
20.000928
15.031362
14.000928
15.000928
17.004092
17.009061
22.014837
18.004563
15.009033
13.016540
30.048114
49.009021
17.042276
21.016344
18.006357
14.000928
18.015515
19.009807
16.006748
27.018001
14.034387
17.000928
14.007117
16.037354
14.006562
14.004778
14.005970
29.011085
22.000928
26.007543
14.025673
14.014935
14.005070
14.014469
29.015103
