12.040615
9.031144
9.043321
9.015801
9.012791
14.035109
9.009547
14.009813
19.007322
24.009429
14.007043
9.046473
14.008888
19.033141
9.034359
14.029182
19.032238
16.011221
8.007199
18.008003
9.016807
19.007488
14.029457
9.005050
14.016035
9.017680
9.013331
9.006051
19.008323
24.007722
9.015735
9.024822
4.037211
4.028979
24.028930
9.031570
15.009461
8.008574
14.006862
34.021313
9.024022
19.011667
24.042172
9.043633
9.021438
9.019921
14.005250
9.032401
19.035523
9.050191
29.039715
14.002220
9.005390
39.002220
12.000928
36.005910
4.041357
29.045269
9.028337
14.005950
14.030700
12.007921
6.041809
14.012877
9.011761
14.007168
14.006170
14.013067
4.046886
14.033129
24.008535
10.000928
13.007543
9.025158
14.020425
14.005810
24.005631
14.007222
24.046735
9.011105
19.017566
19.010987
19.035173
20.004403
8.016007
24.050611
9.009833
34.007082
34.007603
9.035801
14.002220
9.032540
9.013386
24.016233
14.032854
9.011559
14.027914
9.008368
9.024402
9.028994
14.002220
29.002220
19.007442
4.033923
9.041567
19.007343
14.002220
24.008606
9.028668
34.007554
14.035138
19.018248
9.006503
14.024142
9.020458
54.058331
9.018078
24.002220
10.000928
18.034166
19.006050
9.007163
24.007354
9.006863
14.005610
9.008535
14.007283
19.007282
9.008020
9.024278
9.005570
4.053068
14.007988
14.011959
9.012106
9.007801
4.045296
10.002626
8.008560
9.002220
29.019737
9.013235
14.050809
14.019571
9.022856
14.002220
10.000928
13.017677
14.047524
9.022522
14.037593
19.008913
34.007603
9.015233
19.011021
9.036219
9.010773
9.029354
19.006922
9.007503
9.045419
9.012651
20.009941
8.035081
9.035536
14.011519
36.014121
22.002220
9.007382
9.019242
19.015881
19.007948
9.009048
14.023406
14.017511
14.030211
9.031243
15.007320
8.039011
14.008828
4.051611
24.038506
9.051837
9.025410
9.058924
14.049860
9.029154
9.031262
14.040318
14.002220
34.008001
20.012201
28.044185
29.007821
14.030025
14.010093
9.006030
14.011647
9.010257
9.009636
9.014649
19.014863
39.023089
9.015581
14.020240
14.054193
9.009433
14.047326
14.009707
9.019225
14.027152
9.005910
9.006962
15.014120
15.004642
7.024247
9.034229
9.009747
24.008715
14.057406
10.004352
18.015964
19.011645
9.037534
9.052435
14.019950
19.019255
4.033733
4.034494
64.009407
5.008675
13.008935
14.006823
9.033856
9.028088
4.042466
9.027634
14.014271
9.005490
4.036052
10.005041
13.048628
49.031970
9.005670
14.017985
14.007428
9.045158
9.007502
9.009647
9.023450
29.006683
14.031802
19.005471
9.008335
14.008982
4.043397
14.026469
9.033731
14.012445
9.010861
19.047099
14.003778
19.009687
9.040581
9.044823
24.013745
19.005231
14.006982
29.012385
14.007463
9.015049
9.007468
14.005490
14.007183
19.014129
19.017607
9.011747
9.012231
19.011405
14.023942
9.031990
14.014509
14.024024
9.021057
9.017179
14.002220
9.029914
10.000928
13.007203
9.007543
14.032753
14.039614
14.008495
9.006722
9.006862
9.018828
9.021212
9.019459
14.007363
24.025756
9.018945
9.020250
9.025000
9.018259
9.031358
9.023861
14.004696
9.023382
4.039210
14.009747
14.005510
9.050660
9.038323
9.037453
9.017865
19.006551
19.024954
14.005370
24.008821
14.033943
14.009793
19.022307
14.008095
9.019678
14.002220
19.002220
9.032787
14.007828
14.040937
14.034893
9.002220
14.026590
6.003386
27.008341
9.007482
14.021134
9.042473
9.037007
19.051250
14.023232
6.003992
17.018268
14.034533
14.054894
14.014557
9.008420
24.031461
5.006252
13.009795
19.014611
9.014991
9.012551
9.009168
19.005511
19.009271
4.056174
34.018685
9.007948
9.005530
29.006982
14.027900
9.005390
14.005950
9.006071
9.016329
9.035978
9.019089
14.008235
14.017769
19.007528
9.041679
9.008141
9.048202
19.053144
9.058074
14.025440
14.019158
11.004162
7.020643
14.009513
9.009182
14.035974
9.030959
19.027676
10.004622
8.007975
9.033625
15.005854
13.006090
9.038376
19.034758
9.007102
9.030466
9.002220
9.023022
24.036572
19.005490
9.034751
15.000928
11.009801
11.009134
19.008288
14.028566
5.000928
18.012761
9.016821
9.039342
19.033387
4.038346
19.005790
9.009121
6.004142
7.026856
14.005850
4.037721
29.002220
14.012769
9.017127
11.004382
12.048855
9.007602
9.022596
9.045751
19.039519
14.008529
9.022842
4.022808
34.026929
24.020237
14.039159
9.022256
4.068286
39.045237
39.005756
14.010001
4.047222
19.009088
14.022368
10.008280
8.030357
9.009153
9.026312
9.034687
14.036879
9.040259
9.046769
19.009387
19.007909
14.009607
15.015141
8.041287
14.015347
9.005110
14.040589
4.032631
9.048454
5.000928
13.027781
9.029008
14.008415
34.002220
34.007343
19.006683
29.023677
19.039061
14.005190
4.059563
14.011225
9.008983
9.055680
19.037742
9.005470
9.035717
19.005870
29.046630
4.045529
14.034320
34.042079
4.024890
9.042296
9.049701
14.053059
9.014423
9.021404
19.006070
39.023123
9.012743
19.002220
19.013986
14.039287
9.040219
14.007823
14.033694
19.005350
9.007703
9.007288
14.009575
14.026238
9.031979
14.043175
9.002220
9.033729
9.031322
9.026388
9.042793
9.028070
9.016734
9.031573
11.004182
7.049617
9.034561
14.020751
14.006090
14.022768
9.006862
14.013149
14.009389
14.043314
14.039115
9.026182
19.006478
4.032378
4.022598
14.036296
9.044149
15.004363
8.051667
4.046341
10.000928
18.018539
39.011437
9.006191
9.007588
19.043923
9.007388
4.036871
15.000928
8.057490
9.023020
19.013749
9.037915
9.021186
9.005691
29.031287
9.016970
14.005391
14.009433
9.007143
9.032132
14.034375
9.017167
14.009267
9.049155
4.035495
24.009520
24.051508
24.038461
14.025528
9.040483
34.025646
9.016605
9.007303
4.036125
9.012173
14.011545
10.014001
18.007262
9.021350
9.016594
11.004622
22.041463
10.004622
14.004826
8.031670
14.012477
9.007382
14.005850
9.002220
9.019937
19.045507
14.032070
14.009033
14.011339
25.007561
8.007242
19.051176
19.005810
9.047521
14.035303
9.006624
9.022630
19.028826
6.004662
7.015237
9.007674
9.002220
14.042451
14.007203
4.048270
14.054607
10.003446
8.026810
9.028584
14.007202
14.006628
19.005911
19.015429
9.012403
4.018445
9.014497
9.008143
14.005630
9.013857
24.041128
19.002220
11.004662
7.036131
15.004822
18.016377
29.007154
9.030100
9.005390
14.007796
9.029664
9.049017
4.040921
29.007902
9.032707
14.052463
14.007842
9.052629
14.009015
14.040716
9.007401
9.007783
14.008715
9.025540
4.026567
9.034707
9.035291
14.012573
14.057297
4.034499
9.020945
19.018627
15.003494
8.007868
14.027542
29.007748
9.054873
9.007962
9.023932
14.017331
10.012660
8.027066
4.046538
19.007931
9.012851
24.030811
9.044648
4.049489
14.019354
4.031298
14.041295
10.000928
9.004442
8.013957
14.032097
9.034441
14.030332
9.027787
9.022937
14.039035
19.044148
9.029320
19.024254
9.007662
14.034015
4.020046
9.030303
9.051282
14.027764
14.006071
14.021384
24.032072
19.014917
19.033013
29.012751
19.007062
19.004538
9.022324
19.030425
14.041429
9.008449
9.010613
9.011053
9.008855
11.004442
12.028233
19.009927
9.010581
9.035130
14.005030
4.054502
9.024314
9.008660
14.015033
9.042286
9.008334
19.017743
9.012482
9.018892
4.037304
14.015387
14.008335
9.022844
6.009281
7.034795
14.045889
9.027210
19.032187
44.018087
19.033740
9.043351
14.023925
29.008875
14.033176
14.005991
9.033163
14.007122
9.049873
4.033391
9.010653
9.007443
9.047868
9.005450
9.015419
9.007148
29.040873
15.004263
9.008360
8.007222
4.043649
9.060562
14.033524
9.025556
24.023116
9.042669
9.021296
9.011829
14.009115
9.005630
9.008168
9.009947
24.005770
19.050907
4.053235
14.033165
29.049300
14.036789
9.023061
24.007722
9.008415
14.051393
14.005930
24.007282
14.002220
14.038327
5.000928
13.050748
14.011299
9.013221
19.049315
4.026006
9.005970
9.020370
9.011279
9.008934
19.048392
19.035701
4.016395
19.020565
24.002220
9.025142
19.007262
14.008121
14.037168
9.059741
14.023954
9.047765
14.011405
14.046819
29.005516
14.047764
14.007603
14.005910
9.020221
9.041420
19.011321
9.007054
11.004262
12.005810
10.004323
13.006929
14.002220
29.002220
9.031948
39.015575
24.005230
9.016453
39.014815
24.002220
14.008285
9.035325
14.005470
9.009134
24.005571
9.008529
14.024716
9.007262
24.002220
14.028066
14.021630
9.010147
14.046196
19.020788
9.008454
4.042042
25.000928
29.004383
8.046500
10.000928
18.018888
19.033974
19.043383
4.025542
5.000928
8.039243
14.006251
19.045147
14.055237
9.026864
9.034552
14.014989
14.012191
14.019547
29.044916
10.006492
43.015955
9.039099
24.002220
19.009468
14.015475
9.034433
9.028808
9.009447
9.032341
9.021144
19.005390
9.050992
14.021817
14.008788
85.004482
8.019901
9.022620
29.011973
4.025046
14.051690
14.008720
9.052761
9.035449
9.050374
11.004662
7.009668
9.051218
4.052273
29.008395
34.002220
14.004018
14.028606
14.007935
14.034237
4.024417
15.000928
18.017335
9.008240
9.030081
9.002220
9.003564
9.014543
9.032610
9.021596
4.013371
19.048540
34.048238
14.002220
9.022136
14.007142
14.026678
14.005791
10.008645
23.005490
9.010993
14.007743
9.013131
9.025134
6.004583
7.063939
9.006431
9.015195
14.012551
9.005950
14.007522
4.042870
14.007348
5.011518
23.008875
9.026648
29.006330
9.027916
9.020814
14.007022
14.039505
9.013117
9.007183
4.062742
19.017170
9.006171
9.005470
9.005230
9.044977
9.002220
9.019638
9.029006
14.009061
24.011339
9.023842
14.032664
14.041371
9.040448
19.010287
9.016768
14.028837
