31.002486
53.000928
24.002266
29.000928
6.018978
22.000928
42.000928
22.003612
30.026979
47.000928
11.009587
19.019840
64.014223
12.010707
21.015055
44.014955
37.000928
42.003506
18.006502
89.026174
27.000928
54.000928
63.004132
77.005104
12.002406
31.011373
48.004352
21.011849
23.013117
39.016107
44.008801
58.003712
34.002646
10.014863
32.000928
74.002346
21.012751
43.000928
23.000928
4.010801
35.000928
24.000928
16.012384
33.007083
8.003046
20.016615
19.002220
13.000928
18.002286
46.012891
27.000928
21.009727
34.021610
44.025371
54.023242
16.000928
20.000928
23.000928
39.000928
40.010433
41.011559
27.000928
36.021852
9.005310
74.019366
43.000928
35.020744
47.000928
24.003858
41.026713
24.016673
140.006574
28.006568
42.006923
18.003106
27.016948
44.019425
12.012019
61.009707
18.000928
25.010247
14.021892
8.000928
50.011671
47.007363
36.015921
39.023735
12.002366
19.002246
46.011505
54.009847
42.003838
11.006949
13.006115
18.000928
51.013523
42.002346
51.014161
54.014009
8.010963
30.015821
54.014273
19.017281
14.008281
17.003812
11.026422
37.007263
27.000928
12.003106
25.013243
13.000928
100.018047
64.023882
25.004230
8.026141
12.011890
31.005570
32.004218
46.021863
17.003998
25.003752
45.012210
54.018180
19.008214
9.020871
40.006095
26.000928
24.012183
68.000928
49.003506
27.011685
21.002686
21.003066
39.006350
18.002586
21.008334
34.013390
22.000928
86.010133
81.000928
22.007014
14.010351
12.008601
51.020346
19.012717
19.031504
40.004318
13.018400
17.000928
20.000928
30.009947
79.013929
14.010373
19.016661
19.012521
29.014067
32.000928
59.004278
15.000928
68.000928
26.011065
53.002306
23.003578
36.016527
24.009953
89.019926
99.018159
69.024586
9.017793
79.009867
24.010951
19.010619
17.002346
22.002726
18.013717
71.000928
10.002266
25.000928
31.004312
38.009229
13.000928
47.002466
35.000928
47.000928
33.015095
24.012911
34.017960
29.017374
22.002466
61.011299
59.020078
26.003106
22.017759
32.007513
26.017953
128.000928
45.017198
29.008381
37.000928
24.000928
16.021965
28.000928
23.003858
21.011705
37.004378
21.012671
29.019826
59.011633
24.022565
14.010549
23.000928
155.009753
19.021104
34.006923
42.000928
31.015736
18.000928
65.014224
32.005971
19.008821
81.010326
38.002286
34.000928
40.021362
12.000928
15.003992
15.011199
17.004018
8.005590
47.012751
82.000928
25.000928
20.011413
28.000928
35.005696
8.002526
34.003692
32.004098
10.011870
36.007468
44.013875
32.002486
36.020772
36.000928
16.000928
60.017528
17.007182
36.006643
23.000928
80.005677
19.013683
69.008695
9.020023
14.009727
34.014499
47.000928
43.005091
15.009170
56.019852
89.008715
24.011259
34.014209
139.030131
47.004338
36.011119
37.006943
61.017728
28.004658
39.002386
33.000928
29.003106
50.003592
30.016205
57.000928
20.000928
40.009386
34.020772
39.015535
19.019596
34.010107
17.006155
46.015221
49.010133
14.017960
54.013211
19.017745
42.002566
44.000928
16.006490
59.019531
9.019698
59.005250
44.020694
26.004778
27.011909
59.012211
64.010785
8.000928
44.000928
13.000928
20.000928
34.000928
36.009327
26.002326
49.002586
41.006863
37.000928
92.002426
11.000928
36.005330
52.002866
43.000928
12.009031
14.015201
12.000928
39.000928
27.004472
38.021812
14.015415
44.013191
14.014123
35.004506
23.023110
34.019717
12.000928
56.022451
48.003334
33.000928
18.003958
23.005714
11.004058
31.022894
39.018446
20.002326
21.000928
61.006848
18.000928
80.012577
34.020450
24.010659
12.000928
24.000928
46.018519
37.000928
29.000928
21.013137
64.016594
28.004578
18.012183
45.000928
23.002266
37.000928
58.022840
27.000928
56.016416
29.020177
27.000928
35.000928
10.015855
25.004522
21.000928
31.010999
14.015373
27.011183
29.010513
29.002666
15.004158
39.000928
30.010959
24.015478
18.000928
90.010701
14.016627
29.011379
28.004558
18.002506
36.010007
14.009747
28.000928
65.023523
29.014315
19.008055
29.014915
8.002486
41.005759
17.000928
8.002246
9.003512
41.018097
14.014375
12.002506
70.000928
30.009015
19.015781
24.017268
9.031610
39.007288
39.014611
67.000928
15.000928
25.020567
27.007142
44.002786
21.014815
19.012757
14.021892
44.009726
83.000928
41.000928
48.020448
32.000928
36.012295
24.008560
44.010358
27.000928
70.005815
38.007888
19.000928
51.015961
9.015001
23.012085
30.015747
24.016400
16.011330
61.000928
40.020564
12.002326
45.000928
40.009819
29.010905
42.006336
20.000928
29.004552
47.000928
36.000928
14.000928
30.012669
23.000928
45.013221
27.000928
29.009867
15.004258
19.000928
54.000928
99.000928
22.000928
21.004332
55.021693
14.023381
65.000928
23.016348
7.000928
14.003026
80.000928
23.000928
60.000928
40.005170
39.016746
33.000928
40.008094
44.014203
24.017668
12.007957
24.000928
36.013915
29.011925
14.010119
34.018048
27.003798
19.007775
86.005210
17.000928
15.004478
59.000928
25.016435
27.002306
61.005750
17.000928
25.005791
15.028262
49.004558
12.002446
32.004642
28.027922
62.000928
16.008194
29.019198
19.011119
29.009761
7.002366
79.003678
26.016816
74.020306
24.028362
13.000928
10.013379
24.012151
56.000928
35.000928
16.007042
7.002546
61.018593
32.000928
36.008220
13.006050
24.000928
54.000928
25.020912
32.000928
25.004658
19.002746
34.000928
43.000928
46.012379
26.004643
24.003006
24.003166
42.008221
52.005756
69.003106
21.014889
69.011767
24.020785
8.000928
25.013623
50.000928
18.015987
18.000928
60.017048
24.030427
17.005470
44.000928
21.011239
19.016925
17.006893
23.009687
41.000928
75.013283
29.012831
33.004678
105.025257
73.003166
19.004198
55.012951
28.007790
55.015537
51.000928
13.000928
20.000928
30.005730
39.003998
41.018173
11.002266
28.000928
23.014209
52.002306
25.004252
45.016521
22.002586
44.000928
26.015335
43.007917
40.016999
9.017605
65.000928
26.005930
79.000928
36.011729
14.024286
42.006903
29.004158
21.002220
18.009110
20.008275
17.000928
81.014961
14.013557
57.008428
46.012491
24.017161
44.022493
44.016817
17.004458
66.015495
17.000928
19.002746
29.002346
29.000928
11.013071
19.019589
19.012491
24.018770
17.004418
41.017135
62.002386
15.002726
43.004378
69.002606
36.012703
23.006375
59.009250
49.002246
38.002266
56.023546
22.004404
74.002366
72.000928
27.004498
39.003892
51.004342
18.018530
33.000928
19.000928
41.004158
53.023558
37.000928
66.012911
37.007033
36.014982
89.014218
17.002466
36.008495
48.004132
60.034022
34.008615
11.004318
16.005350
55.019752
34.007775
9.014395
24.009627
26.003506
37.016733
28.000928
20.016062
32.003126
31.015161
9.013697
80.003952
21.002506
26.015635
39.013429
34.033582
64.033239
234.015181
19.022070
29.028120
18.005675
30.005070
7.004684
