10.003066
15.000928
6.000928
13.015596
24.022635
36.004462
17.055260
16.000928
18.000928
8.026240
14.021038
9.030772
5.000928
13.037889
15.008379
28.021936
14.030598
9.009812
5.000928
8.010827
14.017566
9.049140
9.031778
21.000928
5.000928
31.006030
29.005797
14.026359
9.010859
14.023428
10.004822
8.020311
14.021063
14.065477
14.026752
4.053383
19.010479
14.035423
14.020866
25.005025
9.000928
9.000928
13.008501
9.027902
9.019328
20.000928
8.003538
20.003486
8.047849
9.007981
5.002766
13.010839
14.008395
9.032069
14.025904
9.042609
14.021670
9.005230
9.040640
11.004582
17.034510
9.012278
19.006070
5.000928
4.003774
19.000928
13.026560
19.014659
9.005070
9.018179
24.018612
19.025488
19.012139
5.000928
8.011859
19.012014
9.022797
14.023569
15.004683
28.005410
14.028682
9.027626
15.006745
8.024876
9.036265
9.034728
9.034084
15.004945
3.050253
9.035658
9.044579
9.007977
5.000928
19.003486
13.008701
9.047817
9.015275
9.011591
9.025384
9.025287
14.032323
9.016381
9.005791
5.003186
8.013285
4.058899
19.013257
9.019309
5.000928
13.026558
15.003466
9.000928
8.040835
7.000928
6.022890
4.045659
9.039756
10.003006
13.020324
6.000928
17.010759
9.014969
9.023018
14.009633
5.000928
13.018379
14.018601
14.017901
9.052143
9.018101
19.039825
9.009629
14.045107
14.017845
9.018460
14.019335
9.034293
19.049120
9.007569
5.002686
14.004443
8.008401
5.003066
9.000928
8.038360
5.005224
3.015047
19.023587
14.013755
9.029442
14.041450
15.033591
8.042523
9.016385
9.036071
14.038999
9.011319
14.041827
9.026652
19.020823
14.009333
4.027639
10.000928
18.005671
9.020742
9.053799
10.002726
13.008335
14.007123
29.008187
14.025646
9.018390
10.000928
11.000928
11.025906
14.015613
9.024340
20.012350
8.029534
9.011765
6.000928
7.017399
9.025197
4.030303
6.000928
13.004462
58.013505
19.030760
14.014234
14.024334
4.045574
29.023185
9.032646
9.032506
9.022656
10.004643
13.008741
14.024372
9.046401
29.016714
4.036462
10.000928
8.021112
15.000928
9.000928
8.021690
14.022720
9.043011
14.012113
14.026188
4.037254
9.007382
4.028526
14.021089
9.022072
4.022910
10.002806
7.000928
10.032598
9.036254
4.041625
14.052819
15.000928
18.020549
9.035904
9.039275
15.011205
13.005670
9.011331
16.000928
9.013081
13.000928
13.022341
14.032643
9.009301
9.007063
10.000928
13.006869
7.000928
6.020570
14.008975
5.000928
8.039040
4.013085
5.004312
8.014409
14.008781
9.033999
9.020479
8.000928
11.005939
19.000928
8.014070
4.030762
9.032031
9.020949
4.016281
9.019491
19.042660
9.014363
15.000928
8.017971
24.014854
9.020583
9.029644
9.023581
9.030208
4.051803
19.045706
9.030138
10.006264
18.018729
9.049391
4.016726
9.026500
9.015575
29.034822
19.028966
14.019293
39.030349
14.016722
5.002466
8.057455
19.036585
14.012111
9.016067
24.036188
9.026106
10.003271
5.009461
7.013143
9.010387
9.036717
19.036166
14.024758
9.035594
15.010170
24.004383
18.018558
9.011079
9.020274
24.041179
5.000928
8.016235
15.002266
8.029298
9.035330
9.013935
20.014961
13.043730
9.011907
9.020584
9.014083
4.045721
5.009675
8.044496
14.040728
9.038551
9.045670
9.013577
9.010979
14.011731
14.030262
19.017001
14.009017
9.007289
4.055219
4.028836
14.029921
5.006264
13.029802
9.024038
9.036353
14.041605
10.000928
10.000928
7.027226
9.027637
19.007503
6.004904
18.010199
8.047094
14.029226
9.027934
9.014103
14.044937
9.015961
9.005970
19.054062
10.000928
18.011379
9.003618
14.026512
5.003046
3.033997
11.000928
5.000928
21.016415
16.009950
12.023736
25.010431
4.000928
18.008149
4.051463
9.008475
14.030150
19.021247
15.000928
18.018499
9.022356
14.007927
9.037935
9.017936
9.034758
24.034678
4.025124
14.040258
9.016233
14.043384
19.020456
5.000928
13.028272
14.021491
14.015135
5.003326
13.040856
4.028302
14.008674
19.030429
15.000928
8.007115
9.009759
24.008161
30.004423
9.004961
8.006558
5.015360
8.025474
4.050246
29.017301
24.021960
4.027475
9.030789
14.005711
14.012143
14.008083
9.039657
14.014143
9.013463
4.026758
5.006264
8.021810
4.028630
4.033960
10.000928
13.012573
19.026000
14.037959
9.018054
9.005730
54.005170
14.012503
9.005651
9.039216
6.004403
7.022816
11.014101
32.014759
9.007611
9.010087
31.010061
8.000928
13.017093
9.033492
9.035889
19.026678
16.000928
7.033820
9.026778
14.012509
11.007581
12.043375
5.005142
13.005791
14.025460
9.007762
14.058081
4.038353
14.026988
14.035264
9.027672
11.004542
12.031450
6.012121
17.033334
9.033385
10.004580
8.007068
9.012077
15.000928
18.033104
11.000928
17.041022
5.002486
8.017147
4.051538
9.020663
14.026322
29.029297
9.014143
5.000928
8.032864
6.000928
7.005150
10.000928
13.015735
4.021313
39.034921
9.017600
9.027948
9.016263
14.005737
15.005755
9.002326
23.032833
9.018559
11.000928
4.004723
7.015039
9.006070
9.021300
14.010101
4.025812
9.049029
14.010979
9.008041
9.025394
5.000928
9.000928
14.000928
8.027786
13.000928
16.003386
35.005895
12.009341
19.029832
42.004363
11.043304
9.021642
9.011239
4.040139
12.009001
11.022158
4.036090
15.003872
14.000928
18.027830
14.006989
9.039014
9.017899
34.023378
14.034561
14.015081
15.000928
14.004423
19.000928
11.000928
7.000928
8.030811
34.023248
14.009381
10.000928
10.000928
5.004303
11.043932
24.006522
10.010078
8.048217
14.018429
9.007761
9.031885
14.023334
9.046356
14.037049
14.028608
19.023236
14.039565
14.020746
9.033671
6.012141
7.037314
9.034281
9.017753
5.002726
8.041692
9.004847
14.039227
14.008355
9.041120
5.000928
4.005910
8.046445
14.011591
9.022346
14.042733
6.002606
12.030096
24.023554
10.004643
18.009915
19.029110
4.028006
5.002866
13.031337
10.004403
8.029345
14.016510
9.026223
9.007471
14.020085
19.012737
19.010879
9.040127
19.013524
14.023246
59.022408
10.004643
8.014981
9.014749
30.000928
13.008255
10.000928
8.026892
11.000928
12.009593
16.004603
13.000928
5.000928
14.000928
22.002220
9.016980
9.015393
14.007401
9.025772
9.026002
14.008414
29.012185
14.029522
9.020152
46.004603
14.000928
12.002220
5.000928
8.026554
14.029540
4.023708
9.012611
10.000928
13.020283
9.044133
16.008461
7.020948
24.016407
19.014329
14.009527
19.008848
9.019399
21.000928
7.012245
9.010545
9.046048
6.002086
12.014945
9.014349
14.039120
14.003718
4.037621
49.012577
19.006883
15.000928
13.044773
14.019532
9.048350
19.031172
34.041031
19.033331
9.030246
14.016429
6.000928
28.002646
5.003154
7.016401
19.033202
14.033951
24.009781
9.026152
15.005915
4.002066
13.014817
10.015001
8.009663
99.042535
9.012285
19.015977
9.012597
14.027350
9.036725
9.018525
9.037820
14.028098
14.008979
9.030892
4.030755
9.015075
19.003918
9.010367
19.032366
14.038486
34.026715
16.000928
12.034057
24.011259
4.033382
9.041988
9.015381
9.009747
4.026859
9.027514
9.010107
5.000928
13.017603
4.044971
14.028853
29.010651
9.026726
10.000928
9.000928
8.032712
6.000928
22.036492
14.024546
9.024926
9.027407
5.000928
14.004422
13.017729
34.036365
9.012660
9.029734
9.031093
34.009867
29.029011
4.029688
4.025320
14.018857
20.000928
7.000928
22.000928
12.029294
16.000928
37.028069
15.006190
23.010541
10.000928
13.036667
22.000928
22.000928
10.000928
7.030065
14.037005
10.000928
8.013045
19.044722
19.045603
14.009225
9.022031
14.012001
8.006075
10.016693
34.012517
15.004964
13.002220
9.047221
10.000928
13.036657
19.020604
4.045720
14.028368
9.047223
5.000928
6.000928
17.000928
13.012853
24.014335
9.009679
5.000928
11.000928
6.021470
14.038562
19.015877
9.017040
24.004124
4.026486
9.021828
9.033636
10.000928
8.055598
10.002406
23.025742
4.036429
24.015247
29.043897
9.030448
11.000928
17.043306
9.005850
9.015869
5.000928
8.016421
9.032085
9.021181
24.018186
25.004603
8.028371
9.037446
9.035478
4.039799
25.000928
9.000928
4.000928
18.018780
14.006803
6.000928
17.040535
4.035919
5.006464
8.039494
9.019526
5.000928
8.020047
14.038079
4.027628
29.032665
10.013025
5.000928
7.013001
7.004572
16.036677
9.007675
14.034025
14.043258
4.022642
10.011870
8.024094
14.024536
21.000928
7.053811
14.025466
24.021864
5.006910
13.042216
9.019911
19.016970
15.000928
8.033590
19.033087
24.008957
11.004622
12.013721
9.006757
14.041481
19.036859
14.010179
7.000928
11.020615
7.004362
6.029656
19.016195
19.031747
14.029750
9.029352
9.032219
9.029620
14.014091
19.018739
29.008455
10.002446
13.025912
12.004382
12.000928
13.032290
9.026182
40.002811
6.005715
16.016272
9.025726
10.009345
8.015767
6.000928
8.000928
9.000928
20.004463
12.009987
10.000928
13.030965
19.034314
9.028624
19.013631
4.028716
14.042850
9.010919
5.000928
18.003698
4.041848
11.000928
7.015846
19.002220
9.011049
9.024856
9.037841
10.011188
9.000928
18.020710
9.038219
5.000928
23.005370
5.000928
8.034167
9.031148
29.034807
9.016991
19.006622
12.000928
18.000928
12.008735
9.027296
14.011749
19.008577
9.044833
9.029266
5.000928
18.006250
4.021289
9.023896
5.000928
13.014029
20.003632
8.013522
14.023881
4.022144
9.018306
11.000928
7.033115
4.039090
10.005084
4.005891
4.011705
8.009837
9.044661
10.000928
8.028565
19.013071
10.000928
8.010133
15.008563
9.000928
9.000928
9.004584
8.031770
10.000928
8.036931
9.015535
20.004602
13.046317
14.048942
14.025354
14.008707
19.025991
9.030154
24.033421
19.037539
9.045643
14.028576
9.010987
9.026970
10.006524
14.005715
18.029165
14.034010
10.005192
23.010607
14.002220
10.000928
8.017305
15.000928
9.004864
4.000928
23.029526
9.019818
4.031143
19.033873
15.000928
8.036958
9.061563
14.033983
9.009687
4.037643
9.028882
9.029004
9.029330
9.032184
25.007161
9.003672
9.000928
8.029110
10.000928
18.016067
19.035593
14.007243
19.047592
5.000928
18.037223
14.011098
9.004971
10.000928
13.015155
9.012263
9.017166
10.004424
18.008446
14.032924
9.005050
10.000928
18.030037
9.020958
9.010241
14.037529
14.021623
9.023822
9.011871
10.009681
8.005970
7.005044
16.029925
4.033316
4.019474
9.050756
14.025154
9.034269
9.031002
5.000928
8.014909
11.004222
7.032299
9.031249
9.009792
9.019575
14.002220
6.004362
27.017491
15.004502
9.000928
14.003006
19.003031
18.018559
19.035359
9.022696
14.007023
10.000928
8.022950
9.033380
14.015701
9.044942
19.026856
15.000928
18.028112
4.038275
19.014381
9.041679
9.031626
9.022430
10.004382
8.009572
19.045797
9.032219
9.020151
6.000928
12.031859
9.017496
5.004542
8.019532
4.013669
9.016335
11.004643
17.013197
14.013831
4.038969
20.005043
8.029307
14.029458
14.021816
5.000928
8.025956
11.004643
17.024634
9.024888
9.007963
9.033909
4.025566
14.003738
14.014503
14.039829
14.022466
5.000928
13.014715
9.023454
24.009767
19.047345
19.021443
10.000928
8.038973
14.015122
19.005222
10.013105
8.003538
9.048517
4.034889
19.045398
14.008056
19.024620
4.042161
9.050795
5.000928
13.050979
9.021430
29.006449
6.000928
7.010053
9.008155
9.023608
10.000928
8.023934
24.054525
24.013895
19.014553
