8.012905
48.011305
59.012025
19.014027
9.017671
19.034903
19.016437
9.020889
14.006668
24.014529
25.018984
13.018432
20.000928
13.007582
14.017174
34.011813
20.011065
28.018405
19.031512
9.021685
24.025140
34.007874
21.006605
22.009507
19.018739
44.007069
14.020257
24.011412
34.019526
19.009827
9.014883
56.004363
17.007209
14.008274
14.027162
24.021470
24.022763
34.024685
44.009535
24.007563
39.023778
34.010213
9.039333
19.008395
9.043100
19.011399
15.010053
24.018959
13.024503
14.023831
44.011319
14.006762
19.011825
25.004382
18.025326
24.019630
30.000928
14.005024
8.019427
14.006359
19.013377
39.018007
9.017453
24.016264
15.013451
28.020408
14.031813
24.023434
39.014669
14.028326
10.000928
18.010107
15.004664
33.011873
14.012145
19.012293
14.026184
19.005890
14.007422
44.010167
26.013781
17.016439
9.027245
19.010781
14.014969
19.017085
44.010953
69.012789
44.011927
14.014329
20.000928
28.023718
14.013975
44.009887
9.016301
34.026678
19.018766
54.011631
34.011619
9.008775
29.006782
34.034288
9.032063
19.017735
34.014103
69.009820
29.011625
19.015341
14.016111
24.012419
69.023767
4.027134
14.012271
29.011645
19.025368
29.034641
29.008535
24.006822
29.013579
29.011779
9.025320
9.007549
19.021734
19.019514
19.020702
19.017802
19.016561
19.028857
14.040661
14.011531
9.006622
24.012631
14.046229
15.008681
8.019204
24.034358
59.013051
14.019157
44.025301
24.010807
19.007234
9.030048
14.013377
34.010393
39.006566
9.016275
29.022156
24.012273
9.009867
9.009633
14.016823
9.019032
44.007848
19.006010
39.008361
9.022031
19.007422
29.027738
14.014155
19.021892
14.025076
10.004263
13.006090
19.011899
14.004910
9.042327
65.004483
13.022566
15.000928
38.019631
19.014623
19.020146
54.033570
15.006888
23.008107
29.008634
24.009627
9.016221
9.010212
49.010479
39.019393
14.013031
14.011319
14.017063
34.019928
14.005390
49.013265
19.022716
19.025781
11.013649
12.019726
9.026514
29.027000
24.005796
34.022183
9.023054
29.007502
14.029452
30.004463
13.017373
49.020938
14.027081
14.016573
19.016705
39.008555
15.014060
23.009447
24.018921
24.007674
12.004543
51.019165
24.019953
24.017875
24.010747
29.016653
29.022564
59.009433
34.014589
14.009693
19.007975
19.007062
14.008560
39.023940
19.012551
4.037398
11.000928
12.019447
24.012757
25.004483
13.022930
9.014147
19.024056
22.004602
16.017642
29.009647
39.006982
14.007955
59.019300
29.021664
34.005270
19.020498
24.015429
39.013011
14.008060
39.006310
59.006050
39.019743
24.008435
29.008847
54.006942
39.005790
59.016427
45.004626
98.017273
14.006522
14.007108
24.020809
40.004463
18.013849
24.012637
19.019196
24.035518
24.008328
29.017113
54.008755
19.018731
34.012865
9.026858
14.008600
44.011225
29.028557
16.004563
17.012837
9.029043
36.000928
18.022039
8.023582
19.026888
14.007062
9.014451
29.011711
29.010147
34.012485
24.028272
29.035658
24.026781
9.023616
9.036919
19.020993
89.020246
35.007101
33.002220
24.014089
64.008300
39.021197
19.026819
14.016883
99.012677
9.027714
29.011193
59.012737
24.020911
19.013591
39.016927
19.005336
29.029726
24.014423
34.012729
44.034549
29.007082
29.009575
29.017387
29.006582
9.022170
39.012139
19.007622
9.031378
19.009540
24.012467
44.026237
19.016041
39.010713
19.007003
34.032252
24.009485
34.014463
24.018010
26.004623
17.025474
24.019521
20.004644
18.015661
24.017868
24.015835
14.032909
9.008820
19.018546
19.010467
30.013121
33.037217
9.009534
19.011395
9.013529
24.014849
29.018784
9.010313
20.000928
88.036382
19.030304
25.004583
28.024380
9.014123
24.006482
9.026434
49.015183
24.025336
29.018813
29.023984
24.014263
19.020143
24.015035
19.039022
39.016155
49.011539
9.011317
54.011869
39.014809
15.004543
10.000928
7.013357
24.009767
14.011859
19.005070
39.017724
24.016063
49.012691
10.000928
23.014189
9.015736
14.011539
9.020659
39.010013
25.007471
13.027746
39.022892
9.014323
14.023062
14.025090
19.026392
14.022073
15.004542
18.015116
24.007302
19.012365
39.025923
9.022588
54.010107
24.015643
14.034936
19.013177
9.025354
10.000928
18.014591
20.006854
18.017140
19.039333
24.010473
34.028003
29.008155
9.030190
9.015495
24.006929
19.015253
14.012837
19.018014
19.016817
29.011299
39.011241
9.016121
9.016421
19.012731
19.013697
24.026945
30.003366
28.029624
19.024251
17.000928
11.017565
14.015501
34.005770
19.005510
24.019779
14.018827
34.014789
39.017117
14.005090
15.004343
13.011159
34.010027
24.009853
39.014549
24.010367
44.005576
29.038791
34.023336
24.029438
9.020209
39.012977
44.016867
14.012337
34.012851
14.027478
19.016947
24.018709
14.018129
19.014223
34.007222
29.019653
25.009807
33.009387
34.006623
19.005630
24.012591
14.014097
10.004563
13.008715
29.018851
19.005650
49.031066
39.030281
19.021614
34.028750
9.010293
31.004343
17.020412
24.018545
10.012114
24.004442
23.011805
59.035678
24.037529
19.034979
24.028123
14.020089
19.008440
54.028522
9.029866
29.007209
49.010771
9.017781
19.023147
14.034424
24.042058
19.026674
14.008714
9.014117
24.005250
19.026858
19.011591
39.012533
29.022460
9.023574
24.034861
34.020489
9.019189
14.016050
14.015239
24.010333
24.007734
59.017285
14.011611
14.016793
69.012591
34.010733
19.025048
39.010127
9.028923
42.004483
41.015021
24.022944
25.004642
38.019865
24.027332
64.007363
49.012917
39.026512
14.021153
14.025366
34.005870
19.024780
19.011191
39.018807
39.006922
24.026995
19.017109
29.018487
14.007442
14.019618
14.022681
14.011926
19.008575
49.008575
19.005271
34.036014
9.014443
9.005696
34.030290
19.009407
24.021478
14.016727
19.002220
20.000928
8.017528
24.024349
19.016188
19.016515
19.015409
19.012957
19.016387
14.023611
24.041794
19.010867
19.007203
10.000928
28.009513
9.017619
10.000928
33.017159
19.011425
9.016039
19.027190
69.014378
14.021339
14.014755
19.002220
39.012585
24.007795
14.003758
19.014595
14.011285
49.011719
64.010859
54.011225
19.019743
14.024065
25.004622
18.015163
19.022150
14.011451
39.022636
14.020345
9.009527
19.005930
24.018716
19.025947
19.011262
25.000928
24.000928
33.006310
14.023876
44.018526
49.005150
24.005810
29.022441
19.008535
34.010611
11.004483
12.015267
34.008655
24.005690
14.020877
24.034153
20.000928
18.022102
34.005910
14.011451
19.018379
25.005855
28.011114
29.019273
24.024978
14.019811
19.012903
29.005430
19.014749
9.012691
24.016794
29.018492
19.023714
19.007063
34.020600
9.031956
24.014209
14.022083
64.011005
34.020625
19.029774
9.008435
54.018633
24.028901
34.007934
19.011805
29.007862
14.026250
26.004423
27.012777
9.012117
19.020882
9.028149
24.034017
19.005450
9.022680
24.015309
29.007223
30.009020
18.016807
15.005144
11.004603
26.015787
19.007034
14.010859
20.012600
18.022150
19.016673
29.017113
24.020083
64.019029
9.027552
29.020278
9.012877
19.023096
29.011049
15.003426
18.028504
14.018994
34.012495
15.006104
13.019250
14.021714
24.016781
19.008735
29.024430
14.021134
29.035824
49.013257
14.015287
29.016045
14.012841
29.013977
64.017662
29.019593
16.000928
48.004363
13.007108
34.025356
39.021746
19.016867
34.019267
19.005990
24.023316
29.021413
34.008935
29.014295
24.011442
49.013935
14.011565
24.023242
34.005496
34.010419
35.000928
13.012831
10.000928
18.031860
24.017799
19.016321
14.022518
34.011673
34.023024
9.016493
14.043343
39.014349
34.010247
9.009713
24.005216
24.030711
34.019380
29.018342
9.015527
34.025010
19.009567
24.011892
19.021274
54.011299
14.035529
34.006382
15.004483
24.000928
19.000928
23.018780
9.009887
10.007098
18.010293
24.031363
34.013099
14.030108
49.011319
14.026767
14.016117
14.012637
14.006583
24.014949
29.005330
39.008955
14.019279
19.005330
19.003838
20.000928
53.020916
44.031008
9.017915
19.031108
34.013357
39.009973
9.019153
19.028971
14.009174
29.020059
29.024656
14.024624
44.022008
29.006722
39.025516
14.019352
9.039534
29.014051
29.008960
49.014203
24.012399
14.011259
9.013283
9.028126
24.008555
59.021295
39.014476
9.027056
24.019404
29.010997
45.015867
18.010159
24.025254
14.021250
19.009141
14.010213
39.019272
24.022185
19.015775
39.015201
69.016781
19.024364
44.019492
20.000928
13.012371
20.005644
35.004523
17.023799
54.017218
34.016519
29.023750
19.016181
24.014337
59.020001
12.004543
16.015775
