17.008815
5.000928
13.049285
9.011259
9.014761
14.025754
34.024441
9.023754
9.026058
9.029137
14.040851
9.009421
24.019446
9.021850
9.028046
14.042124
9.023210
14.057528
5.009933
13.027102
29.008235
19.033411
9.034671
11.009141
7.037733
9.018545
4.013783
11.006924
22.035090
19.016301
9.030119
9.026067
9.006609
14.016291
4.019325
9.023875
9.029131
14.006805
10.013981
8.023290
9.012447
5.021589
23.010477
4.049837
15.000928
8.019532
9.030789
5.000928
8.029766
14.031307
5.000928
8.031736
9.014643
11.000928
7.018845
9.034027
29.028484
14.011065
9.030622
9.012511
12.000928
12.002626
10.004542
17.008356
21.000928
12.017608
9.017373
19.035875
9.014729
14.008101
9.027977
11.003758
14.000928
22.008614
14.014856
9.037367
34.008810
4.041224
5.005470
8.013495
19.010033
14.013309
9.022771
9.028959
4.025094
19.025950
19.019158
9.006974
10.011621
4.000928
18.034540
26.000928
12.017732
19.049003
9.038507
9.059502
9.017727
10.000928
4.000928
13.016814
9.018133
4.034450
9.020065
9.025141
14.033529
19.031566
9.017193
5.000928
13.057576
9.020258
10.000928
10.000928
12.026763
9.018746
4.023086
6.000928
8.006035
18.054622
4.022378
10.006091
13.019008
9.015175
9.007209
15.000928
10.000928
12.018438
14.006090
19.017208
14.022826
19.033454
4.043736
19.005250
4.016267
19.022270
9.062499
19.009555
8.000928
4.000928
15.049954
10.000928
4.000928
8.025546
5.000928
8.016921
9.048720
14.009807
19.007482
9.017224
9.023680
4.039737
14.025846
14.037376
10.002846
20.000928
7.021432
9.035263
19.024024
19.040651
14.007302
9.015615
19.059324
9.015553
4.041343
5.000928
8.036301
19.017619
9.035313
9.009141
24.046609
4.015867
24.016803
19.031632
9.034123
9.019252
19.010215
4.039033
4.017187
9.009927
5.000928
13.016328
4.016245
9.031399
14.012579
17.000928
11.031850
4.032741
9.037773
29.008621
14.010093
9.012331
4.022342
10.000928
8.021502
7.000928
11.006908
9.019892
19.038427
19.021677
12.004323
11.023776
14.028701
24.014675
9.028371
9.024766
9.008629
5.000928
8.024791
9.026679
9.026008
9.011361
9.024048
9.008701
9.033221
9.038648
19.043659
15.000928
14.012201
19.000928
5.000928
22.016679
14.027497
4.038894
24.021880
9.030713
7.004643
11.006622
13.000928
10.037198
9.005230
14.034449
9.024751
15.000928
5.000928
7.046678
14.007322
10.004322
8.008541
14.033847
14.028033
4.029328
15.000928
18.021610
10.000928
13.027669
14.016987
10.000928
8.021654
19.020504
14.021682
10.004523
9.000928
13.024442
14.006250
9.013783
19.013903
9.034205
9.044262
9.010219
24.010781
5.004623
8.014065
19.031792
5.000928
8.028854
14.006643
9.031731
14.009567
19.028831
14.034658
6.000928
12.034100
14.021277
6.000928
27.013987
9.044773
9.034226
5.000928
8.036059
9.008788
10.000928
13.015988
9.015797
10.003858
3.046232
9.036585
9.032641
25.000928
4.004826
18.005256
14.013051
9.023104
7.000928
7.000928
8.034145
9.036399
14.031513
10.007890
8.053006
29.024540
8.000928
30.015494
10.000928
8.026643
9.013607
10.000928
14.000928
18.033703
9.033015
19.002220
9.016056
4.031291
10.004643
8.026592
14.018466
19.028573
14.006424
6.000928
12.040796
24.014406
5.000928
8.043712
10.002870
13.032697
9.028484
14.043270
10.000928
8.020186
12.000928
6.027191
9.010020
9.025225
20.000928
8.032425
14.026511
14.013007
14.032723
14.032655
10.005875
8.012603
9.041796
9.028464
9.021130
5.002866
8.008115
14.002220
14.037271
10.000928
13.037283
10.000928
13.025354
9.007507
9.033016
10.014801
18.008595
9.038127
14.017028
29.054043
19.007443
9.020058
6.000928
7.032887
6.000928
12.021271
19.066629
20.000928
8.019552
9.018396
12.006010
7.000928
8.024561
12.000928
7.000928
13.022550
19.017585
4.036094
11.009790
8.000928
13.015512
5.000928
5.006565
13.000928
5.000928
10.000928
17.009095
25.007024
15.000928
11.031664
4.031458
25.000928
8.012965
19.012245
19.014321
10.000928
9.009759
8.015342
4.019484
4.032663
7.008471
21.018646
6.009661
8.000928
18.014035
6.012395
12.036871
9.030803
24.042543
14.031229
14.015413
19.002220
4.034560
9.026388
9.023921
10.005121
23.007342
10.000928
8.020824
25.003234
14.026678
8.005550
9.007821
9.012537
9.031681
9.020884
14.022042
8.000928
36.004826
10.000928
12.018426
14.005370
9.005090
4.017691
17.000928
7.017402
8.020970
9.034115
26.000928
13.000928
13.023764
4.022300
4.042424
9.006894
17.000928
17.000928
3.041547
9.027857
29.010481
10.006565
19.000928
4.000928
8.031968
19.006728
9.032317
14.029316
5.000928
8.005210
14.031548
9.010427
10.000928
13.007062
9.005350
9.022615
4.036094
9.009679
19.039881
4.043340
10.000928
13.010959
14.008455
10.018180
8.023978
4.036875
24.016407
14.051846
15.000928
13.042224
14.060514
4.019632
19.030381
14.009469
5.000928
13.007442
9.017434
40.000928
18.008575
14.040036
14.047211
10.000928
8.031776
25.000928
18.036280
4.025536
5.000928
19.011661
18.005690
9.033480
4.019286
9.037792
10.000928
8.028706
4.054018
4.017672
4.037324
9.039865
14.044844
9.020804
19.012985
9.037592
9.014264
9.022750
24.043853
5.000928
8.027945
9.005690
9.019431
14.008234
5.000928
8.018612
4.044290
14.019338
9.044439
9.020572
9.032728
9.009007
9.007372
29.006848
24.002220
19.035133
11.004563
7.015317
10.000928
13.022981
14.023450
5.000928
13.010833
9.017858
9.026141
20.004303
8.039178
5.000928
19.004950
13.041891
15.004183
5.002986
7.029193
24.013304
30.011901
13.029562
5.000928
19.004543
8.009253
10.016476
8.038074
11.000928
17.005650
9.017174
4.036824
19.023120
15.013180
13.025176
19.008086
14.006802
9.029012
9.021376
14.009753
15.011240
8.023035
10.004383
13.040490
16.000928
7.023938
14.015103
4.045771
39.025547
15.014223
9.006750
6.000928
11.007168
19.047313
14.023573
19.040090
4.038498
19.041387
9.020131
10.007029
18.036065
19.016617
19.039583
14.029486
9.022934
10.004263
13.047503
9.024599
19.025600
4.030275
14.019738
9.028113
6.000928
7.025183
4.035656
9.020155
9.044005
4.022062
14.009561
44.011527
5.000928
18.005190
9.025580
19.021404
29.008595
9.007536
14.013163
14.003878
19.033103
6.002486
12.007188
10.000928
18.005031
4.021654
4.038788
19.010193
11.008741
12.011511
4.033180
25.000928
8.015527
9.005650
4.057859
14.030369
19.036182
9.029896
9.016799
19.013930
19.009833
4.030205
9.040760
4.021710
9.021410
19.017147
9.005390
17.003426
21.022461
14.017502
11.000928
8.000928
28.030622
9.010233
19.015762
5.000928
8.027537
45.000928
13.039441
4.029314
9.032216
21.000928
8.004322
8.010547
7.000928
22.008439
9.000928
8.031805
10.000928
3.028651
9.015839
11.004423
7.017278
13.000928
5.030756
25.004518
8.038079
4.034538
9.022450
14.046629
15.029725
8.027240
10.000928
13.023323
15.000928
10.000928
12.021242
15.000928
6.000928
9.000928
11.013472
10.002626
8.023640
20.010310
8.006715
9.031805
24.023022
25.000928
8.032427
19.048823
14.020808
4.027858
9.049388
14.034545
19.008741
26.004483
9.002950
7.023760
9.019872
9.049472
14.031194
19.021885
19.006963
9.023898
9.016528
4.033567
14.036016
14.017994
14.020040
9.027321
5.000928
13.030222
24.009361
9.034630
11.013801
12.030574
15.004603
13.009766
17.006415
7.000928
8.034145
20.000928
8.023394
14.049309
9.033400
14.048550
5.044658
8.010739
15.000928
8.037456
9.010777
10.007850
13.033002
5.000928
3.037251
14.007642
20.000928
13.028423
14.030773
9.028955
19.005810
14.006145
5.000928
9.000928
8.012217
14.014904
34.018778
10.000928
13.007442
19.009081
9.012937
4.034833
9.015209
9.009733
14.027733
4.024936
14.038760
9.014379
4.043030
9.012023
9.026463
10.000928
4.004563
4.008143
18.012726
6.011221
7.016725
9.017920
9.029875
14.024288
9.029274
9.010181
12.000928
6.006118
14.039656
9.015373
19.010033
24.011265
9.022890
19.009409
19.042645
14.031534
10.000928
8.017238
24.006522
10.000928
4.000928
28.012711
9.021788
10.004473
13.010495
9.029535
9.015824
19.023340
4.029953
10.003034
13.037247
19.005650
4.015855
14.010973
5.000928
8.012431
4.023148
25.000928
8.031170
4.059359
14.037874
5.000928
9.000928
18.028319
4.038644
4.028590
14.009686
14.040968
4.048424
4.033460
9.026320
9.037847
24.029401
14.025948
14.040749
10.000928
9.000928
9.008501
13.034872
9.008521
10.000928
15.000928
4.000928
12.024308
19.043431
9.033149
19.007562
19.009175
9.011671
19.022162
6.004602
12.029146
14.016156
9.023875
9.019752
10.000928
13.020901
4.047747
24.008115
9.033935
4.019146
5.000928
13.019974
11.000928
23.000928
23.034885
25.004303
13.010879
9.036282
14.033213
19.019474
9.030083
4.029456
14.027575
19.016496
9.024581
24.009396
20.005955
19.000928
3.031413
11.000928
7.027478
5.000928
13.034596
14.021591
10.005557
8.017810
14.029710
19.049619
19.006230
19.005536
14.012897
9.033547
4.034538
9.035099
19.033647
9.017499
25.002546
8.037638
15.000928
13.008175
24.030753
9.032184
4.034150
9.023696
8.000928
20.006705
9.016567
5.000928
8.021480
5.000928
13.004970
14.039009
4.020918
9.022562
19.006443
7.004443
11.014229
9.029563
5.000928
6.000928
11.042409
5.000928
13.010407
9.010651
9.025128
9.030210
14.005950
14.037091
20.010241
8.020384
15.000928
7.000928
21.000928
18.011040
9.014124
10.002950
4.000928
13.020297
9.025952
9.027673
4.042246
9.006983
20.000928
8.029121
9.023424
9.028096
21.003532
4.004422
9.004823
12.009533
14.009407
11.000928
12.020494
9.030330
9.026380
19.009461
19.016748
19.016259
10.005245
14.000928
18.005170
9.009567
25.002486
9.000928
8.015229
6.000928
13.008609
4.000928
10.000928
23.000928
9.016520
8.017715
20.000928
9.000928
9.003446
24.004383
9.000928
8.026298
5.000928
15.000928
7.026010
9.004104
4.041100
4.047157
14.028182
24.009395
10.014921
4.000928
8.016828
24.025126
9.021598
14.009679
14.016393
5.000928
4.000928
9.000928
3.033267
16.002586
7.020292
9.024166
19.038086
7.000928
11.005990
9.012563
9.026230
16.007161
12.012771
14.013850
4.037619
9.017434
9.028104
14.010959
4.045118
9.008481
14.014529
5.005144
8.015121
9.038516
25.000928
18.021910
19.019998
4.032101
14.005350
14.007068
4.031354
14.010527
9.018932
11.000928
6.000928
15.039933
5.000928
8.024934
14.015267
9.029685
9.033418
15.023766
8.019286
9.014225
4.051911
11.003354
18.011743
4.000928
9.000928
13.007382
4.029923
14.036306
4.030264
15.005350
8.015242
34.028301
10.004262
10.000928
7.040794
14.020763
14.005136
9.035884
10.000928
4.000928
8.028865
9.013917
9.008215
19.051207
9.011651
10.000928
8.026267
4.022650
9.019422
9.038831
9.023541
9.029409
14.019856
9.028650
39.027049
19.038439
7.000928
16.041218
24.016263
15.000928
23.034401
10.000928
8.002220
4.037316
9.021964
10.000928
6.004584
16.010459
5.000928
14.000928
13.015907
9.034675
19.020826
9.002220
14.023687
9.020184
15.000928
6.004413
7.000928
8.016175
26.000928
9.000928
7.016786
14.012297
15.011631
13.040258
5.000928
8.034529
9.004572
9.029969
5.000928
8.022803
20.004582
8.029827
15.004198
13.031502
15.000928
8.015395
4.054208
5.000928
8.057324
14.013371
19.016811
4.027464
11.000928
12.034749
14.005470
9.037246
