7.023930
11.000928
7.016117
18.000928
5.011505
9.016399
9.016200
9.036447
10.002406
8.033269
4.031505
4.027741
34.023984
10.009121
8.024115
9.028626
14.018342
9.030170
14.024600
14.017139
9.032261
19.014099
15.008149
8.034292
4.029949
9.042193
14.009613
9.025228
30.004123
18.011719
22.012941
11.017624
9.032334
9.033607
9.006875
14.043354
14.034417
5.000928
13.033361
9.020614
8.000928
10.033745
20.008441
8.049550
4.035804
9.007242
9.037472
14.011099
14.030771
14.011197
14.016243
9.016977
9.029226
10.011983
13.015853
14.035469
9.024806
19.021876
9.037941
14.015939
19.008355
24.045604
14.011019
19.023388
9.017552
10.000928
8.048599
9.014817
4.040153
25.014447
10.010921
7.040468
6.000928
3.010850
8.015645
9.019412
4.051587
9.031017
14.034419
21.012200
8.022558
8.010799
14.025245
4.056790
5.004393
3.049317
9.013522
5.011851
13.032827
11.000928
7.035131
9.014109
9.018942
9.035543
4.032464
9.011303
21.014561
12.006974
4.044075
12.008641
6.028348
9.017059
4.058395
5.004478
8.038004
14.011995
5.007622
8.025724
4.045220
4.023422
9.026366
4.041628
9.028810
4.045397
14.012601
4.041608
9.026284
9.031489
19.039149
4.047014
19.005430
14.012331
9.006583
14.006190
9.008375
14.023644
15.002526
8.025526
14.016173
34.048857
9.011091
9.009407
9.003678
9.038196
11.008861
12.027730
14.012692
10.000928
8.030950
9.015842
4.034045
20.000928
8.017464
4.025759
9.009249
24.012819
6.002966
17.037909
14.011811
9.010127
4.038201
9.016734
4.041361
9.011591
9.028943
9.005770
9.008386
9.028598
9.027112
5.004543
13.057057
5.005344
8.025705
4.045579
14.030470
9.022761
19.012357
19.037014
10.000928
14.007196
8.029373
11.013161
19.004543
7.031717
14.024693
6.000928
12.011979
9.027413
14.006922
5.000928
8.008948
9.020842
4.053794
19.027235
14.022270
4.021936
4.040892
4.029995
9.028675
9.019744
4.057940
9.010227
9.037868
14.029387
4.032827
5.000928
8.018710
14.029137
16.002950
23.000928
13.018912
4.044416
9.024654
9.047073
9.035622
4.037062
9.025874
14.027010
14.031982
10.010503
8.015953
9.022620
4.058296
15.004423
8.024392
14.020524
24.022868
9.046243
9.026508
14.026998
9.042779
9.012573
19.021754
4.049204
9.029228
14.025028
14.023006
19.021336
10.009661
9.000928
13.016879
5.016677
8.023171
4.047313
4.035896
15.000928
4.000928
13.029300
14.019798
14.038017
9.021582
9.034123
4.054861
9.044938
14.025993
9.029263
14.023834
4.026006
9.018240
9.029519
10.004442
8.033185
14.013329
14.025744
9.021712
6.010940
7.027562
5.000928
13.018535
9.017948
5.003732
8.039683
19.007303
9.030908
14.035566
4.032154
24.014091
15.006665
8.013689
9.020137
9.018260
9.025363
9.035500
14.031890
11.003486
7.014557
9.018661
9.039293
5.000928
8.007621
9.015116
9.026562
9.021783
19.027694
14.021178
9.009953
9.034262
25.014820
8.026124
6.000928
8.014339
13.022388
19.029343
9.027225
6.011121
7.023693
4.039613
4.018660
20.016561
8.013481
19.006010
14.028188
24.027441
9.017234
11.004563
8.014621
8.027680
19.012213
14.028566
9.042246
10.000928
8.036408
14.008539
14.009373
10.000928
4.000928
23.016934
24.037815
9.038147
34.021920
9.016945
9.006543
5.007936
13.026192
14.037773
14.022548
4.025113
10.005774
8.060843
24.011365
9.005870
9.030429
4.060186
29.043284
19.019478
14.038383
6.004587
12.031959
9.022164
9.010661
11.000928
7.028128
14.018706
19.035196
15.004463
3.050608
4.023788
19.015587
14.037825
14.029448
6.010621
7.045192
14.007915
9.040705
9.028591
9.017726
9.013111
9.012619
14.020394
14.020572
4.015742
9.010653
9.012917
9.035061
4.024314
9.024708
11.004423
22.021984
45.000928
18.030819
5.000928
9.000928
3.028245
9.029843
19.017268
9.017970
9.036293
4.027292
9.012391
4.046476
6.006943
12.017433
9.030686
4.027673
9.032929
19.052656
9.022236
14.037179
14.039180
16.000928
7.004971
9.043397
4.043147
9.043843
9.015482
25.007181
3.029253
19.025477
9.050655
14.014295
9.007103
14.019552
9.019201
14.023437
14.040727
7.005451
16.029645
14.002220
19.029233
9.044234
9.036613
14.011731
4.025736
6.015340
7.047747
9.030259
14.035131
9.027684
19.016948
9.017033
9.047986
9.016527
7.000928
11.026626
14.016795
4.019362
9.007143
9.007448
9.027359
11.004203
12.020428
9.018874
4.020237
9.013551
14.012731
19.033821
20.002566
13.031993
19.026189
14.007427
5.003030
3.023718
19.027646
29.031581
9.035251
4.044017
10.000928
8.006423
4.033185
9.018605
9.007102
14.027165
30.015280
8.011591
4.040683
14.053423
6.005284
12.053381
14.017419
9.031044
5.003166
13.023774
9.017548
39.044425
14.022348
19.042919
19.012983
14.028937
5.000928
8.018438
9.026671
19.013157
9.023665
24.005610
9.007142
24.013431
15.006361
13.038272
14.012697
9.007553
15.006436
8.024570
14.035093
14.013003
9.029459
9.023876
4.067200
5.000928
8.018480
6.000928
12.039357
15.000928
8.037785
9.018753
24.035645
4.052566
14.026654
10.004343
13.025739
9.022528
4.029559
9.027133
4.044094
9.009839
6.004218
13.005794
3.056750
9.011117
4.038996
4.033114
9.014922
34.009407
5.006154
13.002220
14.040121
14.039267
9.047605
9.027483
4.025916
14.043377
4.041239
14.048888
14.032411
9.017493
9.009979
14.029136
14.015231
16.004583
12.010857
5.026921
8.015616
19.028783
20.000928
18.019906
19.017095
15.011025
13.010447
19.002220
14.021456
5.003326
14.000928
8.021612
14.019953
4.032253
9.032462
14.014423
9.024554
5.000928
8.026420
9.012477
9.006894
9.018606
9.031491
4.015636
4.041758
24.038245
14.018792
4.039726
9.040120
20.004603
13.022526
16.007117
27.027318
9.025055
9.030905
15.006765
8.055039
9.022042
5.000928
14.013083
5.010253
12.037596
9.037508
9.022828
9.014923
14.007063
9.036700
9.014775
16.000928
23.002386
8.026864
14.017377
9.012059
19.053579
19.026271
9.024137
10.014715
4.000928
8.021590
4.033164
6.000928
9.004183
17.027596
14.057218
10.000928
13.014130
4.044363
9.011753
14.008221
4.013017
19.012651
4.051456
9.008400
9.026449
10.000928
18.022002
19.014009
4.034847
24.017014
9.006769
9.023521
11.004403
8.004698
8.032340
14.009120
6.000928
7.028979
9.027338
14.032469
9.023980
9.017822
24.034095
9.026232
15.009625
8.037736
9.027635
24.038674
4.048340
9.015009
9.045984
14.033389
9.035473
10.000928
8.026300
11.007841
13.000928
7.000928
10.045525
15.007133
8.032597
9.033673
24.021700
9.044685
9.006748
14.011339
7.013941
11.034833
9.028925
9.011402
6.000928
7.035605
14.013409
9.030924
14.036073
14.016723
11.007539
12.026604
5.002426
8.022328
11.011161
7.042812
19.013103
14.018786
9.026469
9.040643
5.009441
9.000928
8.038292
14.032051
4.044010
9.039354
9.017389
14.030109
24.022776
9.026318
9.035424
5.004578
8.028916
9.018813
9.016261
14.022658
5.029851
9.004632
9.002286
3.033256
14.034367
4.032986
9.006948
19.030211
9.025254
24.009867
10.010573
8.025749
19.034119
9.009326
11.000928
17.042987
9.039956
9.013139
9.022628
9.045185
19.013062
9.024564
19.007441
15.004643
10.005925
12.037567
14.005710
14.024094
14.027973
14.028498
14.021268
14.013643
14.028130
14.013663
14.031281
9.023988
9.017548
5.004113
23.030377
11.004502
12.031829
9.034261
25.004643
18.010905
24.030677
14.026130
20.006949
13.028495
12.004198
11.023122
9.021056
9.020910
9.030630
14.019598
4.040511
14.010073
24.020764
24.026195
9.051247
9.013983
9.029295
9.038213
14.015221
29.013517
9.026303
5.004422
13.032042
9.007282
9.025150
11.000928
13.004439
18.015773
5.005896
13.021516
6.000928
7.022464
15.010163
18.043381
9.011179
6.004443
12.016695
10.013921
8.052595
9.013691
19.037758
4.051243
34.010393
9.012651
14.011761
9.051921
9.039123
14.021427
19.009719
9.044281
9.023152
9.029782
5.000928
13.024648
15.003990
13.048714
9.031100
14.046385
19.038158
14.025514
9.036669
9.051859
9.047859
4.041572
14.033116
14.026614
9.021841
9.016081
4.044001
9.012279
9.044251
24.008549
4.054878
29.032984
9.019153
9.009886
6.010941
12.027294
24.009047
15.011441
19.007085
13.029390
6.000928
17.036310
11.000928
22.034293
14.003918
9.014627
7.004503
16.007182
20.015401
8.014738
9.015601
5.002346
13.030406
9.028069
9.015637
9.012113
14.013967
6.002806
12.014597
15.000928
8.017808
14.023024
9.030355
14.025736
6.000928
27.036046
14.025540
6.000928
12.014013
9.013687
4.026641
9.014071
19.021774
9.035080
14.036396
14.029331
9.005730
6.004423
12.028855
19.009487
5.003246
18.019698
5.000928
13.050119
9.025774
9.037943
24.053238
9.033349
5.006037
13.012025
9.029165
9.018380
9.027802
4.030231
19.009507
12.004583
11.023266
34.032349
4.025873
9.044032
25.014017
13.007821
4.027377
9.012851
14.045261
7.004463
16.018322
9.034483
14.027893
9.036219
24.015523
9.038432
14.026536
9.029679
9.039236
10.006493
8.039411
9.020238
9.021252
4.044679
14.031296
15.000928
8.031411
9.011739
9.032442
4.043730
9.046000
9.030885
9.018840
14.028771
44.022766
4.052821
9.010121
14.014689
15.010025
9.010245
8.021148
9.028204
9.006915
35.004122
9.000928
13.036852
9.019604
9.021960
14.017702
25.006445
13.032096
4.050318
4.041444
11.002286
7.023188
10.003026
8.028867
14.030668
9.029790
9.028059
9.034667
20.009061
8.013391
14.043265
24.023316
14.030570
9.022436
9.009427
6.004482
7.022862
14.021916
9.034849
9.024620
9.044267
34.012183
14.005277
9.030049
19.012417
9.047319
9.014489
15.005976
14.009110
8.023820
4.027749
4.058168
9.021673
9.022992
14.023341
14.015889
4.020364
10.012641
13.012253
4.055154
9.040837
9.028533
4.043197
16.000928
22.031316
15.000928
8.018591
9.038787
9.021508
14.042400
9.035115
4.041749
5.000928
8.017928
9.018220
14.025824
10.004483
6.004398
8.000928
22.005556
14.014447
9.031449
20.000928
8.008241
9.036799
14.004064
14.016102
9.035217
25.000928
13.018626
14.006614
4.036955
14.030705
9.009419
14.005470
24.010999
9.021584
9.009807
9.023203
9.026786
9.002220
9.028682
4.049952
5.008733
8.030992
29.005150
4.023304
9.026753
9.016049
10.009201
9.009315
8.023540
4.037244
9.017594
9.017203
19.014309
9.006843
19.040839
5.006321
10.005935
8.000928
13.017907
10.008225
9.000928
8.033361
9.008720
9.007143
9.009953
9.029137
14.022288
5.000928
13.030233
14.013031
14.007263
5.003026
8.049485
14.019943
19.020324
9.021197
14.006829
4.020929
4.048648
14.010279
9.028917
14.044111
9.037345
14.043005
9.015416
20.014885
18.015003
17.005911
11.023464
4.019814
6.002426
18.007069
8.020399
9.029781
9.012189
24.012971
19.009419
14.031075
4.046078
14.037276
6.006984
12.054025
9.027352
4.038995
14.023560
9.037996
14.023972
14.031415
9.028485
19.008234
9.017179
14.068413
4.061043
19.031017
19.027047
9.022616
10.008850
9.019998
5.000928
12.036211
9.052220
9.026962
4.036251
9.032499
9.033243
14.020978
4.030207
9.011592
4.027507
6.000928
12.028423
6.011583
12.011233
19.032312
5.003466
8.005090
9.007263
9.020831
9.042110
19.023628
9.028592
14.058794
14.038619
7.004443
21.009241
14.005270
