7.012011
9.032950
20.000928
19.000928
8.008341
9.015149
24.008375
21.000928
13.012700
29.014604
19.000928
8.018339
22.000928
6.016114
11.000928
32.021497
20.003998
23.012159
14.008195
9.012351
20.000928
43.009163
9.023638
4.027648
29.012411
14.008514
14.012657
14.022374
6.006585
23.000928
9.000928
9.000928
4.000928
6.000928
8.002306
14.002926
7.017300
19.008334
9.034514
6.000928
13.006985
8.049155
6.000928
17.016087
5.014401
13.021677
9.024542
11.004478
7.019438
41.004850
7.009573
10.013943
23.014727
13.002966
15.022315
4.037673
31.000928
8.000928
8.035595
12.004778
20.000928
16.000928
6.002506
21.025844
4.023902
5.004358
15.010190
7.017155
6.004598
9.000928
18.004438
18.020510
9.034231
14.016835
4.047821
49.013291
15.004298
45.000928
18.000928
16.000928
22.000928
30.000928
15.000928
8.011259
12.009887
4.023348
46.000928
7.021809
10.000928
13.015087
9.008587
9.019746
31.002526
12.018310
14.032489
4.035081
6.004663
19.000928
7.025730
4.024368
17.000928
16.006702
4.032504
4.027562
29.006742
9.008655
6.004143
19.004798
18.000928
10.004698
22.021357
9.007143
9.019329
19.011373
12.000928
12.005510
13.019585
21.000928
10.000928
16.017373
4.036345
10.002426
21.000928
11.026969
37.000928
27.002766
8.010805
11.004298
7.022916
31.004158
9.003046
13.009881
8.008574
17.000928
11.025498
28.000928
15.033227
19.025214
22.010141
8.000928
9.002386
31.000928
11.000928
5.003170
7.026802
39.009487
14.016041
9.019438
24.015935
10.000928
23.011818
4.028364
29.005470
14.009207
19.011639
4.027298
4.016967
34.007023
5.004518
43.024267
9.020972
19.014857
14.018100
6.000928
24.000928
17.025502
9.021275
16.002626
14.003366
19.000928
19.000928
12.008675
13.000928
50.017173
34.008095
5.000928
13.004018
19.024165
9.024112
19.005070
9.013148
25.000928
5.002326
12.030034
4.020783
10.000928
3.021942
9.019751
21.000928
25.007093
22.004398
5.000928
9.000928
12.020026
24.044637
9.029652
14.024002
9.013811
34.019792
9.017174
9.016923
6.000928
19.000928
17.006656
5.019578
16.004398
13.010230
12.010147
5.004518
8.026333
11.000928
17.015809
9.022814
10.002906
13.005360
14.016647
7.004038
6.013291
14.007142
16.000928
12.012119
14.028863
4.022782
14.023294
14.009907
4.033823
24.016585
9.021169
9.008501
4.018220
26.000928
37.011179
9.011939
16.000928
27.016320
30.002486
13.034611
24.007434
4.019314
40.000928
13.013251
19.011525
21.002706
17.036480
9.036675
7.003110
14.002586
6.033381
20.000928
13.019452
6.000928
7.027698
14.013091
19.008315
6.000928
7.032492
12.002726
21.028507
20.000928
10.004302
7.028378
19.016393
24.008675
9.011869
34.007629
19.023214
24.009947
20.000928
13.029772
26.004098
9.000928
7.014975
9.020733
29.029665
9.006423
14.013281
9.008655
10.000928
14.000928
14.000928
24.000928
5.000928
17.016485
53.000928
46.000928
28.013603
10.004602
48.011371
5.005770
8.027619
4.029401
4.024349
9.042279
9.017557
15.010164
13.016567
6.000928
32.017079
5.000928
13.006983
9.017239
9.021954
26.000928
12.021452
7.002870
31.005650
4.027384
14.019318
19.027972
24.006622
14.014923
9.028001
39.005810
9.031353
19.018973
9.009807
4.031210
39.009447
4.017207
7.002546
16.022602
25.013920
10.004778
17.017005
9.012425
19.021246
9.025350
36.000928
22.019324
24.022364
29.022704
7.000928
21.015216
31.000928
18.015360
15.002726
17.019399
9.041153
24.005130
9.020478
14.022530
9.026366
14.031148
21.000928
7.025682
6.000928
37.008554
11.000928
12.022640
9.029938
5.004138
13.014105
15.002566
20.000928
8.009950
3.025996
9.015375
31.000928
7.007855
6.000928
30.002606
6.021771
4.019380
9.009807
19.032801
19.010227
9.014509
9.023932
24.013362
9.017087
9.018131
11.002706
7.024714
17.004578
17.003126
23.029772
4.028564
4.036937
14.032040
11.004398
22.029434
9.014183
29.008441
9.021762
9.016748
9.008795
7.000928
8.012190
27.008655
20.003166
10.004778
20.002686
6.019709
19.025810
20.000928
13.035798
14.012803
12.000928
16.009827
19.015269
15.000928
8.005330
16.000928
12.018527
9.008515
4.049255
26.000928
12.005350
31.000928
12.033743
11.002546
15.002386
16.007282
24.005310
16.004082
7.021367
29.012311
9.017173
34.026902
25.002266
8.020504
11.000928
9.000928
12.029360
21.000928
9.000928
14.000928
12.005150
6.000928
12.009222
14.011539
4.024342
15.002386
18.040967
14.026754
9.006863
31.000928
7.034490
10.000928
10.000928
7.024315
4.057665
4.031762
24.011259
11.010950
13.000928
14.009281
8.013541
9.025627
4.033712
7.000928
12.000928
23.024064
26.000928
35.000928
21.014483
14.027818
14.011325
29.008315
10.000928
8.030056
32.002790
6.020943
9.009947
9.005470
9.013943
6.000928
12.011219
44.023244
31.004658
15.000928
6.015955
14.026862
25.000928
10.004538
14.002446
13.000928
18.014333
9.007989
14.025087
9.012571
4.046979
24.016940
17.000928
31.030765
26.000928
9.002726
12.021022
11.000928
9.004158
13.000928
15.006910
17.007866
19.007182
4.036643
24.010839
10.003026
11.008010
13.000928
9.004198
9.004338
7.038186
19.014707
5.000928
18.016779
9.014849
4.024174
25.000928
19.015240
16.000928
17.007187
8.013145
9.007142
21.004318
3.000928
11.000928
21.019100
5.000928
13.008954
10.000928
20.002786
5.000928
18.000928
7.013939
24.023638
46.000928
28.000928
6.002866
21.010047
34.028910
17.003718
12.004698
38.014899
11.004163
14.005110
25.000928
13.000928
4.000928
17.015054
4.028945
14.005390
14.021236
5.000928
13.007082
30.000928
10.002546
30.002926
41.010861
4.033642
9.031419
4.023836
36.000928
17.011619
21.000928
7.018898
16.000928
12.031190
5.005556
13.013001
9.023972
16.000928
12.033927
9.009807
10.000928
5.000928
12.012591
9.024458
5.000928
8.015095
19.006903
9.021644
14.024880
4.022393
14.029595
11.000928
19.000928
27.016309
9.022104
9.008461
29.008341
19.021924
41.000928
12.008481
6.000928
13.000928
8.009846
5.000928
5.000928
10.005910
6.034484
9.009739
26.000928
14.000928
8.000928
30.001926
12.008895
25.000928
23.011099
4.033276
14.010267
19.016839
4.038578
24.020310
9.014415
4.016807
16.002706
12.005356
31.000928
7.019210
14.008615
29.015415
11.000928
14.000928
12.013649
9.043588
4.038645
6.004402
17.018000
4.016176
7.007241
21.040048
5.002926
18.005490
10.000928
15.003206
4.002266
7.019017
10.000928
11.000928
25.000928
10.024019
11.002386
23.000928
13.016687
7.000928
19.000928
21.007457
21.004778
12.016507
16.002986
27.022395
24.005670
9.016628
9.013709
47.000928
18.002826
17.007975
13.002646
10.015709
15.000928
13.018033
14.019457
36.003838
14.000928
42.011178
4.016507
5.000928
4.000928
9.000928
10.000928
7.029649
19.047754
16.004218
19.000928
17.025838
16.000928
14.000928
17.027168
4.016668
9.008375
49.023198
16.000928
17.013251
10.000928
21.000928
42.000928
11.004378
6.039326
14.017511
24.016527
10.000928
8.029587
10.000928
11.000928
11.021368
14.014733
6.002846
10.000928
11.026234
14.017498
24.023378
14.017899
6.000928
17.007103
5.004402
18.005570
9.023316
10.000928
20.004118
9.000928
7.034043
14.005330
14.011639
12.000928
6.026521
9.011199
4.020984
14.007557
9.024558
11.004458
12.008255
14.027209
9.038020
9.011318
15.004990
8.010086
9.010227
35.000928
11.000928
22.000928
23.009827
7.010241
22.008330
30.002746
10.000928
18.000928
13.004438
10.000928
16.000928
15.007263
4.017073
15.000928
8.021658
4.026072
26.000928
7.005510
5.000928
8.015587
9.040792
14.004632
10.000928
16.003006
32.004298
8.015793
24.020342
9.022276
4.019300
14.030988
16.003978
17.014269
4.032573
9.010413
9.009847
16.000928
7.021458
9.021990
6.002806
17.010187
24.009386
10.000928
16.000928
26.011179
16.000928
9.003938
27.017711
24.012691
15.000928
30.000928
20.000928
36.005170
11.000928
37.024616
15.000928
9.000928
9.009001
10.004798
8.000928
8.021104
19.014323
16.000928
7.012369
4.019588
4.015401
19.006962
14.020970
15.000928
3.014223
19.021169
14.010411
9.003658
11.006150
8.000928
6.004662
15.000928
25.008515
15.009840
8.026690
9.011539
9.025422
26.000928
24.000928
4.004622
7.020642
16.000928
12.025672
9.012751
9.011239
5.004538
8.022404
46.004738
7.022339
14.012871
14.027614
41.002786
4.011250
7.032113
24.007907
4.016616
9.015335
16.000928
12.051525
15.000928
23.006823
9.006862
9.006842
26.004562
12.016175
9.012795
14.028016
11.002726
40.000928
34.002786
16.028046
19.014103
4.015275
16.002886
13.000928
4.000928
5.002266
7.046412
9.017753
4.029908
9.017180
19.011393
17.000928
6.025548
9.016694
9.022976
24.018847
4.015676
10.000928
43.037442
4.009174
29.012489
19.018140
25.009330
15.000928
12.015061
24.023059
9.013237
4.021516
5.005376
21.004318
11.025010
16.004178
37.011359
16.000928
22.006968
11.003066
36.000928
47.004718
7.014149
15.000928
9.000928
40.000928
12.010167
19.005770
11.004238
12.028364
16.000928
6.002466
20.021630
24.008414
21.000928
5.000928
18.000928
9.000928
27.019651
7.004098
8.000928
7.035866
9.026480
15.004222
5.004362
7.043417
14.022948
11.004483
9.000928
8.000928
8.034633
9.017008
19.023438
4.034555
9.005610
9.019532
6.004862
9.000928
17.010831
19.035598
4.053726
9.043730
9.009827
19.023180
12.002246
41.007143
9.018766
6.004403
8.000928
9.000928
8.017481
15.004538
14.000928
21.002566
11.030352
6.000928
13.000928
15.000928
12.026166
6.000928
22.012515
9.005830
29.008515
9.014583
11.000928
7.009847
6.004603
7.032110
4.052179
24.028831
9.005270
5.000928
8.009571
7.004658
10.000928
27.000928
7.011385
12.000928
21.008194
9.015023
9.011459
19.003984
6.000928
12.034601
6.000928
8.000928
5.000928
12.015501
14.005650
5.000928
8.016799
9.008695
18.000928
20.019112
9.014669
4.028226
9.030463
14.017327
13.002526
20.023226
26.000928
9.000928
7.025864
24.010399
10.000928
18.012325
15.007068
8.017175
9.005590
14.032496
4.038066
7.000928
8.004758
17.008675
10.007711
11.000928
22.004758
16.000928
11.010007
14.032446
20.005815
18.028641
26.004238
13.004223
13.010621
9.010287
20.003346
13.018185
9.018679
6.000928
24.000928
12.014289
4.031332
9.019897
5.000928
8.021114
9.015169
11.006370
22.014469
16.000928
7.016914
11.000928
11.000928
46.002326
8.008435
15.000928
3.027446
39.020718
9.008615
4.019398
44.014083
9.034599
14.007022
31.010030
12.011983
23.000928
10.009513
7.000928
18.000928
17.007422
9.021119
17.000928
6.019005
5.003612
13.011918
14.010067
10.000928
8.036393
11.000928
10.000928
13.002446
7.021207
13.000928
28.000928
26.011319
29.002220
9.018005
4.030036
14.026958
9.024834
27.000928
18.004078
7.017745
14.006782
19.009927
9.009613
14.005610
11.000928
10.004398
26.012670
36.004598
22.005310
9.013237
19.008315
20.004442
13.012651
9.008594
17.000928
11.029630
16.000928
11.002946
21.000928
10.000928
12.014791
7.004438
11.021583
14.009225
14.022017
5.000928
13.018966
14.022492
14.015599
9.015847
11.005310
9.000928
11.000928
12.000928
7.008687
9.011245
16.000928
14.010130
22.016973
24.037311
19.017121
16.004623
15.004038
23.000928
7.018413
11.000928
7.021458
10.000928
15.000928
13.000928
14.012270
8.030406
13.000928
30.011199
6.000928
7.002220
20.000928
25.000928
14.004178
7.013351
16.000928
3.000928
5.000928
14.004738
12.034126
16.003958
22.002220
11.000928
18.000928
13.007194
6.004482
12.010793
9.008755
4.033921
8.000928
21.000928
23.029118
14.007082
9.015317
11.000928
7.009726
9.028113
5.000928
8.036020
9.012417
4.025667
44.009907
9.025656
6.012041
15.005030
11.009287
5.000928
10.004138
7.009667
16.003226
7.008535
29.009887
14.007702
9.009379
19.008541
4.057383
15.000928
8.017488
9.020380
9.043853
4.031619
9.013131
26.000928
17.011339
18.000928
50.009645
11.002786
14.000928
7.025214
17.000928
8.000928
29.000928
62.009700
5.003026
18.008695
10.004342
9.004383
5.000928
18.000928
8.016585
5.000928
5.004758
27.013603
20.002246
8.016687
14.005590
9.012419
5.004856
9.000928
8.020831
6.005224
4.006902
9.007990
