8.000928
19.000928
18.008568
9.008195
15.000928
10.000928
13.000928
4.000928
28.005325
5.000928
24.000928
19.000928
14.000928
34.000928
30.000928
12.022864
20.000928
8.014291
15.000928
18.005450
19.013597
40.000928
13.006529
10.000928
39.000928
28.011181
10.000928
19.000928
10.000928
18.000928
9.000928
8.013683
15.000928
13.012071
19.014335
15.000928
18.028899
19.005590
9.019464
5.000928
13.012977
25.011870
6.000928
26.024961
7.000928
11.011709
9.032468
35.000928
18.006862
29.052427
34.016487
19.007168
15.000928
13.029488
5.000928
13.006723
10.000928
33.007202
15.000928
13.005630
40.006865
9.000928
9.000928
14.000928
8.029760
14.012321
10.000928
8.009466
15.000928
9.000928
14.000928
28.005670
10.000928
19.000928
9.008001
19.000928
13.011002
6.000928
17.011865
21.000928
24.000928
7.023920
25.000928
13.009599
24.008047
15.000928
14.000928
8.024171
11.000928
12.034195
25.000928
14.000928
19.000928
14.000928
8.021596
20.000928
6.000928
6.026202
10.000928
9.000928
18.005670
19.024389
14.006803
9.022387
19.037919
34.025980
14.015441
15.000928
8.018400
10.000928
13.023843
5.000928
9.000928
9.000928
4.000928
8.013427
15.000928
8.020904
25.006770
14.000928
8.012233
9.023362
9.016135
20.000928
13.019047
5.000928
8.015901
10.000928
14.000928
4.008013
14.000928
18.008103
9.009707
14.013755
15.000928
34.000928
9.000928
24.000928
8.018986
10.000928
13.022016
9.008327
10.000928
14.000928
18.016155
15.000928
9.000928
29.000928
18.035458
15.000928
13.005056
25.000928
13.023158
14.007722
15.000928
30.000928
48.000928
29.000928
8.025188
5.000928
4.000928
24.000928
34.000928
11.000928
11.019445
9.015701
9.022051
14.040593
14.007302
20.000928
24.000928
8.016989
9.008594
34.026803
10.000928
13.010215
16.000928
12.011173
29.008415
20.000928
24.000928
8.020518
25.000928
19.000928
29.003790
8.020406
10.000928
14.000928
13.034310
5.000928
14.000928
8.007448
9.006842
15.000928
14.000928
8.032356
19.033635
9.013717
10.000928
14.000928
18.022436
9.005010
9.015047
9.007708
5.000928
18.010186
24.012937
14.006270
10.000928
19.000928
24.000928
13.010895
10.000928
23.013571
25.004583
20.000928
7.010267
10.000928
8.006802
19.023936
19.032744
9.016757
10.000928
18.009786
14.008600
14.018060
10.000928
9.000928
25.003884
28.000928
11.000928
21.009926
21.000928
27.043262
4.033198
10.000928
14.000928
19.000928
13.033283
10.000928
19.000928
15.000928
12.007408
4.028436
20.000928
13.013422
9.031890
30.000928
15.007207
12.021176
14.005450
19.020511
10.000928
8.006070
14.036037
9.007043
19.009786
21.000928
8.008110
13.025633
15.000928
8.050691
30.007641
13.014704
15.000928
14.000928
9.000928
13.035001
14.007448
15.000928
10.000928
8.011263
13.007722
37.000928
21.009126
14.011427
15.000928
13.027008
29.009622
15.000928
9.000928
13.021419
29.007148
10.008181
9.000928
18.010226
14.009607
4.030003
44.007642
9.011710
10.000928
23.005810
14.053995
24.005710
15.000928
5.009099
8.000928
8.023648
15.000928
14.000928
19.004343
4.000928
18.005970
10.000928
8.029726
24.005770
24.030838
9.008466
29.007383
14.025317
9.009599
14.011349
12.000928
37.000928
9.000928
13.007947
10.000928
8.039591
15.000928
25.000928
12.014839
9.021032
30.000928
23.009407
39.007342
14.031817
19.054993
9.025588
25.000928
28.015629
9.007642
29.007182
9.011764
9.035607
10.000928
13.029308
11.000928
13.000928
8.007422
15.000928
22.000928
6.000928
13.035755
20.000928
8.005730
9.019528
10.000928
23.015885
20.000928
19.000928
9.004503
23.027026
14.038818
15.000928
8.010940
25.000928
8.036000
9.023598
24.007323
14.032405
20.000928
24.009890
19.000928
8.011931
9.023180
40.000928
18.012798
9.029620
9.033552
5.000928
5.000928
13.000928
8.020591
14.031632
10.000928
19.000928
49.000928
14.000928
8.005630
15.000928
28.028856
15.000928
8.027837
6.000928
12.007328
14.008701
19.005936
11.000928
12.002220
5.000928
28.005962
20.000928
13.021884
44.029337
7.002866
6.021288
14.019080
9.008274
21.000928
12.029876
15.000928
19.000928
8.010940
29.007148
14.011373
40.000928
8.022336
25.000928
24.000928
14.000928
8.006762
14.010101
19.015079
25.000928
8.043177
10.000928
8.007056
14.027293
20.000928
23.029026
5.000928
8.016816
9.011513
34.006463
9.006842
25.000928
19.000928
14.000928
18.017613
11.000928
14.000928
18.000928
18.006862
9.009387
14.019732
20.000928
9.000928
4.005915
13.007403
9.040936
15.000928
9.000928
8.035446
19.042036
14.034525
9.006942
5.000928
13.005330
9.015481
19.006982
20.000928
18.019549
25.000928
14.000928
4.000928
14.000928
23.008048
40.000928
28.050289
5.000928
14.000928
18.011199
9.015868
15.000928
8.008274
15.000928
13.005350
10.006265
24.008120
9.000928
13.011293
15.000928
24.003186
9.000928
34.000928
8.012851
20.000928
4.000928
9.000928
18.008735
9.016123
9.032152
34.028912
39.005990
14.011839
5.000928
18.011513
10.000928
13.014841
25.000928
23.007828
14.008475
10.000928
23.009395
26.011070
27.040136
4.041571
15.000928
23.021310
10.000928
19.000928
13.029955
9.006390
20.000928
5.004418
17.018406
35.000928
44.000928
18.007308
9.010302
9.012611
14.012251
15.000928
18.007363
15.000928
8.006723
15.000928
29.000928
8.021008
15.000928
19.000928
19.000928
19.000928
8.005970
15.000928
19.000928
10.000928
12.023576
10.006014
9.006514
13.005710
21.000928
8.000928
19.000928
24.000928
8.029718
15.000928
8.017293
29.015345
20.000928
34.000928
5.000928
12.031120
24.005670
14.006070
16.000928
13.000928
34.004342
14.000928
14.000928
8.015656
15.000928
13.033904
30.003114
19.000928
33.007023
19.036307
9.020419
14.002220
15.000928
19.000928
8.010342
10.000928
4.000928
14.000928
8.024374
10.000928
18.007083
14.028116
10.000928
10.000928
8.000928
8.018606
10.000928
8.016522
14.006210
19.043590
31.000928
22.038870
15.000928
18.008715
5.000928
8.011365
14.022256
9.014155
36.000928
17.006110
29.008482
9.049677
5.000928
12.000928
31.000928
16.000928
57.000928
28.022307
15.000928
33.007142
9.029817
29.007681
10.000928
13.019659
20.000928
18.018803
7.000928
11.030968
30.000928
23.005910
6.000928
17.008908
9.012871
34.005650
19.007942
15.000928
5.000928
28.003070
9.000928
8.019099
25.000928
9.000928
9.004663
8.009546
9.041943
9.016012
5.000928
8.017055
9.010226
14.011865
5.000928
13.035939
20.000928
14.000928
14.000928
14.000928
8.006170
10.000928
44.000928
19.004663
13.027338
5.000928
13.009195
9.027337
20.000928
108.010545
9.018459
25.000928
18.037512
9.028670
19.007503
20.000928
14.003990
23.006562
15.000928
29.000928
23.047765
6.000928
12.013057
30.000928
8.005690
15.000928
28.005890
24.041136
5.004546
28.006230
19.018465
10.000928
14.000928
8.004558
14.007922
35.005790
9.000928
9.000928
44.000928
18.009987
14.007282
13.000928
20.006802
25.000928
34.000928
13.009866
9.052417
9.005650
14.005090
10.000928
8.016033
10.000928
63.006070
20.000928
63.011679
27.000928
12.000928
18.018106
24.040154
10.000928
8.009553
24.009487
5.000928
9.000928
8.009767
45.000928
14.000928
9.000928
14.000928
9.000928
9.000928
14.000928
13.002220
19.020096
14.017713
10.000928
29.000928
4.000928
9.000928
8.025302
9.028002
21.000928
18.000928
18.029322
20.000928
13.031077
19.011214
7.006745
24.000928
31.007142
5.000928
19.000928
13.036416
24.008374
14.047841
10.000928
19.000928
30.004363
12.007022
10.000928
19.000928
8.005450
10.000928
9.000928
19.000928
14.000928
18.008241
29.013089
10.000928
8.007168
15.000928
13.026672
30.000928
19.000928
23.010302
14.015715
20.000928
8.021044
9.018499
30.000928
13.005430
15.000928
28.022230
14.025156
29.010152
9.010359
14.005810
9.028506
10.000928
13.023732
35.000928
23.011671
9.014109
5.000928
9.000928
7.000928
41.000928
34.000928
8.021890
15.000928
13.005110
25.000928
14.002726
14.000928
24.000928
9.000928
13.022369
10.000928
29.000928
39.000928
9.013873
9.000928
8.027206
19.005470
30.000928
9.000928
4.007289
14.009241
13.026970
19.012744
15.000928
24.000928
8.019172
9.007402
10.000928
19.000928
9.000928
14.000928
14.003190
18.020952
11.004382
13.000928
8.005850
14.005350
29.020317
20.000928
8.023526
19.026076
10.000928
13.008595
9.014384
8.000928
25.008315
9.006090
6.000928
13.000928
9.000928
19.000928
9.000928
29.000928
9.000928
58.007496
30.000928
28.007263
19.028364
16.000928
27.002220
19.008941
10.000928
8.006702
25.000928
19.000928
14.000928
9.000928
16.000928
16.007603
15.000928
23.010113
19.025694
14.006270
24.008955
11.000928
12.022731
20.000928
8.032524
35.000928
14.000928
8.022016
44.005270
10.000928
13.014229
19.005330
10.000928
13.044203
24.041580
24.028947
10.000928
18.007562
14.011358
19.030582
21.000928
13.000928
15.000928
12.013495
14.008028
10.000928
9.000928
13.006922
10.000928
19.000928
4.000928
9.000928
8.011485
9.022620
15.000928
9.000928
13.007035
7.000928
12.000928
13.014929
44.003598
10.000928
14.000928
13.007063
15.000928
24.008270
9.000928
14.000928
14.000928
18.023914
24.005190
9.039563
20.000928
9.000928
24.000928
19.000928
18.024254
34.008628
25.000928
28.009467
9.038617
15.000928
18.007462
5.000928
13.011847
30.000928
14.000928
14.000928
24.000928
18.026034
9.005270
19.015171
10.008310
13.025248
30.000928
14.000928
9.000928
8.039260
24.030573
9.008480
19.016501
14.007142
15.000928
13.031038
19.013479
15.000928
13.007702
9.009223
20.000928
13.010792
9.007556
15.000928
13.018985
9.023437
9.020504
5.000928
9.000928
14.000928
9.000928
18.008788
14.012405
5.000928
8.009647
4.027791
9.008395
45.000928
11.010190
12.000928
19.000928
9.004626
14.000928
14.000928
13.007143
15.000928
14.000928
13.012403
4.034147
35.000928
10.004523
7.032126
10.000928
14.000928
9.000928
