10.022614
16.024634
7.010873
19.009527
11.017252
9.022690
14.011431
12.012705
6.076536
6.018025
10.045599
11.035059
9.020688
9.011691
14.037205
9.020970
9.021382
10.003952
10.026586
9.004138
14.017894
16.011281
11.003812
8.030422
14.015615
9.043996
16.013205
17.007142
9.038022
14.021930
17.000928
16.028472
14.003718
24.012345
10.006477
23.005310
24.013325
11.000928
12.030861
24.038423
11.004603
17.019545
29.032784
14.028209
20.011836
28.030585
21.008967
12.005682
24.046578
14.036285
19.069416
12.006777
26.042809
14.061996
41.000928
17.051970
24.042015
14.059381
20.003552
18.025200
29.016355
14.058532
29.040009
19.022682
19.032571
34.025578
55.008161
