28.003632
13.052500
9.033217
7.004032
6.009873
14.066073
9.002220
24.038707
10.018592
9.008131
13.041031
11.016303
8.002500
13.029887
9.041286
19.032249
9.018876
9.034656
7.022060
8.004032
7.069749
10.006737
8.011925
7.006937
11.027710
14.047221
8.006130
25.041463
7.022232
17.009025
20.002760
17.029369
12.002280
6.031652
12.023168
11.007582
9.010447
9.048942
7.008659
10.011223
15.017391
14.029427
15.006517
18.058967
20.003772
8.050302
15.006297
18.009441
12.002640
23.011259
22.024450
10.007142
9.032807
14.003972
9.014551
12.013990
16.014591
9.003932
13.043268
14.017563
24.007022
14.018623
19.014621
16.012221
12.030301
14.008074
14.008580
19.008002
34.023512
24.008835
24.009947
24.005550
24.008502
44.014773
21.000928
22.027638
