10.027350
7.048138
47.010691
15.003792
6.009821
6.076596
9.050424
6.008369
20.011681
6.005868
14.021775
10.000928
9.015189
16.006397
10.008169
16.011584
9.018224
14.020308
8.053046
7.021728
12.007428
13.057797
16.010413
13.004613
13.009165
10.000928
24.015647
12.007102
10.021059
10.013501
8.042546
10.036106
9.003712
10.000928
8.005484
8.028305
9.017686
8.008629
38.008515
11.018200
11.000928
32.028305
24.014355
25.010841
13.006883
16.000928
15.010667
21.014227
14.022700
11.006823
33.003932
13.027402
24.023188
14.021410
24.041323
26.000928
22.034167
25.005156
33.035766
14.014389
48.003812
15.011531
19.035462
49.036496
34.018433
