30.002446
18.004158
9.004538
19.000928
17.025093
9.018146
12.005144
17.002420
9.004038
15.018000
20.008654
8.005304
13.002246
13.035824
9.022097
20.009790
14.008034
13.007003
15.002280
23.005630
9.023588
9.013491
36.005570
13.003798
9.016047
20.005790
7.014223
15.008894
14.003912
8.042305
14.040013
35.000928
23.021210
24.012529
25.005624
24.002400
13.010133
15.005304
29.004358
18.012989
23.005304
10.022492
25.005844
18.035714
9.022656
11.002480
12.027113
34.026519
10.004282
20.002700
28.004558
13.015793
19.031821
14.021899
25.004830
23.050606
19.012731
24.007229
24.012699
29.008381
30.000928
