8.001742
13.018658
9.033944
19.037801
9.019664
9.033707
14.015727
14.021750
11.010267
7.043945
9.047310
7.017494
14.010001
13.019687
7.049321
7.013738
11.042466
7.022199
16.009547
9.022369
22.008767
9.021189
17.004072
16.009401
21.051513
14.015955
18.008389
10.048243
11.003958
8.008597
8.021920
9.009979
9.005650
9.042309
8.014710
15.030731
9.022084
9.023118
14.008835
10.013477
9.005841
11.014855
11.040915
14.007049
19.024829
15.014990
18.021890
19.004990
9.028131
9.040607
24.019978
14.059548
39.029424
14.023978
14.020486
11.004622
7.036136
30.003992
28.042281
19.021494
31.014581
23.010553
18.005910
19.023441
24.029340
24.023008
16.004503
12.026889
14.028514
24.029689
24.006170
34.029399
39.010059
