107.012337
11.029504
9.007552
13.005685
13.008589
14.005465
13.024354
10.006957
7.008309
20.005230
21.013435
8.009693
11.011319
9.007849
17.012405
9.008629
18.011599
9.020704
10.007767
23.053981
6.009449
12.024047
9.032451
6.017667
18.005385
8.027790
24.017245
24.036442
12.004643
11.027605
7.008289
18.003952
12.005530
19.022178
24.010227
9.044389
19.005857
14.014283
7.012871
11.004438
19.015222
19.015605
10.003852
29.007647
28.017942
10.006917
13.016467
34.013192
29.035571
19.020102
18.000928
15.031743
29.011647
20.006055
18.023651
24.022235
39.040393
36.000928
47.017289
34.005534
