38.006417
9.013597
13.066918
10.000928
13.011199
11.010433
14.026030
8.002620
13.006688
7.015316
9.025367
8.012905
7.019593
16.009301
9.005470
7.032068
10.015601
7.002460
10.021421
6.009847
19.000928
8.000928
18.010327
24.008713
10.007417
8.028446
24.005571
16.004132
14.015534
22.033142
10.007197
14.007749
14.002720
10.003918
17.006983
9.022142
9.028031
24.021204
21.005865
10.013738
17.006317
19.000928
34.000928
25.004032
27.036569
11.002320
32.033931
24.014195
14.010281
19.019359
44.028934
49.029235
39.021236
19.015031
29.018726
15.005390
34.015141
23.025131
44.006403
34.039454
29.024940
