9.002526
33.000928
8.020158
9.008221
29.009655
12.000928
11.027288
14.014303
11.024609
18.005205
19.006377
8.005357
39.007609
11.056502
13.014801
12.000928
86.004362
11.012601
12.011340
8.038691
14.005990
9.005470
20.000928
8.035391
24.039290
10.076192
13.023986
14.006171
9.043685
24.020730
9.030551
19.008741
9.024761
9.027590
14.010187
14.033049
9.027803
9.026401
14.057165
26.009507
17.042578
31.000928
8.015095
23.015485
19.031037
12.005525
14.000928
11.033792
15.000928
18.005770
14.017752
15.004602
33.022756
19.031312
9.013083
14.032647
31.000928
12.015058
14.010167
14.011659
9.026612
11.000928
10.053192
15.013829
11.031811
13.012237
11.015549
8.020079
18.012317
14.027749
