13.011264
9.012305
9.009421
19.006816
13.058113
39.008925
20.013534
15.000928
38.000928
29.006756
19.000928
19.011427
9.003852
33.017660
15.009347
9.008309
19.000928
14.008749
8.063560
11.000928
10.007137
12.003953
24.000928
9.000928
19.008449
19.009009
10.006677
59.006757
22.013291
9.019174
8.006897
16.007217
8.016421
9.018580
8.009890
20.014419
7.006817
11.005970
8.007197
21.000928
18.009028
7.013251
32.005425
17.005170
16.000928
14.008389
9.006476
8.014049
8.007297
11.003832
16.009459
18.019566
15.023695
21.010519
25.000928
9.000928
11.019566
13.007137
8.008699
7.008575
35.005550
7.006557
12.000928
9.004132
9.000928
15.006937
13.000928
9.000928
9.010115
24.000928
10.006897
