10.006930
21.015855
35.000928
20.041926
19.003612
12.024308
29.008655
14.012251
24.008980
10.011113
8.053492
14.016776
9.029963
24.027003
19.053510
12.014645
16.009321
14.035416
14.051786
19.026816
22.005250
10.007949
43.003872
13.010913
17.014169
14.044062
11.020658
19.004012
32.022700
11.015453
12.034610
11.011293
17.031965
15.009587
13.062981
15.015701
13.029028
19.024362
14.020843
15.004092
9.003386
24.003852
16.003972
16.006943
13.018140
15.005870
14.036152
11.004558
8.023061
18.034859
10.010793
10.003632
15.015749
8.018083
13.003792
23.012911
19.025972
10.016104
13.023619
14.002220
39.023967
10.021704
16.012039
17.012163
9.003792
20.009681
12.017207
11.011213
17.054231
