14.067659
14.015279
29.006737
12.035382
16.007143
14.006457
23.020928
16.023516
15.033291
11.017181
20.034397
12.032507
11.035271
13.012105
14.019306
14.019532
8.011533
19.048712
20.024699
11.003652
14.000928
16.035929
12.003812
11.007182
13.020650
17.003972
31.012445
21.017834
22.026386
18.000928
15.019412
31.003912
13.008755
14.031271
11.023196
13.004582
28.024807
19.033689
15.013517
38.056368
23.009641
25.010787
29.034333
19.014029
15.019806
14.017900
35.003692
18.010411
14.013617
28.036881
13.009341
22.004092
8.011353
28.007289
9.013081
19.033989
11.020938
8.008581
21.003912
13.000928
13.024493
14.004542
15.007009
