19.016542
17.012045
31.000928
37.050328
21.008301
14.009748
17.008121
11.051977
14.020058
13.006977
12.012285
14.006448
18.110635
10.007845
41.008501
13.039359
9.013437
13.024435
10.011484
12.012053
15.024106
20.026058
14.016269
10.006457
13.023162
19.026432
15.017447
24.003532
12.039347
25.042603
27.020212
23.007929
11.028737
14.003952
20.009713
14.011285
15.003872
10.065339
17.021362
9.046174
14.024833
11.050563
27.008555
11.047496
13.012311
12.046490
20.009133
10.004092
20.050392
8.008355
8.023574
14.024808
9.071549
22.021206
10.012385
28.017708
16.018217
9.069162
11.000928
42.016967
38.003972
12.020470
37.028845
11.009771
