107.048555
15.013535
10.015989
17.007102
10.008149
14.007197
8.058410
12.007017
11.010060
13.000928
15.021000
19.080496
15.019060
23.045402
15.004013
26.007197
17.003812
26.053243
16.006389
26.005565
18.008509
19.000928
9.019212
8.046819
13.008375
16.048121
14.002420
12.012273
7.006377
15.004072
27.002580
15.023979
22.003738
9.049895
9.030307
9.035145
9.022974
12.046768
18.020978
11.037090
8.003932
10.058078
8.024256
9.003612
11.021330
10.004033
26.007057
10.028391
10.034986
10.004422
18.009817
17.006983
20.010531
19.010327
16.006477
13.033719
30.010647
13.008415
29.016448
16.018494
23.017919
16.006617
17.010091
13.036682
24.027399
9.024028
9.028797
