13.004072
13.007142
35.006737
13.039133
12.011001
11.006522
17.010621
32.007277
10.006677
118.007657
35.010581
18.005425
25.017869
28.004098
10.008003
13.005264
10.009781
53.002700
24.011394
25.003852
24.009381
8.007137
8.045526
21.010221
10.012145
13.010261
10.010021
28.003532
9.009881
13.000928
9.029102
38.008255
13.009961
16.031541
14.010141
12.010521
36.010741
18.018888
8.010321
37.004478
39.009761
8.007057
34.007217
10.009801
14.007961
8.006045
8.028432
10.009961
14.013635
9.002480
78.010907
14.007503
20.014802
