11.025250
13.020632
8.014244
11.008169
35.009235
15.007677
23.005210
12.058525
10.012335
11.003692
44.026648
17.016622
8.007337
8.006055
20.014165
10.006923
21.003932
9.007396
13.012511
9.007376
9.007576
9.007296
11.004463
9.012345
11.056340
20.000928
8.005705
14.005544
19.000928
9.005825
18.028971
9.023229
16.009717
8.012291
11.019618
38.005005
17.008622
9.020257
14.021464
12.019387
12.000928
9.007407
8.027194
8.006849
18.004925
12.000928
14.006676
19.003738
14.006817
20.003692
10.017844
14.003992
8.028287
22.009907
10.005350
9.005505
14.004383
13.022164
10.005970
14.011045
10.006259
18.004012
10.006045
10.004032
9.003852
13.008129
18.006336
8.029939
9.022040
10.009007
14.016763
9.003992
14.000928
14.006677
12.033971
15.014789
10.020402
16.003972
23.008369
9.005385
12.017467
