16.017373
21.009381
15.000928
19.005325
15.029789
16.044021
10.005545
13.063906
11.005244
14.019014
10.005725
45.013697
13.009307
12.030744
14.008509
33.025138
19.005850
13.000928
16.003692
24.002340
21.005090
12.007849
14.012143
12.005564
10.018145
19.018811
11.015761
17.017922
25.004965
19.009101
18.014989
11.005384
11.009441
20.005250
23.007571
12.016266
12.004158
11.003552
19.037052
22.040266
14.006483
11.018047
11.005764
15.030321
14.039683
13.015959
36.003612
14.005524
24.020184
15.015863
20.010839
12.000928
15.014378
13.008689
31.000928
11.008875
24.023437
14.027424
12.034551
26.010953
15.008069
13.050941
14.010087
46.000928
10.009661
