12.007157
10.015440
16.009561
12.005585
9.009401
10.000928
21.017254
10.004916
10.010091
18.023364
14.008868
9.054813
14.008423
24.013031
14.007582
14.020138
11.026765
22.010513
14.018881
17.016962
11.014816
11.006856
19.000928
13.003812
19.000928
11.009467
13.058435
18.007237
13.033459
15.003998
13.053035
26.010357
8.014721
13.030174
29.020724
11.004172
21.007229
12.019692
33.005384
15.000928
12.011499
10.026522
9.024675
13.013016
14.012245
22.003912
23.026296
13.015249
9.007176
9.010433
9.003918
10.016862
13.009681
19.011210
13.032187
15.020880
19.009003
11.004132
18.002440
17.024946
11.013617
15.023176
16.019160
10.005811
13.015584
10.006569
10.017580
16.017047
18.036674
16.018892
12.003878
11.029410
14.008095
21.000928
17.045319
12.003658
