25.004198
21.012065
15.010001
19.011119
19.007109
10.016602
29.008569
9.000928
17.027012
30.010147
11.000928
15.005765
20.081990
11.000928
9.007571
12.012281
34.003972
14.028659
10.008309
15.014658
17.053291
9.032287
20.015489
47.015603
20.008949
19.012247
11.058926
33.000928
9.045600
8.011393
14.002966
9.011313
9.017888
24.014840
16.002600
26.032909
36.000928
29.000928
23.016876
15.003652
18.009521
10.015270
39.000928
17.032535
11.000928
13.007557
44.011839
13.021670
10.006004
14.004012
13.050131
26.000928
12.045026
61.000928
18.021295
10.004603
19.008464
18.005350
14.009101
