9.009229
9.019146
9.012325
8.010593
18.025979
59.042888
36.005425
19.013597
23.005385
15.009401
58.008398
24.006085
13.026823
14.019478
35.006425
15.005935
19.005685
13.034182
14.000928
8.034001
9.028946
12.019972
6.054930
8.030590
16.004692
9.010233
14.006697
20.005605
12.021490
9.022841
20.005845
11.007217
22.010871
9.008769
34.006239
12.011428
18.006457
8.017134
28.004132
10.017348
8.005545
19.011741
34.005385
54.005430
16.003952
9.025087
8.007809
8.000928
14.005485
14.009561
14.002480
19.006065
14.020612
16.013887
9.016548
13.010533
13.011050
8.016448
10.005785
85.012353
23.004032
8.019044
