11.026891
18.059907
77.014623
11.039016
27.029388
10.002926
12.014703
10.017839
17.035171
21.009961
16.018806
17.014309
13.013381
10.009749
18.033003
9.050033
10.010021
12.025799
17.039889
12.013703
10.006796
13.014558
11.019538
13.039378
13.019644
9.029217
7.061961
11.028376
13.009401
16.004423
9.032467
18.024807
10.006417
10.021970
17.032899
9.010999
8.049582
13.017860
10.034305
15.018207
10.005225
18.014811
13.020337
11.009741
8.056348
8.049877
22.008209
22.035819
11.011964
12.043443
8.055174
22.010793
16.062269
10.008169
8.054172
11.028239
27.007523
23.000928
22.015636
22.012295
9.022308
12.008229
22.008329
9.045012
14.019552
10.051255
16.037930
21.040675
15.038796
8.013577
13.038076
11.022070
13.007969
10.015156
13.015751
