158.010307
24.004032
23.011485
10.004052
64.007037
14.006957
14.007757
18.014843
25.006857
18.013851
29.006869
9.013499
19.011899
14.038451
19.006483
25.000928
18.029588
11.004029
7.018598
25.004092
15.003672
13.003592
10.003532
8.006897
79.007349
33.012607
16.002850
18.003772
14.007337
8.050651
15.003972
8.061490
14.014563
9.024767
14.031175
10.003932
19.006737
8.043824
29.007703
9.020803
24.005731
9.016087
19.013761
15.004012
13.007867
24.008535
9.013771
25.003752
29.011130
14.008999
24.003852
6.003732
16.007421
10.007197
