8151.009426
8680.009777
10765.007315
6977.003652
6660.017098
9385.067969
10245.066853
8035.010990
8805.033517
9250.049940
9075.000928
9455.033978
8250.000928
9740.052294
10370.024758
8545.055682
8675.017183
6690.024410
9705.057773
6385.042405
8465.031247
8705.007627
10275.020788
9310.037908
10380.014461
7656.004637
10715.046038
8090.008187
8531.019045
6360.037982
7516.007501
6320.021754
7808.012309
10155.062429
8375.019842
8910.012843
10310.022813
10715.035367
6797.076638
7270.025257
8605.025113
8640.034403
8580.007637
8085.048698
7410.027177
8730.051358
