59.945059
45.077219
75.018035
43.122035
162.063590
46.427771
65.133390
54.086071
51.279143
138.926046
50.332064
51.177890
32.204292
57.802199
63.883859
56.569971
37.376813
37.378171
41.343521
53.939003
48.706425
38.924148
81.909402
37.013324
46.028680
138.921022
57.620679
50.376171
78.956133
64.833724
33.951743
39.789009
48.786557
37.100601
38.470248
33.515118
52.984142
53.555706
33.510422
53.695091
44.944020
43.246353
54.398799
39.246624
61.314688
63.009341
43.082481
44.343117
61.387502
58.756060
54.287804
51.281339
60.432304
