9.637856
13.123435
11.699466
10.467965
12.662352
12.338854
9.911467
19.409311
21.277699
10.790405
11.844736
12.449169
13.733970
10.036649
15.052801
14.869263
15.994203
13.734367
27.091863
19.566577
31.279309
12.531496
13.210234
31.072488
14.173653
12.692710
24.442161
12.778088
12.062913
15.409577
11.843616
26.210980
13.302555
10.851100
11.990923
10.117306
12.895860
12.291420
10.673205
11.660347
15.581889
12.403370
12.776115
11.112763
14.405091
10.245225
71.075479
15.966655
9.975219
20.565589
11.087350
30.680496
11.872288
21.280279
10.409632
11.563599
11.887305
13.338442
11.152184
11.800634
14.532743
10.547985
30.889079
10.791156
12.386129
28.944889
10.446706
10.674395
13.713537
12.726131
12.402281
10.627021
12.185786
11.755763
10.013983
9.944088
28.865728
10.792823
12.612072
11.887986
14.362800
10.696947
21.470340
18.734895
13.102067
