81.444500
89.622058
98.935138
54.409041
84.059870
54.410170
81.848997
73.457631
81.455798
60.750553
70.781929
55.127612
73.062518
75.884456
102.752746
108.053825
110.018820
324.160397
68.205414
75.320787
53.978323
75.498124
51.554291
57.180376
60.521442
49.213322
71.262535
51.754672
58.284537
70.878105
51.577587
74.567600
51.888819
79.686273
51.832553
51.119869
82.316858
70.532711
50.743635
66.269680
60.749634
61.005239
85.798656
58.246928
53.565486
133.737615
83.999274
100.594999
109.043405
162.093158
60.200516
78.277823
74.330907
56.661074
65.469387
53.358978
64.966974
60.717688
108.058339
79.233376
