8151.009426
9570.002047
10350.033885
8380.024792
6905.031591
8755.001758
10245.066853
7920.017903
9580.004603
9250.049940
10100.006976
10850.020587
7545.019464
9740.052294
10370.024758
8635.015029
9550.001998
6290.010783
9790.003769
6655.013554
9035.011866
9730.039923
10275.020788
8380.070380
10380.014461
8385.075277
10715.046038
9030.039032
8270.033652
7300.025537
8891.002910
6830.028922
7705.063357
10155.062429
7290.046841
8065.008563
10310.022813
10715.035367
8080.045672
8800.036826
9160.028380
9200.039720
8720.021383
9180.022501
9580.005201
8730.051358
