122.003798
24.021102
14.039547
19.019366
19.032173
11.000928
55.000928
21.038829
19.050235
14.022048
24.018019
14.041991
23.020782
40.020309
29.017387
15.003592
15.000928
37.009527
40.000928
16.002820
13.019346
13.005604
14.005945
18.013841
14.043832
15.005005
23.009467
24.021650
15.015401
19.023030
13.033153
19.015567
17.007228
16.030041
11.000928
22.049078
19.063627
18.008069
25.015688
14.021484
14.046340
19.017045
14.041256
14.047405
20.003288
15.000928
15.003732
11.047361
19.025195
16.000928
17.012513
14.033109
