22.028398
19.051572
24.033881
15.005404
29.000928
35.006656
22.048675
39.015835
24.008620
14.050459
26.006596
22.048271
19.053502
14.046412
30.003692
23.007681
14.013163
25.004052
19.000928
23.028756
16.000928
19.005384
24.002746
17.030457
14.017153
19.049104
14.034763
19.008567
19.025417
11.003732
17.058331
16.005764
34.005704
24.005124
39.006496
22.033386
24.027905
15.003572
18.016275
19.011979
14.040478
30.005484
18.020292
19.012177
30.005504
13.045400
25.003972
13.006403
29.014109
16.015081
17.048685
19.008588
14.035099
11.013141
