18.002966
19.007301
18.047538
24.003898
30.005505
21.024713
21.019232
44.020564
16.008448
33.004523
15.006737
22.031777
29.013365
19.038288
24.032412
24.023811
20.020758
18.005550
14.014923
14.033814
29.018638
25.013421
21.004453
23.029723
17.026679
14.065079
20.000928
21.022316
22.007600
18.024821
21.003698
33.009361
19.010890
20.037296
18.000928
21.030920
18.029432
30.032667
23.002220
19.007077
17.027667
25.000928
13.068565
27.012003
28.000928
14.038089
32.050611
20.015520
33.015377
14.011259
34.008301
