109.004443
23.004473
20.004072
39.008029
19.013923
38.013846
24.007729
18.010779
52.008909
29.016108
52.003698
29.010421
54.022002
96.011459
38.000928
40.008209
30.010893
21.008859
33.025826
25.007187
24.000928
21.010913
23.023597
27.019074
27.005405
18.000928
29.007137
23.000928
35.011419
27.013507
27.007749
32.009395
24.004052
29.008968
84.008939
19.010021
24.004924
44.005465
29.011934
33.014481
31.012119
23.011985
31.005330
32.006737
45.010241
22.028208
22.011201
32.003532
31.004112
27.022396
39.015846
85.007397
37.015687
20.009061
22.011739
18.008129
112.011281
49.006677
24.019966
25.008569
58.005585
34.003612
21.008849
22.010853
31.005445
26.038613
41.014466
48.000928
29.013397
45.012631
23.009841
29.007263
19.008669
36.011799
16.006928
26.006597
18.009019
18.017860
41.010813
23.004945
35.005104
23.009933
49.009327
29.008701
24.003852
18.034822
30.006857
28.019308
60.009699
55.010681
33.007902
105.004283
28.006916
18.002220
27.007076
27.000928
44.005725
39.006997
14.009581
24.015286
34.000928
27.008494
46.007177
20.005164
63.006997
19.009089
14.033875
44.009601
53.030191
20.024344
34.014954
48.011945
30.010321
51.017183
32.004012
27.006657
26.009801
41.008809
42.006577
29.010231
17.011219
35.027089
28.007122
51.009427
38.009806
19.015595
33.012725
33.005225
19.009907
23.014057
38.009561
27.008049
35.034587
22.008249
22.004985
21.008969
29.005385
32.007837
29.000928
23.012271
19.009627
30.006957
23.030963
19.038026
25.000928
19.022690
26.010931
39.005804
31.021010
35.010141
29.003772
29.007257
43.010833
46.008429
32.007969
29.009501
28.013071
26.003912
60.009867
41.007322
27.007949
27.004149
34.009621
26.003718
37.004132
26.007036
29.008215
39.008455
32.006568
29.012316
31.008549
37.010321
30.011943
26.007769
32.009747
45.008589
116.010459
55.004578
49.004885
20.010959
29.009401
39.005304
37.005824
20.003852
45.015135
38.008715
20.004132
38.009219
30.006888
23.016201
21.006050
24.002220
24.009781
32.014331
51.008049
17.007317
21.006756
42.006897
29.003812
29.012078
24.008429
26.010371
27.013499
41.008249
37.009601
19.012083
19.010571
34.007397
34.012003
23.043798
15.004905
44.009581
39.003852
19.011013
23.012163
24.067462
35.009601
30.002260
22.010027
27.008089
27.003952
58.009927
25.009739
41.008789
21.007617
21.002766
24.008150
27.024756
15.004072
33.017213
46.010371
24.052334
28.005564
31.005405
24.008069
22.000928
59.000928
29.008249
29.002760
44.006856
19.005824
24.006297
34.012303
39.005584
26.011199
27.009553
34.006777
54.010041
23.005305
22.005190
20.014155
30.008929
31.004984
27.000928
39.008599
40.012503
43.011986
