32.012277
44.012491
30.014281
33.016831
34.007603
24.025869
24.038795
24.013979
39.010959
21.004012
27.010047
19.033927
14.013297
17.003532
22.012280
28.009779
20.000928
38.043950
20.000928
18.053124
41.005983
19.005410
23.010907
17.000928
40.011405
34.008695
36.007803
28.000928
13.050752
24.010273
18.003792
36.008229
20.008903
32.018720
19.055158
15.008669
18.015821
36.015950
23.000928
21.005750
26.008435
30.000928
25.000928
38.000928
24.005755
19.008190
23.007203
25.006497
23.015955
20.015228
18.062026
25.000928
19.005675
23.010779
19.017314
20.008549
29.010751
23.005116
50.005085
20.025024
23.008109
19.008009
13.035043
40.003673
30.006923
43.003812
24.007428
30.020192
19.005565
28.020504
48.005770
29.025354
16.006585
13.013521
14.007617
28.011347
26.005765
19.005745
24.005285
42.020330
17.025388
32.000928
24.005665
20.006636
27.000928
25.009863
27.022090
24.005104
45.008561
45.027050
20.034778
21.006649
20.009030
14.006417
31.009327
33.055023
22.018132
29.015339
16.002580
21.021790
21.007989
18.016831
20.000928
13.043829
22.021995
18.011499
19.008775
33.007077
25.012143
27.027433
19.049840
34.008803
20.000928
25.004905
19.005705
16.004032
26.007909
24.000928
24.000928
38.011539
19.029705
26.012851
24.011779
28.010387
19.000928
18.007482
41.011519
17.019268
16.017479
135.011071
26.015679
29.025082
60.010331
14.012557
24.000928
43.007328
29.021682
40.009029
21.000928
31.018439
30.002246
28.005510
26.024999
24.004831
