27.010505
82.007082
17.008823
28.072235
24.039826
15.004012
21.024915
14.025745
16.043691
19.012653
24.021503
19.031905
28.000928
25.050409
14.022630
14.036541
19.043822
14.040147
19.036666
14.073723
20.006176
23.043064
24.012911
21.005810
19.016259
19.008961
28.000928
13.052031
15.014115
19.000928
39.012755
23.037853
14.038710
19.051746
17.023368
26.014802
21.014383
22.039367
19.042079
14.041584
24.025758
19.046748
26.009781
14.013578
22.005104
14.050402
15.000928
18.042541
21.000928
27.077056
17.021682
26.032440
17.013780
16.010859
21.000928
17.017528
17.010327
18.016828
27.037959
14.060998
29.057292
15.012697
19.014847
21.004663
13.051500
17.022224
23.009627
22.000928
13.000928
14.000928
23.075871
19.055133
24.018432
20.011689
19.000928
24.008505
44.000928
39.008121
48.007282
19.017826
14.024026
14.005190
24.023240
14.033067
25.024478
17.014695
37.000928
18.008349
21.014377
22.000928
16.000928
22.003792
18.007476
14.044038
24.045122
19.030357
15.006816
19.004582
19.005184
13.031234
19.025554
19.046309
19.007655
25.014633
38.005950
19.015365
14.038558
19.046223
19.025164
14.007394
29.030797
35.002850
17.012351
21.003592
20.006125
12.033416
15.040638
16.014054
16.049430
14.028111
24.012697
34.043752
14.028344
14.084635
19.010447
19.039793
14.005390
14.012625
14.052208
20.012705
13.051709
15.017455
24.004338
19.005084
13.051869
19.006483
24.038266
17.003170
22.000928
28.044725
34.023219
19.044513
14.045321
15.007321
28.023166
14.042627
14.016387
14.026805
15.004012
15.018046
18.004342
18.018286
18.000928
25.026726
19.040879
24.016643
19.012903
19.014103
20.013541
18.011289
15.011219
19.004582
18.028996
17.011179
12.011391
25.041148
17.023508
15.038742
23.045713
34.022688
15.011943
18.042634
25.012063
18.019325
25.007969
28.023022
25.000928
24.000928
13.034639
24.024920
19.019206
14.028420
24.028564
34.020244
20.004112
13.079608
15.010312
14.000928
13.055355
14.053985
15.004132
16.000928
22.007096
23.041354
34.009141
15.005954
33.016681
15.000928
23.081098
24.023226
14.036801
14.031964
24.016531
37.009561
21.016001
29.025180
27.009355
13.012785
23.005901
17.008694
15.049593
15.018190
25.003086
18.004944
14.005804
20.003812
27.028896
19.014063
15.017075
13.040690
14.042940
19.029823
17.008001
13.018911
17.050253
14.034878
