52.023594
95.007097
23.054575
34.032779
34.033128
25.010407
28.015809
24.005211
14.033605
35.012409
29.003638
24.008328
50.010853
33.011564
26.005350
27.007217
17.015477
26.019312
20.010391
33.006836
23.008769
38.035861
29.026243
17.032619
34.011319
28.033139
28.008669
38.037437
30.000928
23.024060
25.000928
34.007157
38.021292
21.019630
24.014703
29.003732
31.018972
18.005230
53.000928
54.000928
37.016179
25.010330
39.018976
29.000928
66.012031
27.015708
19.009190
24.009415
20.005144
28.008869
31.013059
98.000928
25.003792
29.000928
51.028668
22.014983
22.000928
34.012189
34.000928
24.002220
14.003653
28.031423
24.016119
21.003612
23.008089
19.008768
15.058373
33.009095
25.009867
19.032513
17.007168
19.035011
25.007829
18.012063
25.003732
20.024320
38.007177
19.006656
24.008449
23.014215
32.014703
16.020180
14.034337
69.010187
20.000928
30.014655
28.013657
23.013735
25.011061
28.055792
21.015986
23.008143
33.011679
25.010281
35.004052
28.004032
43.030235
34.046080
29.019532
29.039922
27.010659
32.009641
27.003692
25.017229
29.010127
19.022560
14.018804
26.000928
22.026697
30.012163
39.005565
21.029185
26.031062
25.009707
28.018012
15.031180
28.018005
39.020347
16.014343
17.012491
35.016751
34.009521
29.008748
18.020373
36.000928
17.020808
29.050342
20.008289
30.021656
62.068831
40.010859
20.018912
28.010001
20.018720
18.003758
28.011471
20.002840
29.004402
18.034971
24.022034
22.026665
27.005024
34.008089
40.003632
49.017219
22.040364
20.002820
19.003672
25.017697
33.005839
38.042916
30.005024
23.029578
44.062822
19.018153
19.022338
17.013683
26.009321
15.002240
43.009787
25.004052
24.020894
34.011119
34.004944
29.008109
19.008128
33.011265
19.048077
29.017063
20.010400
29.000928
30.026722
23.008569
15.031769
19.006477
33.009741
24.006716
39.002600
30.004382
18.026735
19.010081
18.008661
30.006657
35.005364
22.031787
24.047679
19.048794
34.011193
34.081241
40.012553
33.015056
30.004232
39.008930
54.000928
19.000928
41.018420
43.000928
33.012325
48.006278
35.005024
49.000928
34.009621
50.000928
20.008195
73.004727
22.015969
26.015275
23.010481
18.024191
20.009199
33.016874
19.069214
39.028372
19.030415
25.009779
20.003952
33.013984
19.018856
53.021521
31.009981
20.003752
22.010021
24.010421
24.000928
28.016665
19.061631
25.006657
18.038552
22.003792
31.013909
29.035534
20.011754
38.008414
35.000928
35.004092
28.010947
19.006437
28.005770
16.024340
22.013941
25.011071
29.011091
29.009587
24.017047
