73.005765
39.005345
17.007042
61.008269
28.027889
25.004012
14.023267
65.009921
30.013983
13.003170
16.009991
22.010491
14.012691
39.029111
23.006857
25.030004
13.008569
13.002220
40.003672
9.008469
24.009221
11.003718
19.009461
22.008815
13.056652
15.000928
18.020790
12.011367
27.002740
15.007941
26.009401
26.005465
18.008274
25.016790
16.009167
17.005281
31.010121
19.005705
49.011143
47.002540
23.028822
31.011185
34.009230
29.003652
13.004032
14.002500
26.009061
13.033618
18.002320
32.030655
42.017820
10.011895
14.010109
16.038375
20.017984
34.012889
18.011907
26.005825
22.051560
15.009229
14.011447
14.016953
18.033483
54.038379
36.020064
33.007091
23.014753
20.000928
15.005545
16.004904
12.011519
18.009561
64.000928
38.010822
25.005605
13.007895
16.005804
53.004282
14.005645
18.016993
11.007627
39.014035
13.009223
23.055057
15.009115
33.031886
14.039498
21.021596
14.023706
14.009341
21.002890
33.015830
26.035769
24.041947
46.002790
22.046901
24.010956
13.009601
17.012423
13.011861
16.010021
37.003752
13.017332
20.005310
35.028671
22.015727
25.008589
10.009000
17.016534
19.017553
25.005845
30.005550
13.011923
34.002540
23.039251
30.005425
25.015982
13.005685
19.002280
15.020104
12.042280
12.009323
18.005484
17.027799
15.005745
11.008129
28.015390
29.008469
9.024001
52.018520
110.006923
13.064547
15.005725
13.013983
15.006456
13.005590
20.002520
23.011965
38.011925
22.006697
59.008434
12.040431
28.028974
16.003732
14.009761
18.031635
19.041952
16.033602
18.006058
40.019492
23.009801
30.009681
23.009405
16.021418
22.006597
14.006297
33.019377
24.031320
24.025000
24.020592
11.008965
17.013701
15.011779
15.008006
19.019078
40.007635
31.008400
15.004343
14.009541
28.013803
19.015353
31.010107
17.030773
29.020217
25.003992
43.006962
19.050468
13.012059
20.017892
15.000928
45.027043
16.009261
31.009058
46.022310
17.005345
21.003812
18.020530
18.010161
24.008069
13.004138
20.006776
19.008910
14.000928
18.022316
19.047775
20.006377
39.012023
13.022582
25.004058
13.012529
10.009541
18.002220
25.002840
13.066568
30.000928
13.035705
34.014135
13.007929
22.015209
22.019094
16.006642
20.009741
27.010041
24.006917
65.016542
23.004944
18.014183
18.009661
22.009561
27.004566
20.000928
38.012539
19.010567
35.009369
15.004072
13.005524
10.010210
18.007481
25.003772
14.010181
