34.000928
47.081276
66.003878
28.000928
29.013803
41.005565
31.030050
24.015909
29.020383
36.034073
22.016453
35.014341
26.009161
41.029411
25.009920
28.046079
30.008109
40.011705
27.036179
34.008949
26.024398
28.014729
26.003692
31.006056
36.012811
22.009467
54.012211
24.037163
25.006637
28.017854
56.005405
27.069055
38.002566
25.018892
30.010951
24.033462
34.003486
24.023035
33.033995
44.048881
45.009461
40.015659
29.009701
33.009681
24.003892
33.067610
34.014315
44.018648
34.010093
27.028880
21.010013
39.008775
39.036125
20.008675
28.032612
36.006536
33.006015
28.029326
35.011473
20.019162
32.048115
29.027722
29.017035
29.026386
19.042170
29.009763
29.009907
27.010433
26.025586
24.008452
25.012111
28.020890
34.038191
24.042110
26.013793
42.016248
34.042797
20.007171
33.037512
34.032901
39.051444
24.034619
24.003578
24.027460
34.017836
24.056590
39.011219
49.006150
34.009779
30.016646
30.016088
32.032553
25.007316
43.024822
34.006443
24.014504
39.033693
29.025086
24.029409
24.027413
34.033577
21.006557
33.010700
23.027825
