21.006956
20.031669
16.008454
28.010933
51.003632
16.015329
29.011864
14.011271
46.003552
17.028924
23.006942
23.008574
17.010279
18.020959
17.014943
21.026725
23.007162
25.008115
30.005324
19.005204
145.005030
15.005296
21.016327
19.019826
35.006917
13.077028
35.017706
31.008334
16.006928
30.005184
22.003952
20.012657
14.052240
15.048838
14.005784
18.025675
19.004384
29.012723
28.008614
15.042445
13.008194
30.020510
29.020532
16.010081
22.018249
50.006936
34.007542
36.006942
16.016454
23.011965
18.012128
27.005365
28.010959
24.013383
19.025634
24.012617
22.003852
21.009767
16.012371
42.005031
15.008554
110.008234
44.006742
23.036326
18.012711
101.006582
17.068303
16.010187
26.011579
28.006050
17.010855
23.016561
50.008534
28.017607
17.004032
22.005484
17.008694
25.018837
20.008029
22.002640
21.010951
18.028783
16.009501
25.005264
16.005456
26.005310
38.013295
23.012271
45.005524
30.007422
19.008834
31.009307
39.007182
25.030009
18.007854
15.037273
41.027092
18.006937
15.011463
12.012611
19.011759
35.009733
28.012802
19.043006
22.006662
18.008434
79.004438
18.006877
14.004032
18.036399
19.024439
23.010467
129.011299
30.028900
36.003952
17.044543
29.017868
15.006717
27.003938
22.014395
23.006736
17.006342
15.023021
20.003992
16.019806
26.009972
33.010619
21.005724
13.038905
14.029917
18.008914
35.006689
18.006602
22.008940
26.008474
32.018808
24.011279
19.008214
46.008454
15.034035
60.006856
19.013495
19.004092
19.011262
27.007989
25.060261
36.011259
17.012697
16.015049
31.008274
27.010859
14.008294
149.000928
34.000928
31.006677
30.011296
32.007022
31.011773
20.006676
19.007056
19.008375
18.013083
26.010147
26.006622
30.012651
24.018440
24.016441
26.010467
31.006370
15.005790
21.018274
18.008881
39.011333
26.011239
17.004622
13.023382
19.039675
73.006462
22.012585
18.006482
32.003958
19.006382
14.011547
23.010587
16.014309
29.011539
19.042301
18.015093
28.006862
18.003972
19.006342
16.008294
20.029899
14.012731
22.003998
28.010467
35.007322
35.014863
13.008329
21.023810
19.023614
14.008455
13.007282
14.008674
21.018099
20.009801
20.008774
15.007162
30.016827
18.013417
21.005104
29.005310
25.007122
21.011379
28.011299
24.005905
25.008514
35.020059
29.013657
20.011019
17.008534
16.004132
36.020196
16.010213
26.017653
13.005404
47.005724
40.034288
17.000928
16.015765
16.006497
22.009839
14.046396
33.009987
20.014833
19.012891
19.026166
19.050564
14.031282
28.011299
60.014609
31.005084
49.003752
50.002300
18.005624
42.009932
19.036328
20.015478
26.011939
24.004178
13.012065
29.010167
37.008674
21.011613
22.015055
15.004984
23.016539
16.004098
25.011799
37.022930
109.004763
18.038498
28.011779
16.003872
16.011493
19.017103
47.005270
24.008894
20.012707
39.004058
18.000928
17.005510
27.011039
22.035894
14.018628
19.031306
20.012772
45.006882
23.014113
18.026201
