22.010781
19.007915
24.043615
18.007869
22.000928
23.024621
24.000928
16.017814
27.009841
24.000928
18.026997
46.000928
22.014824
19.015875
25.009081
16.000928
22.004072
18.012517
24.018532
15.015375
18.042058
19.024432
19.021604
27.000928
27.005541
23.033234
29.040210
14.019516
19.039683
14.033405
20.011353
30.010393
17.030433
29.031616
19.015776
16.012551
18.000928
19.000928
14.004442
18.035577
22.018344
21.025075
20.004069
27.021294
20.015667
14.028761
22.003612
21.006350
20.011583
38.042888
16.000928
22.058536
19.013426
29.042822
39.033894
16.004422
24.009561
32.049540
21.023755
17.072771
21.017779
17.008077
29.040240
25.017914
18.005710
110.015381
18.009399
26.000928
20.000928
21.016594
24.033899
29.023742
20.004663
19.000928
19.000928
29.000928
23.048887
11.049645
22.016475
21.000928
23.000928
13.062430
24.017934
29.010125
35.012401
20.020022
23.000928
23.032091
25.000928
19.000928
19.004323
19.004322
12.012219
13.024930
14.000928
32.000928
26.000928
20.031569
17.003752
23.023653
15.002406
18.004691
24.000928
13.023798
23.009245
12.004243
12.032207
21.020980
19.020959
22.026844
22.039116
21.023281
24.034747
22.006536
26.008281
18.009561
31.003912
23.023700
16.004032
23.007769
18.009613
14.025057
27.007023
41.045681
20.015182
33.050465
19.033893
24.047846
20.000928
21.032476
32.000928
23.015849
16.011081
27.025280
22.006576
15.012785
28.000928
26.010285
34.021468
15.000928
23.037793
24.045204
16.011025
22.054842
24.047356
19.024220
29.031276
14.021492
27.002720
21.008520
14.077068
34.015708
35.000928
18.021204
19.007995
16.000928
34.000928
15.014045
26.023056
26.003106
22.042569
21.020052
123.009733
29.000928
15.006797
26.015376
21.000928
24.014681
28.032795
24.012583
14.009037
29.023328
29.013137
19.009115
24.068075
16.000928
17.044178
29.005210
29.040766
25.000928
19.000928
34.000928
13.010613
27.007821
21.018597
19.018797
43.026467
35.028552
14.044797
19.013986
30.005165
18.017167
17.025541
17.010101
26.009261
16.009753
24.037827
26.014303
23.000928
19.022176
19.000928
28.015217
24.038897
20.011543
25.021386
47.007642
19.012771
12.000928
16.005630
16.011125
22.039554
24.009049
20.003572
23.006382
19.019472
34.007428
19.002220
15.009881
23.002220
20.003046
14.000928
19.000928
25.011263
17.011759
109.005630
41.000928
21.000928
15.019767
14.014807
19.033337
14.018466
18.007668
20.030581
17.012801
17.013518
23.007288
14.027091
15.003892
14.000928
19.000928
23.031691
15.000928
20.017808
19.003912
14.013543
74.000928
18.029131
