76.000928
35.027364
22.004044
28.000928
22.011005
25.000928
24.000928
28.019412
33.000928
30.006683
33.021530
33.000928
43.004092
53.000928
43.010015
35.000928
46.000928
66.006470
21.025381
26.009750
35.003738
84.026011
19.005670
35.000928
21.000928
27.002260
22.041700
30.073729
29.008980
28.000928
20.036706
19.007447
26.003712
29.003912
24.000928
27.077076
46.005144
25.008209
29.000928
26.033476
18.000928
22.004463
29.004132
33.003692
31.000928
45.000928
18.000928
26.053506
54.005410
21.003912
29.003832
36.000928
17.003572
27.029607
38.000928
106.005825
38.014841
43.000928
23.000928
32.000928
27.000928
52.003692
32.021391
35.007789
29.003612
50.000928
73.003532
22.000928
20.047575
19.031381
30.003672
21.000928
36.007768
26.000928
28.005265
28.045908
33.000928
16.003446
38.016182
31.000928
23.010340
33.005970
40.000928
48.006942
25.004543
32.000928
20.007082
32.009761
67.000928
26.000928
31.010067
26.003772
28.003912
26.000928
41.014283
27.000928
24.000928
27.000928
20.007370
22.035823
25.004990
24.015373
32.000928
22.003732
27.019044
29.006050
15.004523
17.000928
48.000928
33.004032
19.003832
23.004302
39.003952
22.000928
45.011599
21.004092
30.000928
51.010139
21.018080
26.005655
17.003952
53.000928
23.011047
16.026083
23.000928
28.005970
24.049655
35.002220
19.000928
33.035105
34.012421
28.000928
46.003972
37.000928
30.020412
24.007263
17.000928
32.004052
20.038777
31.034400
26.042817
18.039391
26.000928
23.000928
22.013749
34.010733
20.063110
28.000928
15.029336
29.088755
16.005715
24.006877
24.019984
22.016375
25.003952
18.010173
20.005585
29.000928
20.003534
26.000928
31.003286
23.018614
21.004072
43.003772
33.009727
35.000928
18.032002
24.007268
42.000928
20.000928
39.000928
25.020564
19.003998
32.000928
16.048694
27.031699
23.016547
54.003692
30.012341
22.000928
23.021100
20.016542
16.013249
42.000928
38.004338
34.034713
27.000928
38.000928
32.007488
25.000928
23.056157
56.000928
27.015269
27.000928
28.040675
14.000928
35.000928
34.000928
16.029984
29.015655
37.000928
62.000928
21.005004
26.021316
36.003992
33.000928
27.003692
44.000928
80.007882
43.000928
24.000928
27.004012
29.000928
17.007500
17.000928
