86.005864
78.016468
31.028533
67.016247
93.013798
89.027065
19.006777
78.005884
38.065309
19.024674
29.006763
29.047023
29.027795
54.033098
127.016807
23.014323
23.016512
33.025894
24.013723
24.006969
31.012003
14.008169
112.012257
106.005370
46.013577
45.030163
29.012431
23.011259
60.019147
69.025434
19.047696
29.011417
51.029990
29.026672
74.012031
109.018751
36.018940
29.000928
39.006696
37.000928
60.005284
21.032546
31.008149
32.023642
35.016988
103.048844
24.015587
121.021466
104.015395
41.020704
37.020484
30.009005
26.023950
39.041415
26.016908
22.007722
24.038930
26.022810
49.029464
36.000928
33.022247
58.017519
84.009501
17.027139
29.014569
20.006823
42.021610
40.035157
24.015217
35.013189
34.015772
52.032609
57.017839
39.021916
37.024040
54.022642
153.028733
26.027953
24.009901
78.039747
31.010341
30.003632
52.000928
40.021092
16.011376
27.015421
28.015457
50.008509
99.026766
19.015530
59.011093
32.023734
60.014284
18.025625
147.003552
81.041970
201.016289
59.008128
44.000928
50.000928
37.015115
63.029835
46.011905
34.007584
40.026397
22.000928
24.010261
44.007669
56.000928
43.020284
47.013567
35.015789
70.020703
16.016347
110.007840
44.044604
84.046880
66.009281
22.020956
44.008175
241.010959
24.039328
28.053196
24.014280
28.015093
49.021836
47.061004
27.000928
34.009341
38.025798
74.020504
35.021940
16.055186
27.015341
27.008121
175.023021
45.012173
60.013943
32.003632
39.017242
31.000928
27.008649
29.002840
37.015446
31.012871
138.000928
39.000928
26.006817
42.016047
43.009847
76.016267
17.086392
29.011105
36.024780
39.018341
85.010593
17.012489
40.027568
58.008329
49.015481
29.003738
42.035517
24.027371
31.025159
22.007462
51.016000
25.020197
73.008208
64.017354
62.011285
24.005170
33.012791
35.062435
18.009746
67.005111
72.022070
61.015175
