28.041902
78.011261
19.073950
42.000928
54.000928
33.000928
22.029668
24.036193
29.010875
19.043078
34.023402
29.057143
35.000928
23.079433
39.007928
21.008240
31.000928
21.008481
34.000928
29.011457
33.043322
29.032739
24.047060
29.041585
21.000928
28.017640
26.003712
38.000928
30.000928
41.091219
29.052675
56.041862
33.000928
54.000928
38.050500
24.035461
24.017218
24.038937
25.008133
18.005470
24.041155
26.005955
39.010339
27.020822
35.000928
30.003652
43.000928
29.000928
28.009103
29.057093
29.032718
47.005146
26.010321
32.003812
41.007995
20.015230
33.011553
41.012725
33.011323
33.009899
24.023448
44.006450
52.000928
21.056421
28.005775
40.060190
24.007223
41.000928
55.000928
17.008560
20.010593
22.066694
50.000928
18.016627
45.000928
43.027687
30.004642
35.008951
27.039225
45.036952
21.025272
27.000928
28.011249
24.049418
24.066216
48.000928
16.015461
38.037490
29.076645
62.003532
71.029601
67.004072
41.076385
29.041105
25.041573
33.017939
29.008348
25.032363
23.030490
24.011299
29.045782
46.030573
42.010787
40.000928
38.059242
45.000928
24.010740
29.005955
24.025532
30.006357
34.000928
17.013031
24.081001
40.000928
33.024488
29.043810
34.045283
37.000928
26.020586
34.019831
25.005835
33.013226
24.018712
45.000928
43.019246
24.017960
24.060224
56.000928
26.000928
56.018693
63.018331
36.016502
36.000928
19.003872
29.000928
20.076144
29.013831
41.006210
22.011225
29.006483
30.021138
19.003712
29.000928
29.000928
33.036498
37.000928
31.028261
29.063556
45.000928
28.006329
23.000928
25.034059
32.009661
25.009881
36.000928
33.020252
31.000928
29.009310
28.002480
26.009059
29.005615
31.045466
24.044640
30.003712
45.004562
27.070269
44.012511
34.005690
34.036011
36.000928
34.000928
24.003873
32.015504
30.011225
35.007517
23.028006
56.004092
21.020712
44.059108
34.046131
26.000928
27.006357
29.005550
49.008468
44.017553
24.036761
25.008415
28.007968
24.049070
29.022740
29.015770
19.023750
29.034342
28.003752
30.035387
35.000928
28.043476
35.000928
16.009435
27.017551
35.010201
23.000928
25.000928
32.005810
34.064053
25.011113
28.021890
36.010593
47.025206
