122.026881
16.003270
27.015102
27.026366
26.010805
29.033527
19.017905
17.008075
23.023453
18.012685
23.005176
34.006869
101.010830
18.003692
28.012731
24.007163
24.017959
35.012190
19.036657
39.017591
23.032838
29.021604
28.008715
40.013095
61.009981
108.005545
31.000928
41.021904
29.007383
31.022911
17.025791
24.039522
44.024646
31.005285
22.047994
39.018093
19.027790
29.038926
19.026603
24.010039
24.013404
19.017594
24.021924
42.014652
21.016728
20.003952
33.011679
43.025008
22.003752
38.005345
33.027499
29.020143
34.014355
19.053445
29.008355
28.012305
30.015756
40.013695
23.007362
24.026405
30.000928
14.013793
23.008580
24.032792
21.015290
18.005978
16.001682
16.033034
19.058844
22.012101
16.019527
24.029025
14.036842
15.000928
23.093431
24.025159
27.011379
17.017441
19.006697
48.044334
34.030487
20.018474
24.003972
19.006343
23.018719
14.030728
24.026724
19.041655
19.014123
30.000928
23.026460
39.018060
34.010247
32.005025
17.007909
38.036669
55.017660
24.005125
58.041921
44.010167
45.003612
25.007077
24.003732
18.013080
18.033540
20.009029
23.014549
35.006497
23.043223
30.009541
24.008229
23.017587
36.011800
22.030422
39.027312
25.003672
18.021132
35.004422
20.009481
34.014043
23.008941
38.024620
14.047956
32.013146
22.005325
28.018182
19.013799
49.027745
29.012937
29.010521
35.029073
19.012227
18.026443
24.040784
24.009887
24.014333
49.026984
22.008029
152.010750
28.039152
19.066564
49.027961
24.014409
20.005385
18.003692
38.042999
41.007237
22.019372
34.017668
19.029517
31.024422
33.005145
38.016767
22.009069
41.012237
19.026406
34.016501
26.002640
32.028211
55.006677
24.006697
28.050127
28.031212
19.051113
19.028962
16.050887
27.023018
24.021571
24.018880
20.040934
18.005150
39.040327
32.017682
26.019954
20.002800
39.002300
35.022056
24.008489
32.027935
19.035199
21.003992
22.042144
25.003832
22.005625
25.027609
34.024939
24.009074
