32.018240
83.003872
21.044250
23.049986
17.005005
26.015181
26.010833
18.017536
24.040963
21.011045
31.037404
24.006922
33.006537
20.038873
15.009621
29.004132
21.003972
16.035120
29.026296
34.035425
24.017553
28.011513
15.026513
21.007849
22.019786
19.022536
19.017205
30.008509
19.019706
19.008809
23.033262
17.035205
24.020478
19.014243
28.002002
16.000928
12.008989
22.018992
31.005590
23.017759
25.015221
18.015080
21.016548
24.007809
16.037422
22.010899
16.016488
30.000928
18.035977
26.017934
21.003858
14.009919
24.022842
71.011394
19.006377
26.034820
18.008029
31.014423
32.003106
20.007669
26.013578
15.003732
13.054787
29.006842
18.008049
37.002220
21.023274
20.027370
21.003932
18.012501
22.016464
35.064566
19.031697
15.013643
15.003912
39.010733
23.004163
28.024862
39.018526
24.005065
17.003692
27.009621
20.016335
39.009161
22.034188
16.000928
17.035136
16.005845
19.004402
22.024408
15.011910
19.010411
23.027988
20.006657
29.008189
20.003993
42.047512
18.008889
25.012701
20.011383
22.025860
14.006477
25.019000
71.013458
15.003026
26.016627
25.003592
20.000928
23.013681
25.021436
24.025077
19.011239
20.009421
15.008721
30.007729
17.002440
23.006997
22.042785
20.029353
18.008421
24.030987
29.017039
27.004945
17.008845
21.010723
18.011272
17.010751
17.016934
21.008975
25.010001
21.005285
42.020644
26.013459
21.008175
21.008155
24.002726
36.003772
34.025134
20.057084
21.000928
22.025276
47.009521
27.005445
16.003673
22.006757
23.031438
19.012577
23.008875
26.008060
14.000928
21.008629
22.016547
19.010041
23.040078
15.010001
21.014183
21.026525
14.060174
24.023634
19.054568
22.005345
21.017391
37.004132
16.022129
46.024422
17.059779
25.025623
39.005444
21.009321
36.019704
22.007177
16.028101
26.019806
22.022494
15.014474
21.009001
26.022130
27.003752
23.013923
18.010587
23.015423
46.018214
22.013525
41.011013
17.036248
29.035225
36.042766
23.009029
17.005771
27.009621
15.012263
26.035937
21.013456
22.015593
44.032041
29.027650
24.048562
21.005211
24.023808
27.033919
19.040746
16.002966
22.049977
19.017993
25.011273
19.007989
23.022250
25.011183
18.013708
16.006957
34.010787
27.016228
39.013632
36.000928
79.018772
15.009661
26.013031
29.073312
19.018406
20.006817
22.011113
25.053100
14.038876
24.023924
23.025592
28.003812
26.018568
28.011265
21.029632
28.019106
24.044332
16.007271
13.023653
29.010021
19.004638
16.012806
23.000928
28.003572
22.009061
35.020952
20.000928
21.000928
26.012337
19.044880
20.004463
24.015316
18.042746
24.023406
20.000928
28.020843
19.038985
25.013555
18.017366
26.002886
21.003592
25.022008
25.012145
17.004012
20.016216
27.010381
21.053185
34.038128
25.000928
18.009967
26.028130
28.003812
17.009821
27.030694
22.017008
31.000928
20.003952
21.032368
26.009741
20.014343
22.006325
35.012165
23.010259
14.025799
21.021080
27.010151
23.034301
19.052174
21.000928
22.033823
20.002460
