57.030513
33.016987
41.003454
20.018682
27.017374
24.017099
29.011159
19.050583
36.006863
31.027858
44.016914
19.018809
34.046545
24.022570
19.050640
19.019613
19.020869
19.009393
29.026340
24.025306
43.003924
40.015556
24.014539
24.002220
24.043390
14.026599
15.007457
38.038502
23.016668
25.031675
30.015097
56.005525
16.026910
29.030729
49.005211
26.008142
34.018459
46.016699
19.071264
29.023386
44.015281
21.003732
27.027517
25.008921
28.035841
24.038155
31.008155
32.035083
34.037194
19.040642
29.019344
56.014103
21.012311
55.018185
41.000928
29.000928
32.012297
28.006797
25.037364
30.015922
18.018400
44.045799
38.007347
51.035776
34.012685
29.003852
20.022356
22.039783
29.007303
29.021015
30.011233
34.004663
34.014303
24.004910
53.024582
25.015369
33.009913
20.009921
52.015885
30.031757
42.012219
24.014263
26.016894
27.010850
27.009819
64.023106
50.017880
27.003698
19.029959
19.027533
19.016354
34.039492
45.000928
28.033200
40.000928
54.030329
21.006805
42.016287
31.006916
16.063196
19.035544
29.053407
34.049794
32.033211
26.044276
59.019912
31.010633
127.023602
29.019278
19.008015
29.023726
15.032577
18.020218
30.010181
18.023486
75.000928
18.011105
19.059149
29.010925
24.023426
49.060265
44.037584
34.031021
54.048730
34.034395
14.053187
34.029439
21.014197
19.002266
17.030895
48.015695
28.008729
31.023108
29.022357
46.013917
