27.010746
84.059183
23.000928
21.015420
33.037610
19.020989
23.007969
16.023432
23.016879
50.005704
25.022756
22.088607
20.003652
23.024118
26.013230
27.016614
24.010553
19.037402
16.021840
13.000928
25.004178
27.030564
26.014977
18.004670
24.005124
17.007749
24.002220
20.066403
57.007629
25.004012
20.011165
27.005024
31.033170
19.020704
24.019556
29.014683
22.005604
21.016253
29.037552
29.028525
22.004132
19.003892
21.050231
19.008555
21.004563
39.003932
17.023754
24.018363
20.007949
18.025374
20.031683
23.027997
24.007348
30.004092
23.021546
21.013277
19.007975
28.010173
17.000928
29.006497
26.005084
19.005384
27.008229
27.005664
29.000928
18.005304
23.017322
24.009406
23.000928
32.000928
24.012465
18.005464
18.030913
27.003972
29.006543
39.008089
21.009587
25.006425
23.012651
21.003932
24.003612
20.007995
16.029429
25.014079
30.003652
23.007607
28.039215
19.042983
29.013903
20.044954
18.017187
29.007575
19.027033
26.000928
32.016125
19.053917
26.017602
41.003572
25.014239
29.033445
25.018510
23.006843
17.010386
17.009281
19.005664
61.025593
14.003752
