108.004183
109.000928
38.013697
34.017624
49.022855
54.011945
54.013843
46.004323
95.005871
61.018959
64.016933
40.010750
78.008355
44.024519
80.000928
84.012177
153.013625
59.022756
99.007483
59.006543
55.000928
28.020910
89.011479
74.021724
44.013051
49.008075
45.003833
150.005850
77.019890
85.000928
109.000928
53.010307
64.011119
115.000928
88.013489
39.005170
59.013357
69.021936
30.002786
63.026168
54.018608
64.014264
35.007093
54.000928
63.037980
29.020870
39.011619
69.011679
34.010767
59.016528
54.009347
49.013331
37.000928
96.011019
65.000928
68.017827
50.013261
68.007795
80.000928
58.005456
47.002326
51.017774
69.009853
50.003126
73.011347
79.013517
40.000928
123.012771
84.010979
44.014229
29.020006
50.000928
68.020629
63.000928
45.014827
71.013161
58.000928
80.000928
62.017476
44.017517
89.017788
89.009799
49.011147
54.013011
59.010467
94.018144
54.011705
56.000928
64.000928
40.000928
66.008081
59.018955
89.017034
64.010897
39.021634
60.000928
30.000928
112.013743
49.009827
89.014249
44.010681
60.007507
73.028223
69.018376
46.000928
112.014657
99.013137
104.013559
90.004876
93.026984
60.003992
68.008881
64.005376
54.024963
44.005890
44.020631
69.010147
64.019467
24.019118
44.020533
55.000928
63.024597
84.014695
71.000928
42.014855
59.007762
39.022886
36.000928
52.006862
44.024036
60.008696
68.010739
34.008335
74.013809
74.013950
49.032463
44.012585
60.000928
93.017048
44.016281
56.004498
57.013217
94.010919
64.009407
66.000928
105.000928
36.016769
59.019700
44.017815
64.027362
140.000928
73.021376
49.024410
44.012459
49.022910
75.006355
83.033777
59.011387
75.000928
43.016387
41.003958
57.014835
79.008355
62.000928
50.004518
46.000928
43.017492
64.003598
84.033702
74.007083
74.008674
64.025662
44.013551
99.012651
55.002466
