37.022136
49.018346
29.035185
104.018234
29.047209
34.007511
29.006743
29.034762
34.024932
27.010813
46.006782
34.009927
114.007462
24.007202
60.002666
43.006362
29.014939
44.039222
29.026336
49.012411
39.031013
29.012371
39.029365
34.008135
69.057456
49.005870
29.008801
44.045961
49.038617
30.000928
23.031306
29.018395
36.003998
19.000928
27.022956
49.009566
44.018700
29.032067
31.014021
202.005570
39.008748
47.006261
31.018466
25.012260
31.006330
42.000928
28.035686
39.021417
29.027422
34.011665
25.007940
35.004643
25.000928
41.023373
44.035916
59.013949
29.028990
29.009487
59.044086
34.016463
29.036292
34.015669
29.016994
25.000928
123.005511
40.005890
33.046285
34.018306
44.060145
39.019457
34.044753
25.022874
23.015317
59.008923
49.009108
109.005330
36.000928
22.008355
34.042802
29.006010
40.012210
33.045264
29.024160
34.022482
34.024443
40.010113
33.027322
79.008061
42.006497
31.007342
34.013887
39.017016
35.000928
33.007457
30.009789
41.000928
46.056632
34.015255
30.018199
24.000928
58.005410
24.042525
44.006208
24.033567
59.037756
34.012140
24.005811
46.005083
29.006605
42.038806
50.000928
39.015161
37.044543
29.032853
39.039988
24.039657
44.021910
34.041336
44.021130
44.017566
24.009659
54.014169
34.010719
26.000928
47.024058
34.012382
29.016695
41.000928
57.055646
39.027442
29.023849
29.043891
36.007383
32.005430
49.012475
20.011640
28.043096
34.011459
50.000928
29.000928
43.011339
34.030790
24.059173
24.021456
19.006039
29.030607
44.007718
39.024340
39.011332
44.007228
64.005230
34.016799
39.007442
34.012583
50.000928
21.005410
16.019232
39.002220
40.000928
28.038074
32.000928
31.018922
29.009647
34.005496
34.016808
34.010027
14.036025
45.000928
28.008147
44.017568
41.000928
33.000928
33.012021
54.002220
44.005450
49.005630
35.000928
50.000928
42.037527
39.026687
54.047147
39.021692
29.026210
33.002386
25.049499
24.046084
40.005994
28.012977
54.045519
31.000928
57.029240
34.006982
14.031611
34.037723
29.034266
64.048780
64.020053
44.035210
30.000928
23.002220
45.000928
38.012065
34.057246
24.007742
44.011793
44.009141
39.012771
34.035495
34.017353
34.007682
34.004932
41.014960
32.009509
44.027498
34.009806
44.067930
20.003406
54.000928
38.009428
34.005750
114.009501
44.005150
29.015643
44.015711
46.000928
22.013406
29.013125
25.000928
38.012877
34.023662
39.006703
34.014324
30.009361
38.019512
39.008715
44.007721
29.006390
24.016816
40.000928
24.002246
24.004643
54.000928
27.012330
42.000928
62.015801
34.020176
49.026052
30.000928
33.009699
35.000928
43.023882
34.044060
29.015503
21.000928
47.055086
19.026966
24.007709
44.042800
34.007841
29.019053
64.021485
29.030276
39.015329
19.007382
40.005150
28.009787
41.000928
52.020202
34.016968
34.045302
39.019132
44.013165
24.067376
24.006149
24.051260
25.000928
38.047835
119.008148
