107.013217
29.007042
45.011037
33.012411
36.004623
53.025876
53.021034
26.012183
22.067012
24.006882
42.006863
27.006850
35.000928
37.009779
44.028414
24.018772
40.009850
48.015808
49.032072
34.030943
54.022445
45.003094
63.033791
34.027970
79.012685
35.011241
43.057179
89.018219
24.016115
39.016221
29.030305
70.010279
33.021584
54.013629
64.018497
34.021736
29.033881
60.006990
33.010885
19.035156
34.022076
26.007967
17.040327
51.004378
48.000928
35.004323
57.044230
39.026550
24.008301
29.032685
51.010101
32.032749
34.016977
35.002646
28.013665
154.018821
70.002346
47.000928
35.007481
29.024197
34.014505
34.012861
44.033292
84.014931
49.011837
74.016228
49.024536
41.005150
42.033777
39.027333
51.015201
57.015255
39.019192
39.012385
34.033598
44.034545
34.020200
29.031143
39.018612
29.026937
44.017905
24.036828
34.017227
49.025726
29.026466
49.031435
39.031622
39.009493
44.022936
36.004542
42.032540
34.005170
69.024077
59.021942
39.020837
34.007342
34.022746
54.025004
34.007069
34.010007
24.013929
29.005530
29.026418
34.039508
34.015675
44.018670
54.019962
30.000928
48.016748
24.030178
49.008555
34.025137
54.028479
26.005160
32.003538
21.007090
43.000928
33.037268
25.000928
48.010799
34.021304
25.000928
48.018554
69.024518
36.003086
34.004483
32.012051
21.000928
32.031339
34.025343
36.002646
37.009747
44.010539
44.012797
69.033492
45.000928
49.005815
48.014049
39.031109
49.010321
39.028327
59.039722
29.030964
50.015303
43.021590
39.014637
29.027997
39.019287
29.040849
39.014795
29.005602
24.023734
34.025054
40.014081
43.008155
54.008885
54.024615
40.000928
83.036009
39.028919
40.000928
48.009947
56.000928
48.007215
39.015670
33.023239
34.035972
34.029599
24.015056
24.015895
34.035506
59.024762
39.020365
23.000928
35.008008
49.012071
29.006235
69.007822
39.010051
29.044112
74.026262
54.031803
39.019092
54.025906
49.012437
59.019992
49.016587
29.042115
54.023761
29.005350
20.000928
38.026011
24.030391
45.000928
74.004182
28.025732
44.013289
74.020452
24.012591
29.013237
44.009327
59.018269
71.009741
64.002686
57.020124
49.033986
34.011919
54.030872
39.028502
46.008381
37.013489
44.033287
40.000928
38.024894
32.002286
21.030039
39.049033
44.032594
44.012265
84.022621
55.011950
54.002666
48.023242
30.000928
48.012263
55.000928
44.000928
58.029464
49.025800
25.003832
38.009587
34.015919
39.012657
29.007363
49.012617
39.033361
34.019764
40.014216
43.017160
44.022220
44.028143
29.010777
34.024910
36.000928
42.018445
54.005810
44.012883
44.027052
59.015691
59.008801
40.000928
38.034309
29.031033
44.010805
32.014040
41.029905
24.036379
34.028285
29.024746
34.021682
49.053315
54.009953
24.023768
59.011899
39.044146
52.000928
81.028150
34.010267
41.004342
49.012780
67.010561
49.013103
34.012977
44.035643
64.008655
39.010007
34.057614
44.025570
49.011065
43.029562
29.025430
34.022650
51.004478
22.021146
44.034254
44.022842
49.005276
39.024158
24.047414
44.011037
69.018806
54.022216
54.030992
39.031366
39.034205
55.000928
28.048988
44.046884
54.017395
29.014266
64.008795
34.047684
51.000928
52.008693
29.013683
25.000928
58.023961
44.005996
34.019466
44.014876
54.030193
39.007169
49.037830
26.003938
33.002526
33.049412
44.020462
24.008226
