32.014743
29.007202
29.017754
60.000928
28.014877
38.022171
24.058228
29.014131
24.010919
35.000928
48.017808
18.002666
26.005609
23.014811
19.027589
21.000928
32.022928
24.051352
29.020830
29.030408
44.032507
19.024236
19.012200
39.018580
19.043400
29.061327
29.022802
80.000928
53.015728
59.007702
44.024438
24.014743
34.006302
69.012751
20.000928
28.059941
19.041324
39.030713
26.000928
28.006845
32.000928
30.021332
34.067548
55.013261
53.030930
20.004583
48.017014
49.012345
39.018653
24.058106
44.015681
20.000928
18.049635
34.019918
19.031491
29.011569
24.005110
19.039728
34.023744
19.026823
29.031685
39.023828
34.012843
24.027452
29.021513
24.019433
34.012113
69.010827
44.012803
54.005550
27.000928
31.010453
50.008601
45.000928
27.019888
39.029517
25.004622
43.060315
34.027164
54.031813
40.008790
53.040547
27.000928
37.025054
46.000928
61.005730
46.004663
37.012423
29.015437
54.012029
44.032838
49.011685
28.000928
45.008893
44.042592
29.020568
30.004302
38.031864
49.019693
29.059888
30.007201
38.023323
125.004403
28.041766
14.051687
89.004198
49.018959
25.011110
13.055112
29.011699
24.018619
39.005550
29.019308
26.000928
37.040646
34.012579
24.005650
25.003652
43.034657
29.022736
54.030895
24.030531
54.016299
21.000928
42.011825
34.017326
44.015057
29.016375
39.011165
29.014661
54.024642
19.013585
29.028598
39.007811
25.000928
43.020745
29.030522
49.035959
29.013731
25.000928
23.031141
29.005990
59.024842
49.016091
29.016779
29.043332
59.021267
34.051849
34.005410
49.020067
25.000928
23.029496
34.018644
24.025634
24.041061
33.000928
65.016463
24.030356
29.018359
29.023542
39.018438
29.013549
41.000928
33.000928
23.017436
44.030472
134.009933
34.035579
44.025435
34.019847
30.007790
53.002220
34.035692
29.014432
35.005145
23.034501
44.030062
29.040046
29.019120
39.016671
100.014881
38.032342
29.025498
40.004543
23.049879
24.058658
29.033413
60.004463
38.024517
45.021812
54.000928
58.006995
34.033733
29.033056
24.016661
24.010007
15.000928
44.004363
23.043455
56.000928
42.041968
31.004042
27.018053
34.030037
49.021627
29.053692
54.014503
27.000928
61.005910
24.026584
35.010259
63.035209
34.047057
29.013511
44.018101
36.000928
18.005650
43.015760
39.006895
22.000928
26.012761
24.008175
35.000928
38.021820
39.006090
29.025042
59.008774
74.023638
24.021078
34.040136
26.005165
52.023002
29.022594
45.009733
38.022030
19.027605
29.014304
39.013191
19.038404
24.010247
29.015249
34.019370
51.000928
53.000928
45.000928
32.012099
29.005610
44.037463
30.000928
29.009815
33.008541
44.006942
19.017035
19.037001
30.000928
28.018700
116.000928
32.032378
20.006030
29.019140
23.006742
19.035484
29.038654
39.013151
24.047714
39.019498
27.004458
37.008661
60.000928
44.000928
27.026562
35.023850
30.000928
47.018903
19.024658
16.000928
18.004866
38.020586
19.022489
34.008608
59.017042
21.000928
62.005650
41.000928
47.005430
29.015181
29.068171
31.000928
27.027958
61.000928
27.017560
24.013165
29.022724
39.005450
54.005756
34.031615
34.016720
