47.015389
49.043016
44.019008
44.017134
54.019650
35.017317
48.027500
34.023933
39.042233
40.000928
48.051673
34.006331
34.007148
54.017316
39.007669
74.028672
42.006062
51.021470
39.012077
44.029415
35.014181
48.032079
39.040716
35.000928
38.026552
49.044095
49.014829
34.014895
42.000928
36.026653
64.012797
44.017897
39.031227
29.031074
44.007843
69.021004
69.045752
26.008821
52.043405
34.009593
64.017679
64.022868
39.023702
59.030290
24.029262
25.005034
38.005696
29.008399
29.014558
30.000928
43.025336
34.037316
44.015315
44.038515
49.016705
27.003146
46.027535
54.036773
29.054676
25.005631
33.013285
34.017306
59.008001
44.043431
44.016601
39.063141
36.004836
22.037170
44.015075
54.013809
39.007703
30.006901
