27.034503
44.014055
39.028766
34.042353
39.050652
34.019086
26.007830
35.004603
26.065884
39.042052
51.006545
52.041926
29.014747
30.004746
23.055117
39.012763
29.060801
19.008581
29.051674
39.011647
44.005502
24.056658
30.000928
37.004458
50.045552
40.004543
34.000928
38.042842
34.056277
49.028705
31.004483
37.035471
79.006682
44.034889
44.062113
39.022784
34.010547
49.029083
34.077957
41.004582
42.022197
24.033948
36.015240
42.041570
34.023796
51.011241
28.003215
53.043610
44.044256
39.029366
54.019280
50.017589
23.063982
40.006044
23.013549
34.058922
45.004587
78.053196
39.046992
54.033727
24.010165
30.003026
48.009215
54.015987
39.028163
29.043348
79.037171
24.041768
34.012229
35.038977
43.026957
44.015512
29.042721
46.004563
29.000928
33.000928
43.058065
39.025746
39.019246
59.042798
29.052720
40.008981
48.016995
29.045581
49.076918
39.014669
29.067602
39.026288
25.000928
33.035450
39.033893
84.012463
29.009627
30.006624
49.000928
43.014363
39.031122
39.008035
69.043256
51.011481
22.062433
26.013715
52.005351
54.018986
44.051130
29.024882
29.048591
39.016062
54.019864
34.067487
35.005615
23.032519
49.045426
39.009887
39.011665
20.013325
33.036907
34.042432
49.038787
29.010491
44.023577
24.037709
35.000928
51.004643
36.055441
44.075237
39.015789
34.048810
29.022517
44.023683
54.030328
29.052113
35.013421
48.007762
34.004486
39.045883
35.000928
39.012781
18.038486
29.022721
44.021484
39.005656
39.046062
29.020052
29.014621
34.059743
44.033287
24.056916
41.004203
37.018380
34.010694
34.050068
40.000928
49.000928
30.000928
18.005876
48.041463
39.055416
32.013421
46.040028
39.054267
49.044930
34.068159
44.027093
25.008681
29.007273
48.005190
45.031010
43.066520
27.014301
51.036086
49.021411
49.047115
52.004662
61.021158
39.033890
39.043187
34.028909
44.005150
49.029796
35.026761
24.004442
43.010721
39.005130
34.010887
39.039239
30.006957
53.010033
45.000928
38.009735
39.035299
29.016333
30.000928
63.034768
24.015708
30.003206
44.004923
33.033365
49.052307
34.053515
34.051952
44.026443
34.079499
30.013049
35.004583
32.006968
34.010134
39.032764
29.046754
29.010421
31.011370
38.004502
33.046088
24.014126
39.006548
31.000928
37.013805
30.000928
33.017049
29.025895
49.018938
40.000928
30.004402
47.012387
42.008751
41.008515
