29.000928
72.014815
49.008829
69.007815
44.005710
64.013551
64.054581
44.045517
59.014584
29.037154
44.013669
34.039342
36.004222
62.008314
44.003578
44.005771
49.034317
60.007881
58.037327
40.009770
55.004343
32.046416
29.020158
89.013659
30.004384
63.002220
44.007262
54.049180
34.050966
69.028076
40.012909
50.010330
57.015201
59.020718
35.000928
48.037228
34.026236
30.000928
38.020726
59.057523
44.031102
50.000928
53.005311
54.040094
85.000928
43.050483
39.030755
35.004422
34.002506
28.040154
46.009619
47.025463
44.022782
49.012611
34.012445
59.022139
54.030357
70.004323
43.005630
54.016945
39.025068
59.042598
94.025182
35.012979
35.013723
47.020666
39.022044
34.049656
29.029149
64.060873
33.009227
35.063390
44.019092
29.036423
39.015186
99.029857
69.011219
49.014270
99.015442
44.041599
24.038828
34.024462
27.006435
36.013483
69.021558
59.021990
29.026418
54.017535
39.009765
44.013013
30.004342
48.046270
50.007830
63.020806
59.020233
49.011239
40.000928
68.018120
54.026702
37.004563
36.038527
34.007223
39.028488
39.005350
44.020982
49.031860
46.012901
47.056221
54.011285
34.020646
34.038673
40.002906
43.007203
49.022996
39.030976
55.004083
43.027698
49.008587
64.002220
64.028257
74.066014
60.000928
63.011853
34.047903
69.016519
54.018702
39.015321
29.019832
24.035096
50.000928
28.006920
39.014209
69.008575
54.011959
69.068457
29.007863
39.030106
35.011688
24.005456
43.047530
64.023942
39.039548
54.019490
39.052921
54.026029
49.027238
29.058786
39.030563
44.008615
39.038899
39.026122
44.005790
44.046671
50.013295
46.000928
31.009727
39.002220
49.048954
49.043232
34.019192
79.012739
44.063091
39.034567
39.013485
44.030978
34.005596
30.000928
43.002220
59.009307
59.014329
29.035131
37.003812
46.044576
54.020334
44.062438
39.013257
54.029204
45.000928
28.035620
24.030641
44.021925
54.007383
54.055395
54.009887
44.065187
54.013892
39.036969
34.060351
24.003898
49.041274
54.012239
34.021213
59.036551
59.014109
55.004142
58.038458
39.022770
54.031277
34.023022
69.017095
49.017707
40.000928
33.003604
29.032513
54.020883
59.044866
44.011095
50.000928
53.039533
39.050117
59.019264
44.007935
34.015924
49.033555
50.000928
38.006090
54.012997
39.010667
44.023597
54.022164
44.024500
49.018438
39.048224
29.020988
34.032428
54.004991
29.051873
34.012431
54.019380
54.024736
34.017184
39.030073
34.037647
29.035859
59.017387
39.012003
74.019980
56.000928
52.011659
39.043040
64.037125
44.047371
40.029233
