12.026587
14.016407
14.028059
14.043129
11.003652
12.060834
14.042529
10.015722
9.013558
18.043047
14.005591
14.027439
44.016140
14.019497
9.088760
15.012281
10.017146
22.023960
18.008049
17.004905
13.000928
13.067370
24.044760
9.049217
9.030292
16.008049
12.026716
18.003592
23.032109
16.026879
14.022714
9.047318
12.021952
16.026864
10.020338
23.020930
24.025832
24.044246
14.024922
19.014713
13.004945
15.049413
10.008309
16.009581
16.010851
20.008307
14.036690
18.069137
9.066429
14.005136
9.044715
14.045949
15.024677
15.002346
12.041341
19.041680
12.004013
16.020124
11.008349
13.011903
13.024588
15.004323
13.007383
10.010667
13.008894
19.024697
14.014277
9.058743
22.016980
11.016277
10.016807
20.000928
12.015616
13.008569
