107.027685
20.031148
14.005925
23.023323
16.016948
12.026138
13.013297
8.006857
18.022470
8.004638
21.006957
20.007237
9.019592
15.026966
9.026112
39.057741
17.008799
14.016587
26.030222
24.040789
36.010733
10.056044
13.015167
17.041730
14.006096
10.022234
17.036381
10.035773
14.014915
14.043665
13.023211
15.029733
14.024185
29.043343
19.017800
19.018932
20.014495
15.009501
7.048353
16.010793
13.003612
9.006597
13.034939
17.006557
21.035815
11.025798
22.005716
14.034697
27.062750
11.039780
29.015606
17.005955
11.026159
13.011519
28.000928
12.007596
15.012105
15.008089
12.020770
10.003832
12.045416
9.055760
14.007975
