107.028660
9.032412
19.031079
9.030466
39.009114
30.004052
17.009239
10.013811
9.016396
29.008914
12.003732
21.005570
9.047052
14.021762
9.022346
9.019743
8.019158
15.009215
11.019775
18.009675
13.034389
9.008874
17.019326
11.046623
10.010107
13.017859
10.003592
8.037859
16.009520
17.017705
24.007848
11.007357
13.008130
18.040738
14.007142
14.009706
9.034079
10.010041
13.018046
11.021018
13.012505
9.015919
18.023429
14.040705
9.013920
9.008881
11.006359
22.007928
13.014590
25.023140
95.004463
14.013910
14.000928
11.003532
16.041328
19.030043
15.003912
9.012545
13.024773
9.023262
9.033561
15.009767
14.011553
9.020138
14.003812
23.005430
9.014857
