34.020284
28.002400
8.039952
35.004603
19.008859
21.008069
132.038098
16.010087
8.000928
7.063644
39.016680
20.014245
17.003698
29.018299
10.008301
9.032306
9.008815
9.015668
9.011721
12.000928
13.013915
12.013927
11.004598
19.010307
12.008335
10.004332
13.016461
19.034018
6.012655
12.026994
9.005170
9.040705
14.007582
39.007482
21.013663
18.000928
19.000928
8.014667
22.020528
11.029713
9.032415
36.042506
33.018967
66.008235
16.025156
16.000928
11.012305
36.022505
15.007989
28.000928
14.006577
12.017654
22.026295
11.028152
