33.000928
16.014963
7.021506
20.018120
10.000928
41.007042
10.000928
43.015709
16.015721
12.037224
19.005562
19.005656
15.007729
9.000928
12.000928
22.000928
17.025379
40.002726
23.038234
9.061352
11.000928
19.012263
8.000928
14.000928
11.000928
11.031484
10.021188
8.004738
18.000928
18.000928
16.047464
19.018297
39.008928
16.006542
12.020317
21.000928
7.013889
30.002660
8.018446
11.000928
7.018780
9.029704
13.015874
16.007177
9.004767
10.000928
8.009841
13.007289
25.004422
23.007942
12.014696
36.017233
9.040482
23.000928
54.000928
13.000928
7.018194
10.000928
10.000928
12.000928
8.033533
9.053667
9.054277
11.000928
18.003792
12.011349
15.058675
