18.012581
25.013457
28.002220
60.004443
10.063586
18.006637
23.006723
13.032401
14.014163
6.025120
23.005265
14.014021
19.020998
23.005736
21.018732
17.039088
21.018390
7.039996
9.064765
20.006737
20.000928
27.019604
19.019106
19.016687
10.029915
18.021210
9.068740
11.008135
18.006296
23.005231
11.014403
17.039813
14.027747
26.022017
12.027183
9.026613
11.010613
13.021049
18.007974
46.014796
49.006997
39.009361
12.018251
14.008714
11.013657
17.035809
9.024780
56.021664
12.037774
19.003684
9.040971
36.011826
17.025096
14.039807
14.038224
32.006757
14.009841
11.088027
