24.003572
15.011233
26.049006
29.006317
31.007537
7.055767
34.005850
19.037641
9.052872
16.007689
17.037689
16.010441
12.020098
29.013171
14.043365
12.009381
7.013675
14.011325
34.003693
16.011273
11.034369
16.011113
7.073221
12.011113
11.011565
7.003952
13.019379
17.015284
9.033587
12.006050
7.000928
16.011633
16.048793
18.019538
10.018627
8.021442
16.013723
14.002660
8.009413
32.009341
8.009561
23.004478
8.012763
11.011473
12.006762
46.010693
12.006257
19.026912
16.011693
12.081580
9.040954
9.011653
7.002280
19.011953
17.003732
50.011273
8.034481
8.035569
15.020803
9.007912
18.044228
14.026778
20.002220
13.022362
29.026731
13.006477
10.035159
11.011573
24.024886
