13.000928
8.030281
24.005770
14.051987
9.061847
15.011948
13.049968
8.017860
20.010321
29.014209
17.000928
17.010241
8.057145
22.000928
34.000928
23.000928
19.012626
16.026506
13.000928
21.012471
7.015526
16.023698
27.000928
11.012511
19.014620
9.016324
19.006822
9.032071
17.000928
12.007873
13.007343
10.006424
18.026698
14.005630
19.005070
16.006234
12.017160
12.005161
19.003618
17.010954
13.030828
14.024888
35.000928
11.000928
53.000928
29.000928
33.000928
13.025406
12.000928
11.048886
17.000928
14.012478
15.009381
20.011301
9.039341
11.015555
15.000928
10.035027
10.036951
14.013604
12.005685
11.029368
17.000928
11.025898
14.010273
35.000928
10.000928
