13.008017
18.003838
74.023366
9.028691
12.007948
16.022450
21.000928
15.000928
11.007043
14.015750
15.012365
10.000928
16.000928
22.003812
10.000928
16.007088
9.003998
13.000928
16.004132
23.025710
11.000928
27.016791
11.000928
24.000928
23.000928
16.000928
27.011383
14.005170
13.048970
14.007622
16.000928
13.000928
13.017465
20.002360
16.004178
20.002526
12.008841
12.011519
19.007082
9.025457
14.016341
14.017454
16.000928
10.000928
16.008428
14.008935
16.007002
15.000928
12.000928
10.000928
17.028438
16.000928
12.010033
11.000928
13.000928
16.000928
11.019789
11.000928
11.000928
19.000928
20.006070
14.009967
9.026094
29.029643
14.011100
30.003310
8.016461
14.010459
