17.022644
11.027991
12.020580
11.006937
16.019990
15.018951
14.052315
16.009941
29.009767
13.011479
15.024920
48.011773
34.017112
13.028608
21.009961
10.006777
32.007577
18.041012
28.019372
18.007236
26.042325
24.005950
19.016156
36.005835
12.039302
9.072932
39.067303
19.031035
15.027994
18.023582
26.006703
15.013683
27.000928
11.003532
31.032375
31.022940
12.029855
26.006817
17.040258
15.006557
28.034197
14.008075
9.047356
11.003992
13.008669
9.024134
23.018472
19.037162
14.047866
11.007453
14.017500
11.018900
35.051251
20.008349
10.043339
23.009781
34.008829
