17.051401
90.000928
19.000928
18.006110
9.015687
10.000928
29.000928
24.005565
24.012370
14.000928
13.008120
10.028035
9.000928
14.000928
13.025371
9.043039
21.000928
17.007522
9.008827
9.019094
30.000928
24.017113
13.024534
19.023102
9.009048
22.000928
16.023622
12.000928
21.008474
16.026398
17.005750
10.012051
19.019079
14.000928
14.000928
9.015401
13.031160
10.008309
19.000928
25.000928
22.007907
9.016921
9.030453
9.049694
10.000928
23.005190
9.016267
9.046049
11.003973
17.014523
9.029867
14.022725
15.000928
18.003664
19.005990
9.029447
9.011745
16.012896
11.000928
15.024714
11.000928
8.000928
15.021396
18.000928
18.014935
9.038789
12.022039
12.000928
10.002440
