17.039334
19.031553
14.026450
18.003932
20.008595
10.007789
14.008081
13.027396
14.026786
19.017957
29.016727
13.003892
10.036764
14.012771
21.008805
17.042836
9.024376
9.063243
9.054825
9.020043
9.021436
14.026199
13.000928
15.015261
19.017268
16.003932
12.072128
14.004910
14.023480
14.023386
14.018328
14.014589
14.055363
24.011259
9.041863
15.002626
23.021105
9.036165
19.022674
12.003552
11.036977
15.019488
13.068888
10.005285
13.038646
9.092795
9.003564
14.032723
9.105678
15.018752
9.012221
10.000928
10.003992
11.006849
12.006510
16.071769
10.008321
23.031595
9.019001
9.016636
9.044150
24.012583
11.013031
7.057546
14.009235
19.021264
15.000928
14.006681
18.038317
9.055011
14.028705
14.049028
14.031257
12.000928
27.002326
32.005205
10.016322
9.019319
