11.018976
96.014331
11.000928
22.006719
18.044276
19.032877
9.027618
12.000928
17.009341
13.039316
8.037516
10.027747
19.002220
14.016082
8.036949
10.047335
9.045274
9.029368
19.021062
9.022488
9.043270
13.012171
16.006517
23.018052
14.025533
8.053497
10.010007
9.047656
12.028414
21.039620
9.005990
10.011771
12.031695
20.033087
8.043086
16.009941
8.042523
9.009813
8.033585
10.085737
10.030157
13.008309
19.006777
14.000928
14.005485
15.011379
12.036711
8.045598
16.011453
10.005690
12.029619
10.009741
13.007083
9.015655
20.010001
9.003912
15.022899
10.053748
8.035132
12.031261
9.010431
14.050941
9.054201
8.033203
7.028743
9.015115
12.014210
9.059059
8.035918
8.047968
9.035356
11.011739
8.036860
10.072986
10.010853
12.005631
40.010899
9.005725
9.049604
20.017454
11.013461
