8.033728
99.004602
10.000928
14.009201
12.012448
13.019953
16.000928
8.040963
14.009860
9.042958
12.003552
13.006897
18.005704
18.010271
20.012971
24.000928
21.039448
11.022989
14.014896
12.003932
11.055952
11.015035
22.010047
14.009301
17.005085
17.006577
12.007237
15.005870
10.025317
11.018112
12.005904
9.009507
18.009279
14.014681
8.032122
15.017773
12.002480
16.011943
10.031297
13.016945
9.043233
15.005030
20.009567
13.003592
11.033990
21.015309
24.037748
17.006697
11.008327
26.010127
27.041878
24.013932
21.023654
25.008775
22.022836
13.010173
9.112477
14.026531
17.002700
7.010661
16.000928
11.029803
14.042160
18.007989
16.007302
14.035674
12.026087
14.006703
9.060523
