114.007357
8.002420
11.003672
7.012425
8.026913
30.004012
9.012731
28.026822
10.012791
8.003558
10.003698
33.007429
14.013891
14.010113
14.012145
9.015255
20.003712
10.005745
18.004112
15.003532
7.038019
14.007283
14.007531
19.008315
16.003552
8.012665
28.015231
20.003612
19.003812
13.007648
15.003532
9.007277
89.006977
33.026414
14.024318
14.009533
20.002500
19.007017
19.010137
23.048332
9.049641
9.052020
12.003672
46.005490
10.003772
8.021490
9.026983
10.003652
23.025349
9.018878
24.015035
25.003532
13.034429
19.007281
25.004092
28.012192
10.007497
9.008955
18.011561
