16.009295
11.013958
19.000928
41.015196
13.000928
9.064298
8.013295
17.023964
43.021970
21.039464
19.039525
20.000928
14.000928
13.004118
14.006723
15.000928
18.035233
34.010819
20.004483
8.039270
22.000928
27.003918
34.002280
26.000928
17.014721
18.009899
101.000928
9.006683
12.008668
9.048004
9.008300
19.012811
13.013457
8.016581
12.000928
13.007975
25.075821
47.043012
40.010999
9.035542
11.000928
21.000928
21.002840
15.017679
12.043719
12.000928
18.048435
13.004622
9.019172
94.008129
34.016344
9.022768
18.019072
