115.003832
16.025811
14.006902
32.003532
11.023732
11.003692
18.003952
16.003832
10.003952
18.003832
24.003832
19.003852
10.003712
15.005350
14.007148
37.022920
24.004032
14.004032
8.003992
13.016467
24.012785
19.003932
16.009339
16.012857
22.004112
22.003672
33.007875
12.003532
23.013800
10.004032
14.004092
17.004012
20.003892
28.009230
10.003532
12.058001
22.003672
12.000928
17.003792
54.004012
23.003912
10.004072
10.010919
56.095605
10.005554
11.037657
14.023262
15.004112
13.009648
19.005110
17.003872
34.003672
31.021498
20.014563
