17.006682
10.017788
16.000928
21.017200
34.036995
22.047925
12.005815
19.005485
10.016161
25.009607
42.005855
13.014922
9.117696
12.000928
11.007043
18.012665
13.012245
18.056745
36.049303
9.000928
29.006702
12.004052
25.003672
21.006922
17.017838
20.012266
19.002500
19.015149
15.029818
35.004132
24.007291
14.004558
18.019452
32.019664
31.026966
24.015983
23.003532
12.006817
13.004032
30.016321
14.003892
21.004032
24.007122
31.007036
10.036862
24.032351
12.047214
19.008280
17.018586
16.033694
21.003572
8.006676
29.005585
8.039510
10.035342
14.011001
10.034036
27.061538
