17.008795
26.016973
22.017351
24.014276
31.009301
14.000928
17.020628
16.006777
13.000928
18.007549
16.011353
18.005876
18.036900
24.014949
19.022804
29.018098
14.038057
20.003652
44.009921
16.000928
16.013331
14.044634
19.040942
12.058550
26.013803
19.044430
14.019798
29.011219
16.000928
20.000928
29.002700
18.000928
20.004612
18.006777
17.010573
14.013423
15.003812
28.009873
19.014947
15.002840
15.000928
20.010913
28.003758
12.025928
24.067504
32.000928
12.002820
16.000928
31.029220
17.010659
26.046770
18.050427
40.005502
19.043793
14.008267
