33.002660
29.003612
24.003832
24.009651
8.013665
13.020768
9.007103
21.027718
12.019246
21.003612
22.019864
11.005285
11.008029
11.002460
23.008395
10.004965
11.016994
16.015661
8.049661
10.027775
10.003878
15.003792
12.036238
12.011871
13.018746
9.000928
9.021450
24.003612
19.004072
13.010711
8.032802
15.006577
13.048084
10.018403
13.038373
10.003664
24.003912
11.029697
11.011697
24.013573
7.035336
11.022230
16.004012
12.024356
9.008552
14.038202
10.015698
12.036069
25.008315
21.010101
18.005205
12.032097
29.043945
15.038860
10.010631
24.020086
18.021090
11.000928
14.003692
22.032095
16.003672
10.009287
21.006623
34.009088
10.020498
12.009421
15.040202
16.003972
14.006155
12.041912
8.036345
14.012611
