13.008622
27.005350
14.011274
29.013923
17.019692
17.019878
12.039186
22.005110
12.020492
24.032687
15.020684
15.042398
24.006523
15.041138
17.000928
31.036704
31.016734
24.012111
17.002780
21.038609
19.015627
14.029298
19.026026
16.012551
17.032699
24.009503
19.023243
20.005030
39.004572
17.016667
11.005305
23.018180
14.019407
14.055195
19.067449
19.031588
30.006444
13.038941
20.004052
38.025536
15.007077
18.015636
13.033311
20.016682
17.031669
12.015875
18.039151
14.019184
11.106587
13.000928
11.004363
11.035163
14.008128
19.038605
18.030689
22.033627
12.064137
16.009967
13.039437
23.042224
