15.006283
16.022222
11.011719
38.014398
30.003612
10.000928
16.019200
17.003732
20.008101
72.010951
17.010660
17.014870
11.035283
28.011991
39.005645
36.005381
10.000928
23.006697
16.007955
13.003832
12.036167
18.010577
10.012119
10.037135
16.005305
22.005490
10.018450
12.069678
27.000928
28.012956
14.002260
11.004012
22.003932
18.003872
23.007403
49.014489
10.005465
20.004052
22.011863
17.007603
26.023661
9.029409
14.020490
16.000928
17.022970
20.002840
18.006842
34.024967
16.010393
9.011873
13.005445
23.029885
16.008395
38.004945
10.000928
9.013465
