10.010293
15.010807
15.009901
13.005205
8.015765
20.005505
36.011823
19.010481
13.007048
31.006777
9.003672
18.010759
23.041766
31.016848
14.006277
12.016980
9.117708
14.045608
32.012925
34.003913
111.024280
14.041591
10.007849
13.020276
20.025859
10.015530
12.039349
55.028361
8.017840
14.031981
15.009487
9.010101
9.006717
44.013311
39.014920
18.018026
14.027329
25.005185
34.014750
9.018088
15.011493
13.010911
32.015450
15.065157
24.016513
13.013175
15.023158
35.021418
13.020198
26.009049
8.005605
14.015375
