10.008101
12.013940
14.003833
9.018074
11.000928
16.036111
14.021024
14.042563
9.019165
10.012381
13.041850
14.037043
15.000928
16.000928
11.049583
29.008682
11.021346
12.088423
9.020990
14.045435
9.020820
11.000928
17.016073
14.029256
11.000928
7.109410
21.001682
22.012947
9.033055
11.078079
22.083715
37.000928
12.007797
8.063416
9.042858
17.005665
11.048297
9.029887
13.000928
21.005585
8.048477
15.021118
15.023543
9.005925
17.020670
14.025290
26.000928
7.052709
14.013783
14.023196
10.008860
8.095366
15.005945
14.004132
19.005805
16.000928
20.000928
25.068181
24.027520
14.036231
14.050302
14.021264
19.031629
11.006417
7.088380
14.048624
11.008717
8.017663
8.041884
15.000928
9.006828
14.005085
9.005616
14.005185
8.037005
14.009987
9.041610
9.026730
9.044038
12.005465
8.018570
