23.005664
11.018739
21.007642
25.000928
23.010291
19.017054
13.022139
17.037217
32.018692
18.031196
25.025659
14.016007
13.045294
14.006776
13.007509
12.006797
15.009521
13.004924
20.005125
12.040411
12.005544
26.022196
29.011831
12.018939
19.015869
21.006030
18.014887
18.005684
26.009413
20.018594
29.003552
11.039403
17.005245
12.019378
20.007223
16.005224
13.023750
13.028958
15.000928
14.016454
13.045808
18.020430
18.005584
26.035130
25.005464
11.012546
28.004458
17.017754
17.020092
16.010127
24.020064
12.034625
22.004826
23.032753
11.005804
19.000928
17.007775
30.006973
15.033386
19.005265
17.010301
