32.021381
19.006130
25.000928
38.025358
10.000928
19.007894
14.000928
23.017287
40.000928
19.008910
9.037494
18.017046
15.000928
28.019005
20.012105
13.024739
15.012270
18.010911
20.000928
28.014109
40.000928
18.034985
15.017143
23.019430
24.013551
39.034067
15.000928
25.000928
18.000928
13.018965
16.000928
17.019884
29.049861
15.005425
12.014983
15.028162
15.000928
18.009707
39.017109
34.022197
15.000928
13.061286
12.000928
26.011021
29.015735
15.011479
9.010993
23.035581
15.002680
19.000928
23.012523
14.016083
25.000928
19.013410
