37.011693
19.022583
29.019704
19.021340
25.026948
23.029526
14.034634
30.005624
23.055322
10.004964
13.035542
15.013601
13.029743
27.006277
12.009507
13.037714
14.014992
21.006441
17.042121
14.025832
19.026432
19.023528
14.012131
19.038854
14.036152
14.049162
24.028933
29.015635
14.018732
14.016020
14.051150
25.006124
21.009423
26.038881
29.015215
14.015335
44.052572
25.006885
18.032041
39.012997
29.016647
44.021618
24.012711
14.031923
19.020199
19.028242
19.010273
14.046520
14.032490
14.036530
19.041575
19.047214
29.039443
19.006703
