27.030874
19.019730
24.022948
34.025080
24.025759
14.018085
19.041636
14.047714
17.029750
21.045248
14.059199
16.009795
13.004706
23.026293
19.046640
24.037108
9.063416
16.006496
13.011653
18.019518
29.005351
24.021972
19.044467
34.051806
14.024700
14.030163
14.025645
14.018002
20.016850
21.006757
26.032387
25.004322
19.000928
13.030641
19.027754
19.017580
11.009447
22.011163
29.061192
14.041173
39.015841
9.040869
14.076721
24.039281
14.072414
9.035611
35.023558
10.010979
17.027355
19.018418
16.004358
22.019470
16.014057
22.006962
14.044292
14.058975
14.033328
29.016788
