27.033585
19.010959
34.020556
14.020868
28.002700
30.016776
24.011459
24.022584
27.005150
33.003952
17.010681
25.003752
28.035261
29.017572
19.018446
40.012501
23.052639
19.015807
19.028392
19.019946
14.026816
14.055634
29.011319
16.003612
29.000928
30.012621
32.003070
13.020968
24.014070
19.019744
14.034836
28.006757
10.030177
14.013135
29.005417
14.023072
19.009381
20.004503
24.005465
20.000928
54.006563
29.010870
17.005191
21.003532
12.039230
24.020783
14.020540
14.011449
14.007868
19.017630
