13.014162
23.010221
19.018992
14.041793
39.034052
15.014433
14.000928
18.040820
19.064757
19.008275
18.033003
15.038226
20.020302
25.003892
16.029669
20.025661
14.044846
24.021642
15.000928
19.000928
13.111929
19.018280
14.035320
15.000928
22.038622
32.025029
24.012131
22.027600
24.011507
17.019280
13.031341
20.000928
18.049727
22.030015
45.000928
23.037055
24.031291
20.009601
21.022092
16.027656
14.015067
15.004622
16.017040
17.024792
23.005910
24.009567
41.007917
14.027417
23.000928
28.017051
16.000928
18.003672
10.071954
17.056145
14.048729
19.027149
