107.006474
15.028331
15.000928
20.003532
12.000928
23.032575
14.028923
23.000928
16.003310
13.006170
11.003532
10.020086
11.030845
15.005225
8.029856
18.031392
20.024090
13.000928
12.003518
24.011179
39.013157
11.017288
10.059691
11.104340
11.002240
16.009019
8.006055
27.000928
22.007377
16.000928
11.022254
9.071694
10.055689
13.042323
19.013227
10.023466
21.000928
13.041841
10.041146
21.019735
11.033546
22.010647
17.003952
16.017453
20.018654
20.003898
10.032771
15.041266
11.000928
18.030581
13.040141
9.006677
22.000928
10.023228
11.023738
29.036713
24.012777
15.002460
18.019670
11.019191
10.002966
12.002440
15.010693
10.065354
11.037917
9.006829
16.000928
