14.036131
12.022563
12.003572
36.010273
19.016211
12.003952
16.048472
19.054979
19.048208
20.016256
18.009867
12.003932
12.024854
18.006682
14.036611
14.007682
15.002220
29.003672
24.003612
16.016802
11.090783
14.041666
14.015845
19.018865
14.025152
40.010170
13.023508
25.005990
13.008949
14.010133
14.021539
14.058807
14.011327
10.032099
19.003912
13.045244
31.003812
22.024104
14.009479
29.039290
14.036863
14.032017
45.003832
13.037578
10.003772
20.074885
15.004032
17.005364
20.031262
16.030549
12.039199
23.011187
13.032375
19.034237
19.016061
18.007042
18.024326
20.008866
15.003972
18.014997
12.003912
16.023951
