115.004052
26.009075
16.003552
27.041498
14.042718
20.004052
23.045541
17.011913
27.019306
14.000928
13.055019
15.002760
19.005505
14.012655
13.022626
12.005065
27.008229
13.056491
19.016647
13.041451
16.004132
18.011715
16.003652
23.007457
13.045556
15.000928
13.040873
23.036435
20.032931
25.012762
20.002220
22.042385
22.035752
18.003672
23.000928
24.015078
23.031521
14.047694
43.003552
15.077271
19.042970
11.040726
21.039333
15.000928
16.005865
22.000928
12.020170
34.010614
32.003732
13.017834
17.029171
26.003852
