11.012217
20.011139
17.013717
12.019166
21.003858
31.023924
16.004012
33.006788
34.042850
27.014363
12.032659
18.017870
13.036164
13.035629
27.016927
21.013937
15.031826
9.091883
11.045006
17.012825
20.012225
9.022756
23.027624
15.012085
9.010061
13.053537
15.012233
13.047333
15.006857
21.039534
12.014117
41.056524
11.007981
21.021375
12.018266
25.012785
19.026824
12.006857
23.005150
31.042096
30.000928
25.013463
33.011783
18.009367
45.000928
19.006697
18.013377
14.030263
19.059545
32.006342
8.040612
22.058016
14.026667
15.003572
14.042432
10.074475
13.027352
15.039400
