38.008149
18.022777
14.020956
19.022268
14.029377
16.027770
17.020122
18.091385
25.014828
39.012371
13.004112
45.031978
17.000928
23.020490
14.000928
25.004170
11.045172
21.004292
19.004092
35.000928
22.027882
35.003572
13.000928
23.005597
21.028347
36.003592
20.010591
22.024036
16.013643
14.030202
39.045740
26.061947
18.006236
21.005725
25.003592
22.004058
37.036951
14.009555
13.003992
16.009261
17.000928
30.017980
19.012139
24.047603
14.010679
19.012978
29.038097
26.003672
23.038701
18.043675
