21.005470
19.003872
20.016502
17.006602
21.030935
16.038095
27.023776
16.006896
28.003952
38.012283
28.009611
15.010106
24.030235
19.035785
23.014137
22.008137
25.006070
13.066324
22.020462
29.015791
34.036883
51.002820
42.007642
34.010905
25.004012
14.003832
14.000928
16.003772
21.008115
21.003652
16.002220
15.088505
15.006877
18.011431
15.003892
16.003852
16.052189
19.037717
19.017201
29.011819
34.019238
19.030342
34.014561
24.006662
24.008641
25.003632
19.004122
19.003572
18.071424
19.024074
