32.019360
28.016827
10.048891
22.000928
15.000928
22.000928
28.000928
13.015643
18.000928
20.006663
13.005085
20.017072
24.031263
16.007517
19.009461
17.044454
11.000928
17.046815
17.032074
12.013031
16.004925
26.013816
21.003852
22.013365
16.000928
17.011991
18.000928
15.069982
15.000928
23.023074
12.000928
21.040849
16.023429
12.023586
19.007183
14.015987
15.009540
19.004243
16.009135
17.011529
13.013229
19.029628
19.053883
24.015582
19.050377
20.009767
40.003812
18.010739
13.027398
14.028078
12.008489
17.000928
18.013825
15.000928
13.040996
24.026238
19.025644
12.008569
22.079673
10.002800
22.007957
