16.003652
21.003772
18.005111
12.006937
11.045202
29.020870
15.016689
13.037705
23.000928
8.000928
16.008295
16.000928
14.009601
12.008386
7.056173
17.010239
11.017814
21.025335
27.000928
14.003712
11.039151
16.002266
12.021662
10.002440
15.007454
14.000928
19.005305
12.005310
14.010313
16.000928
11.000928
16.000928
8.033365
15.003892
20.000928
12.018265
16.000928
19.003394
10.002386
18.025804
14.014935
9.019026
22.007601
14.017101
16.006717
17.025740
21.004173
20.000928
17.020839
23.009879
20.000928
23.025497
9.022849
20.000928
13.030410
34.040529
16.009567
12.029821
14.006422
20.018070
13.040185
19.019822
18.022436
8.000928
16.023860
14.035175
9.008195
9.021298
14.013783
19.009627
14.009233
