11.021551
9.015396
21.003912
48.044916
15.004402
19.018638
18.013393
24.018375
15.000928
14.009321
28.037745
14.033079
18.009867
23.010127
27.003732
28.008195
14.029445
14.029686
19.017572
24.010465
19.038975
19.064393
19.016414
18.008575
16.031727
23.007222
21.002380
12.058731
19.020810
14.005710
17.030769
14.021246
11.032893
14.026649
12.054343
17.009701
13.040249
24.031668
19.038160
29.025502
14.147708
14.008480
19.038053
17.026794
28.021256
12.033508
14.026109
19.026690
19.006423
23.003792
21.020504
18.026120
25.003932
11.004012
61.007028
14.013728
10.005930
21.003712
