25.002770
82.009465
8.023536
4.057551
5.010222
13.050339
4.036043
5.003932
3.073912
14.047898
24.010260
5.004132
3.033161
4.025672
19.013579
9.018153
4.064396
5.013284
6.034567
14.002620
11.021908
4.031708
15.003972
3.045186
14.015735
4.042341
24.006722
4.037149
4.041574
6.021063
17.039246
7.003632
6.008522
4.033383
9.007042
4.005190
4.042417
24.006662
9.009527
9.023398
9.005732
10.002520
8.010177
9.017226
16.004032
18.003792
8.020112
4.053576
4.030287
4.044767
19.022641
7.012157
6.044282
94.007917
9.012389
4.068731
5.002586
3.036167
15.003932
4.003592
3.030949
9.040633
9.033153
9.026200
4.029887
4.040475
14.015336
5.003972
4.004012
4.003632
3.053809
4.042199
19.034339
14.048176
4.036734
14.019316
6.011013
7.039687
4.031413
4.064564
9.009533
15.003632
8.016586
4.037029
19.041869
14.006723
19.010495
4.035813
14.028942
4.036504
4.031063
19.012457
4.024438
14.007968
4.029018
4.017333
9.008661
4.023328
10.030031
3.065398
14.025716
10.015021
23.019150
9.007243
