7.004872
6.008489
11.003612
11.009621
4.012505
4.021538
6.008349
5.013077
30.006409
6.005464
8.009881
6.010147
5.007348
3.010124
11.032214
5.005725
4.005604
4.022355
6.008489
9.005045
16.026560
5.008501
6.009941
4.012325
17.008149
9.006656
6.011619
7.019048
6.005834
5.006777
13.003732
4.022295
6.009213
4.026399
10.005404
4.012865
4.020689
5.006916
13.010733
9.005345
6.006716
5.007248
11.010931
4.021872
5.003552
4.031549
7.017747
4.018211
4.033685
10.000928
4.005344
13.021004
4.027222
4.024998
5.023195
5.009801
7.021728
5.005344
9.003692
9.027265
14.006882
6.005285
6.026665
5.016742
14.005565
8.025148
4.028620
15.000928
28.024562
7.008789
6.045199
5.003074
7.006676
23.013677
11.026244
9.013884
10.006897
4.012525
5.009241
4.016702
4.017174
4.021249
4.009353
7.016041
7.008569
4.018926
12.006683
6.008749
7.006677
9.006796
6.007929
5.009361
7.018214
8.003752
4.009560
6.008369
11.024934
8.008615
4.009761
6.000928
14.004583
9.005424
10.017745
9.000928
7.014463
5.012358
10.009441
10.003632
5.007108
9.007108
5.034633
5.002660
6.005105
6.017473
4.051418
5.026207
4.015091
5.010081
6.008709
7.008529
12.030867
10.017659
6.008129
8.005284
9.009721
9.008649
7.012891
5.012545
5.006568
15.005484
13.008889
7.008954
9.013895
5.011829
5.015255
18.005536
6.009621
