3.024310
3.019036
4.022188
4.045306
4.010785
4.030059
4.029797
4.018898
4.030635
4.022296
4.029775
4.018500
4.023955
4.035206
4.016579
4.009767
4.026459
4.032307
4.016168
4.011045
4.016854
4.042748
4.050742
4.020624
4.013889
10.011015
8.023034
4.036012
4.021412
4.025380
4.044770
4.011285
4.024196
4.008434
4.029004
4.018193
4.013743
4.019006
4.010619
4.019158
4.012791
4.044538
4.029683
4.012477
4.010199
4.025741
4.041836
4.011459
4.055521
4.007961
4.005250
4.020170
4.035817
4.028259
4.023327
4.023934
9.005371
4.013875
4.021030
4.021616
4.018272
4.029557
4.026519
4.016104
4.029358
4.030695
4.034925
4.019572
4.019238
4.034509
4.012591
4.018746
4.042912
4.030740
4.024490
4.024995
4.017000
4.012117
4.034565
4.038923
4.030397
4.032554
4.042039
4.043867
4.030497
4.024359
4.007082
5.006497
4.013325
3.039112
4.017468
4.015768
4.033671
4.016809
4.016644
4.019228
6.006641
7.006614
4.022980
4.012837
4.026425
4.009487
4.028657
4.012491
4.023349
4.024248
4.033679
4.028631
4.013763
4.015156
4.058723
4.019084
4.014327
4.013944
4.021670
4.015549
4.025347
4.032245
4.027965
4.035845
4.041836
4.012768
4.041255
5.003772
3.054143
4.012611
4.006729
4.023796
4.016221
4.027138
4.026773
4.014023
4.034300
4.030629
4.039827
4.019378
4.031941
4.006789
4.028005
4.005810
4.018180
4.006483
4.019464
4.046350
4.010879
4.025231
4.044227
4.037058
5.007117
4.013145
3.079092
4.015381
4.012171
4.032234
4.049278
4.023941
4.005910
9.025200
4.032509
4.041591
4.016968
4.020196
4.017894
4.013883
4.016528
4.018652
4.011369
4.023115
4.012591
4.013781
5.015421
8.019404
4.017726
9.011325
4.027665
4.015356
4.023628
4.026345
4.012837
4.058777
4.017127
4.016455
4.008255
4.021251
4.020572
4.025745
4.012483
4.043671
4.046683
4.016874
4.012149
4.020446
4.011391
4.021682
4.008615
4.027537
4.024540
4.011983
4.017588
4.022266
4.014913
4.016788
4.036930
4.013883
4.055770
4.024662
4.019530
4.068932
4.005042
4.031035
4.036692
11.039988
4.012205
4.015519
5.013215
10.018566
17.030371
4.013113
7.025733
4.052188
4.011219
4.020937
4.027599
