4.013027
102.013397
4.023162
9.023780
9.004852
41.016874
7.028441
4.025979
4.011279
4.009867
4.023794
9.041105
4.017015
9.040544
4.023096
4.019943
5.005564
8.008777
19.035327
10.014609
28.027179
6.025630
7.010705
4.034797
5.008709
14.009101
4.015043
8.006622
14.041008
4.017712
4.033643
6.008309
8.005856
8.034566
5.003872
4.005504
3.028578
4.025792
4.015661
4.017906
4.013357
9.024102
4.037196
4.018340
4.023022
10.002380
9.005344
3.039858
6.012893
9.013051
8.008709
14.008889
3.067493
4.051558
4.021277
4.015303
4.013871
4.015829
4.016475
4.046356
4.038840
6.000928
12.007797
4.023997
5.009029
4.005184
5.000928
7.037174
4.032717
4.009567
4.023369
9.024620
4.028048
9.011545
4.035109
4.030416
9.013765
5.000928
4.012585
3.037164
4.020272
9.036239
9.027670
9.019596
5.000928
3.046885
21.006963
8.008315
13.012851
6.007749
8.006796
4.012845
8.027481
11.000928
8.007116
3.065212
6.008049
7.006169
4.005111
4.013995
10.004950
3.052895
9.026234
6.000928
23.000928
4.008461
18.040084
5.010773
3.025686
5.005644
9.013543
4.009069
3.039389
4.012929
9.016617
5.008129
3.023022
4.016674
5.003552
8.020678
14.012319
4.014557
4.019138
9.039135
5.009249
4.010021
4.006443
4.000928
5.006616
4.003912
7.005816
4.015144
6.000928
8.006616
8.014729
6.005611
4.016288
4.006416
7.018913
6.000928
