9.041181
19.034416
7.018472
12.008389
13.011139
14.030723
12.022921
9.008561
6.028745
10.028597
11.032899
6.014383
19.038424
7.018412
6.005284
10.024840
8.011891
10.008429
8.019792
6.026687
17.025881
17.053118
11.010779
10.032886
39.020426
8.032979
19.033187
17.009253
22.032187
58.021081
20.002620
10.002840
21.033682
30.062983
6.027624
9.008329
7.006657
11.021637
23.008075
6.028107
6.017108
6.038977
32.016564
9.015203
4.016628
6.017614
17.033434
24.018020
7.005350
6.038778
6.027745
9.000928
43.021844
15.017223
12.021444
6.007037
32.033157
14.020484
10.011253
13.025685
6.026588
52.034213
6.002726
22.011099
19.015996
5.031483
6.017977
6.015149
10.007749
19.017078
35.012723
30.031977
16.006742
6.032943
7.040771
