6.014513
7.005264
6.006364
13.005644
15.005944
53.005744
10.008229
5.027544
7.014815
6.033114
6.008009
6.008889
5.028384
6.008809
6.008969
6.008489
6.008909
6.028464
70.010691
10.008749
26.010471
35.006822
11.008829
34.015095
10.026160
12.008309
6.032046
12.009109
5.008549
22.007949
31.005904
17.011681
20.008309
6.029657
15.008389
15.011759
22.025396
13.008349
9.007167
19.010791
25.020278
6.008569
6.008669
12.007829
6.008169
17.014017
6.008349
41.009119
21.008849
6.028984
45.000928
6.008549
37.024020
14.012167
6.007097
10.008649
12.031264
11.008889
5.032354
6.008089
6.008789
5.019472
60.004012
8.005690
10.008769
10.012151
6.008089
5.035347
6.008289
6.008409
10.024594
15.008189
11.006084
6.029368
15.021530
13.005016
