4.035704
10.009701
6.049889
5.009841
15.008189
4.012266
4.008429
8.009901
44.006235
8.010747
4.046390
5.006027
8.008441
4.008301
4.019141
5.011299
4.008109
4.011553
8.008295
4.026176
4.019818
4.031301
4.027755
4.024713
4.025315
4.049003
4.058812
9.008368
4.019738
6.026125
7.012389
9.013657
9.057800
4.050867
16.000928
4.006457
7.021590
9.022074
4.048497
9.021130
4.058167
4.028690
4.069625
4.034818
4.017948
4.030115
4.040656
9.025379
4.022770
4.056482
4.017634
4.015081
7.009941
6.019652
4.032877
4.019280
4.016102
6.012711
4.008235
7.040418
4.057269
4.027467
4.029911
4.026212
4.026919
4.011941
6.003933
7.031881
4.023465
4.080353
4.024382
6.012506
13.010821
8.047754
4.033732
4.018994
4.025465
4.042380
4.049360
4.033935
4.019504
4.024164
4.069416
9.006443
4.032525
4.061503
4.058189
4.034050
4.016027
4.016440
23.009741
5.042737
4.020453
4.025335
19.022074
5.017766
4.009761
8.025318
4.022394
25.007283
4.014550
5.028301
4.011906
4.024812
9.000928
7.038573
14.020846
4.021422
4.020364
4.037417
4.069235
4.045980
4.023052
6.008009
7.007100
9.069010
9.032129
4.030264
4.025361
4.061008
4.018412
4.020156
6.009521
17.019409
6.013964
21.011613
16.005785
8.016528
6.008381
10.011733
11.014515
4.014631
9.007881
4.090441
4.039128
4.028288
4.045875
14.027123
4.027687
4.023322
14.015190
4.017474
6.023983
10.006717
4.012431
5.029373
5.030209
4.031864
11.000928
7.031471
9.019393
4.034288
4.025398
4.014184
4.017886
4.020978
4.024414
4.023464
9.006703
4.034532
