11.022074
4.029637
5.017019
5.020363
4.027032
5.033160
41.005170
24.025383
5.008129
9.014167
9.006725
9.014419
8.005930
4.045681
9.015107
5.014723
8.026886
8.005265
10.025201
9.023762
4.030842
16.027354
5.009401
6.034423
4.045306
13.007768
6.003852
5.015389
6.003792
6.008609
8.046988
10.000928
9.000928
14.006317
6.007989
11.016321
5.023708
14.000928
13.022118
9.027020
4.064772
9.021058
9.008561
14.007982
4.041959
9.013709
12.009781
8.008393
4.030053
4.025192
7.008407
13.002320
14.028718
10.024688
4.048561
6.005370
8.000928
6.018691
6.014563
6.003006
7.041822
14.009671
10.006179
5.010601
12.007642
9.012199
14.023736
9.015044
4.090692
4.052889
9.010373
9.015687
4.041380
24.048448
9.012717
9.021553
5.019371
5.006676
7.024274
5.003832
4.025586
9.000928
5.022547
6.008369
19.008089
18.029195
6.017247
4.039094
4.040955
6.004623
12.016135
22.007934
6.023310
4.045362
8.003672
10.044321
6.003852
6.003752
10.022836
6.004032
7.011371
9.013097
11.000928
6.003692
10.012691
4.016966
5.003120
8.007122
9.056720
5.010101
5.010441
7.037529
5.032147
18.018627
9.008301
9.041179
12.004483
6.031414
4.040422
5.037661
9.003913
10.008719
7.021067
4.030907
