13.003912
13.006082
9.007422
20.003712
19.004012
7.003592
11.003832
6.004072
7.003972
5.007017
7.018666
13.006121
10.032859
10.004052
7.003632
6.005844
11.004012
19.003532
12.003652
9.010087
15.010360
6.023777
6.000928
6.025091
20.004072
4.022351
9.012585
5.027034
10.002220
6.011133
27.003652
6.004012
6.012863
14.005950
8.006456
11.004072
8.008427
6.003592
42.015591
6.003532
18.007432
6.005910
5.005230
4.008509
10.005882
14.013529
9.006903
10.003792
13.005670
15.003952
7.003952
6.004052
6.003972
19.013766
10.003712
11.003712
6.015724
6.012903
6.004032
10.004112
16.012543
6.004092
23.003792
6.009337
6.027050
50.003852
14.003992
14.003632
14.003532
20.003792
13.003612
6.004112
12.003852
6.017424
22.003652
6.005285
6.019765
14.007582
29.015304
5.008608
7.006323
6.012786
6.003532
16.017840
6.003812
28.005530
7.005145
20.008475
6.003932
8.000928
29.003792
9.003872
5.006557
6.007796
