8.003972
6.003752
5.004072
12.000928
5.003532
6.034441
8.000928
10.009633
5.000928
11.003932
22.018723
7.000928
15.014949
5.003552
8.018305
6.000928
6.000928
9.000928
10.039229
7.003872
5.000928
10.018431
5.000928
8.011887
6.000928
7.028036
9.009935
7.000928
11.013015
5.000928
13.014195
5.003532
5.000928
4.021550
14.003632
17.007369
10.000928
6.003892
6.008628
13.000928
23.000928
6.023296
7.003732
6.011977
4.017429
7.003572
23.015443
8.003752
5.000928
7.015323
6.000928
7.046980
9.024448
8.000928
11.003992
7.000928
11.000928
6.000928
11.019958
9.010553
5.000928
8.021138
8.003832
7.000928
7.016514
10.002346
8.013225
6.000928
7.011995
5.000928
9.004072
8.009301
6.000928
12.022767
6.000928
8.006356
5.006956
4.000928
8.006556
8.017377
5.000928
18.009806
6.000928
9.000928
7.009181
9.007540
14.018726
9.013815
6.000928
4.007722
11.000928
10.009630
4.067649
12.003832
6.012317
6.000928
13.007176
8.017565
5.000928
6.003972
17.006836
8.006643
6.000928
12.009487
6.000928
7.017456
10.008519
7.000928
12.000928
7.003732
7.004112
8.003872
6.026080
5.000928
5.000928
12.014135
6.000928
5.004072
4.010439
6.008481
11.000928
7.012179
5.003110
8.014723
6.000928
5.004052
6.005570
5.003912
8.056887
