7.033702
9.010253
5.009561
4.010333
79.004283
8.016267
4.087528
9.005630
5.003046
4.033965
8.010233
4.053100
9.054135
9.009541
4.072939
6.003912
12.006290
5.026140
8.019118
4.027997
10.004403
8.051167
4.052552
9.016875
9.015127
4.068612
9.059079
9.009507
9.015715
6.003572
8.005810
8.026066
14.018992
9.015688
5.020416
6.023824
10.005325
10.041212
4.018346
4.082061
9.015035
9.037961
4.022870
9.024038
4.033533
9.015189
4.051087
14.019631
5.009387
6.006977
6.023113
6.006377
7.045559
9.012211
4.037572
5.019658
8.055684
4.063769
9.015201
5.019854
5.013525
7.026958
5.010719
13.055352
6.006497
8.010127
5.010921
7.009133
5.014741
5.009461
13.003572
8.025356
14.006549
9.021430
9.029955
9.011245
5.008561
8.036947
9.041566
5.014497
8.046916
5.012457
8.031846
10.008535
4.028071
9.008855
13.022603
9.051780
24.020850
6.010721
5.038687
6.031827
14.007975
14.041335
5.000928
8.046542
9.016943
4.030014
10.009667
8.048554
4.037156
10.006997
8.038416
4.040266
5.007233
8.008201
10.013081
8.010693
9.019490
4.019292
4.078199
6.003532
7.075038
9.050294
5.010734
18.045985
7.006617
6.053716
10.008435
5.013299
9.012445
5.002770
11.058582
5.008521
10.007403
10.015650
5.005635
