6.000928
18.005345
89.005365
12.007709
11.006417
12.002480
11.009249
10.009761
18.008560
20.009541
22.006657
7.010919
7.004238
20.007137
11.002480
10.006957
7.010127
8.005465
16.005504
14.002560
17.007889
17.009321
5.005005
14.009561
25.005145
5.014470
26.006656
7.017406
16.005525
6.006657
20.012898
11.005545
11.009501
30.009893
21.012815
7.009687
23.006917
9.005070
7.007136
7.017428
16.006737
36.009821
20.012597
16.003792
6.005225
16.000928
6.005545
10.005405
35.021270
8.005245
14.011619
5.012857
19.014143
41.007749
6.007283
10.010920
10.003952
12.005325
31.005365
7.006697
24.005625
20.013629
15.005404
10.006697
7.014104
16.011859
7.013171
21.006677
14.006657
7.014123
16.004865
15.006717
