6.009421
4.024781
41.008649
15.004112
4.021124
4.016547
18.000928
13.015311
4.037930
24.013346
10.009981
12.031282
8.026331
9.027291
14.020224
12.010101
13.038454
7.007929
4.009947
6.033422
7.019168
11.029623
4.046153
4.036348
4.038677
4.035310
4.032547
4.040235
4.046555
7.015555
9.015450
9.017047
4.022596
6.038768
4.023909
4.021862
4.015228
4.064705
4.030635
4.029321
12.014231
11.015055
4.030189
4.039905
5.008409
4.000928
6.034152
7.009821
4.010613
4.021876
5.004663
16.014057
5.017560
4.015501
4.036398
13.016759
3.027675
6.012971
5.015280
11.026333
5.018120
7.024367
5.010899
16.030797
10.016388
20.017480
5.026292
7.025050
8.027814
22.006882
14.016207
7.000928
4.010833
4.016767
4.016567
4.015615
4.017454
4.018719
4.010601
5.010021
9.011153
6.028617
4.013903
8.013011
4.019314
4.021660
8.010121
9.007162
8.007142
4.011719
9.000928
4.023442
4.013285
4.006957
4.019119
4.012705
4.018100
4.017128
4.025973
6.020704
7.010973
5.012885
8.009881
4.013677
8.026296
3.027053
3.013891
11.035936
4.030795
4.030889
4.040179
10.011553
4.012251
5.012217
4.027405
4.008009
8.023110
10.005570
4.019172
7.025899
17.012496
6.021742
10.009721
4.010421
4.007117
3.029709
12.013297
4.009427
4.027325
8.010187
4.016627
8.009861
4.023322
4.016759
8.033575
4.043294
4.032507
4.030435
11.010619
5.029847
19.015175
6.042118
15.015702
8.013095
4.030941
