4.014081
3.015929
4.015767
3.020524
4.048421
4.021042
19.014964
4.019558
5.000928
13.023600
7.002800
4.004012
7.019552
3.011499
4.016343
9.019885
4.009321
16.044472
7.051907
4.017213
4.035628
4.021924
4.015313
4.044901
7.010013
5.003532
8.006617
8.022337
3.008169
4.000928
4.006757
4.009581
14.002520
6.002820
4.003912
6.031723
9.064430
4.031786
4.027797
3.018886
13.002560
4.007177
7.007929
3.030341
4.022088
16.009787
7.017654
4.017207
3.019412
12.000928
3.010719
21.026848
4.037853
5.005244
4.007949
7.018787
28.000928
5.002440
12.024868
4.038716
26.009361
4.002500
13.000928
9.000928
3.070342
3.012111
26.002320
4.000928
8.014283
4.017153
25.000928
8.018786
3.028030
13.000928
6.051548
4.036928
24.010379
10.002740
3.056107
10.000928
3.078657
4.028792
8.013991
6.000928
4.000928
4.006697
3.024616
4.020234
5.004423
3.071985
5.002910
8.038363
4.025379
5.000928
8.027240
3.016149
6.006837
21.013523
4.017560
6.034685
14.013383
4.013743
4.008775
4.017351
4.026910
4.041871
5.013115
3.051196
4.041923
3.036117
5.017819
3.051834
4.009841
17.000928
7.022133
4.032847
23.005404
5.020004
9.027912
4.027350
4.026938
11.020372
8.011479
3.083857
5.007927
13.020192
3.033553
10.022304
4.010199
4.021767
5.004302
8.028368
5.000928
3.043648
3.036263
17.000928
6.002360
3.006497
6.039242
4.055197
4.017667
4.035255
4.032141
3.013980
4.004904
10.009359
5.014237
4.002300
3.055991
9.009333
