10.000928
12.007909
9.003612
19.008249
8.011253
20.003852
13.036728
9.008275
15.007407
5.019349
8.008189
8.033181
6.008149
8.004132
13.014343
14.031410
19.006662
5.008529
14.003932
9.006637
9.029741
6.009687
12.003952
6.008349
31.014443
6.008035
6.010847
11.007889
13.005990
19.008381
6.012393
8.008549
14.010207
10.008009
8.008749
9.003932
43.009194
15.005345
6.011441
32.007657
19.008269
18.020587
20.008129
6.008189
18.010211
28.003752
10.008609
22.008441
10.008569
11.008049
21.005651
20.002340
10.004053
42.008195
10.008269
14.003532
13.010787
19.007018
14.008375
11.005445
18.003872
10.018173
8.003912
14.003712
8.033173
20.009029
5.039471
22.014059
11.005145
12.009121
15.008369
14.003732
8.011719
10.003752
13.005910
25.003514
13.005870
17.009029
11.015613
10.005490
