5.011755
5.012245
5.024432
5.009627
5.025414
5.017920
5.024914
4.022976
15.023334
30.009095
4.010267
13.043644
6.003532
5.023932
8.008075
17.017167
7.006297
5.020506
5.030496
5.000928
5.022390
6.010713
14.012385
4.025640
4.024974
15.014161
14.053986
8.006204
33.008595
5.011971
9.019566
19.023048
9.012045
4.018454
8.010693
6.026435
7.012925
7.021270
5.013426
10.013417
8.009667
5.007523
7.028097
8.047758
13.009641
9.018500
13.023702
5.019366
25.022825
7.005904
5.017700
5.024901
7.022690
12.008355
24.007849
5.013177
7.043178
14.012937
7.006837
4.006863
5.016150
6.014323
15.005811
30.003832
4.008001
4.007123
10.002220
5.056380
23.004112
28.017974
18.016341
8.008175
11.014750
5.020252
19.023542
5.036236
4.045839
4.030576
5.007955
5.022490
6.024874
10.053704
5.008729
6.016462
11.038742
15.023767
10.007037
6.014877
11.008949
6.017854
4.012757
4.012605
5.026787
13.021250
8.024388
34.014023
6.019126
9.019600
15.033385
5.021199
5.017707
5.014284
4.010679
14.020364
11.010047
7.026334
5.020964
24.003838
5.046482
12.010773
12.017893
5.020350
6.021570
7.014929
