4.029429
7.008913
9.009013
27.036149
6.033385
9.007623
9.020630
9.008895
9.034742
14.004518
5.010181
8.005050
14.032895
5.000928
4.035136
5.012325
5.022917
14.008921
5.009687
13.021796
11.007483
4.029238
9.007143
4.062639
9.005431
4.044952
12.010367
11.007343
9.005650
5.009321
13.027257
14.005390
9.006230
9.031076
27.008489
6.083065
9.007451
4.064592
9.034852
4.030949
4.034386
5.009901
4.048732
8.007103
9.006583
9.006171
9.046738
4.055389
4.073986
4.010919
9.024674
9.011305
4.061173
4.078319
5.005365
6.026696
4.014091
4.010925
5.012446
19.009981
15.024312
34.012697
29.034721
10.021984
8.014929
9.013011
5.009581
13.007935
4.031966
9.023574
4.063027
5.009701
13.019523
9.007955
10.004323
5.006557
5.012355
12.006837
8.011479
4.049912
4.022746
9.039093
9.020813
4.064703
5.010753
5.009721
8.009601
4.025382
4.009561
20.030091
6.006697
20.027723
4.012151
9.017825
4.044414
4.020590
5.007097
4.005125
8.011191
17.014243
4.014935
6.009367
5.006557
20.006777
5.010141
6.014649
4.070652
4.060065
4.036881
4.090579
9.063642
9.009661
9.011011
25.010041
24.009721
4.018713
8.010273
9.007500
5.017962
8.054091
9.008863
9.007863
4.025331
5.011099
