7.060608
6.017383
15.008174
36.031221
11.022962
6.023342
5.046900
9.020284
5.002480
9.007537
5.003732
5.024267
6.007382
5.007061
5.011359
6.015536
8.008049
4.009781
4.006637
10.005605
15.020610
5.009481
5.014177
12.019411
5.004985
5.014217
7.023170
5.004302
11.004132
14.019886
16.012937
4.091606
9.015982
5.009561
5.012565
6.006217
5.031788
9.027915
5.013903
5.009547
17.028290
4.043326
4.078425
4.079370
5.006357
8.057017
4.060370
9.015973
4.050779
9.016785
5.006623
10.008901
5.009221
4.009281
6.012531
9.049077
5.000928
7.003812
6.002870
7.004012
8.006277
28.026853
7.028677
5.005345
8.022642
5.005305
8.016573
9.010133
4.111304
5.005045
9.012585
6.011990
11.037790
9.013143
5.009481
9.026880
5.008229
8.016161
8.012251
5.009981
6.006717
5.009581
20.017687
6.002640
14.003832
7.011084
9.009747
4.064187
6.006757
9.012545
14.013045
7.034907
4.087450
6.006857
12.009867
4.054724
4.132523
4.039445
4.070020
5.004878
8.018033
19.042010
4.054184
4.071505
5.008003
7.003892
4.032304
13.003732
5.020104
10.020918
4.060056
5.006977
8.006523
4.105162
9.009807
5.003612
8.048518
9.023988
5.006577
5.008609
10.008201
18.005365
5.005365
9.024954
11.037502
4.077104
5.006737
9.009787
8.020884
5.012195
8.025086
4.053973
5.002620
6.003752
14.006065
8.000928
8.024775
