8.003918
3.042738
14.029197
8.019826
25.030521
3.040510
19.019086
4.024200
19.018280
5.006908
4.027051
4.007763
4.055194
19.012505
4.019610
61.019958
44.049561
12.050404
9.036230
9.009067
9.018173
9.034141
4.021982
4.044100
5.014623
8.016708
4.070166
9.025361
4.084859
8.037370
37.009541
12.045932
24.009953
29.040773
4.025081
8.022936
17.006959
7.046794
9.043261
4.050544
9.025470
4.047228
21.010061
7.030947
4.051832
4.046187
8.000928
20.025583
40.013811
5.022982
9.037428
14.020524
8.020646
11.022136
6.026141
14.011093
31.015959
7.006543
4.047323
4.011659
4.041802
4.037346
9.043121
4.027545
18.007216
17.018972
7.007635
4.057498
6.004582
3.020429
4.012165
20.006277
7.006294
4.031289
6.005515
9.009807
7.034177
9.023334
4.032287
4.071008
4.015988
31.024661
7.007722
4.060596
24.040880
9.007581
4.045093
39.034922
21.014836
8.004622
4.003612
3.050513
26.021686
7.007242
4.026460
5.013511
4.008269
5.006376
