4.013161
13.005090
13.020242
4.005617
4.023715
4.010067
14.017855
11.010973
19.005244
7.005231
11.008375
9.021542
3.015130
8.011805
3.025621
5.046363
4.020318
9.006975
4.013331
4.044089
5.002540
8.022400
4.023102
9.005670
5.003912
3.026979
4.017067
4.039473
4.021144
4.033690
4.035692
13.009413
11.003712
5.014709
3.037472
3.063478
3.037805
13.009561
11.043920
4.013917
12.021444
9.009981
4.016042
6.015229
5.018986
4.006677
3.033359
4.014375
5.003812
4.018251
3.042042
11.013231
3.017961
8.017686
4.006562
3.043493
5.024400
6.014890
12.008735
4.007009
3.028488
10.048280
4.013277
4.036483
4.039519
4.004950
10.017419
3.093896
4.018366
4.021996
5.005364
8.038058
4.050268
3.026578
12.012345
3.024966
3.027304
4.024687
5.004052
3.069464
4.028771
4.035571
4.011665
3.026441
5.047276
10.013175
3.084843
9.015747
9.061650
4.040052
4.024520
9.019489
4.032927
4.040628
3.048472
7.022056
8.005604
3.042019
3.027545
12.009341
12.030615
4.016559
4.034243
3.012697
5.017575
5.002420
4.005490
13.009159
4.024826
4.020338
4.014916
3.038685
13.019552
6.022204
5.003572
3.032635
4.015587
4.038365
9.020152
4.007543
4.012957
4.005291
5.003692
3.064882
9.012419
4.020744
12.008475
6.012863
4.017576
3.052465
10.027597
4.026433
9.025021
4.009647
4.024694
4.005476
4.014763
5.004012
3.036544
4.024446
4.019992
4.039899
9.019158
5.012049
9.003972
3.064451
9.005790
3.033179
5.024048
3.034401
5.029957
5.009481
3.055397
10.010221
3.066832
3.015821
6.009060
3.069997
4.036549
4.014289
4.023356
4.025960
12.008309
16.035163
9.011079
4.008260
4.032975
4.010161
4.026733
9.006882
4.021970
4.015161
3.039568
