10.003552
6.050305
96.003792
9.009835
10.005385
14.003692
18.003912
7.030507
14.008981
9.007389
6.009395
9.010035
7.049171
44.008701
9.012887
32.004132
11.013099
6.003732
5.003532
13.003652
10.006095
15.005930
5.058370
11.010355
7.032072
7.003992
9.003712
6.040874
7.003892
6.023321
7.004112
26.002220
9.005322
32.010575
16.005730
7.003572
6.048325
7.003732
6.018756
11.005065
7.012077
6.009915
10.006210
6.036330
6.003792
7.021648
9.017620
5.003792
7.003852
30.008643
5.004072
26.003892
117.008133
6.003712
11.016906
9.005536
6.007057
5.003772
7.004012
14.003712
8.020510
6.003732
7.049724
4.025115
9.007403
12.003552
7.011601
8.025386
6.000928
10.003632
9.003992
8.005665
7.032519
7.003872
6.040961
6.009555
6.011133
11.003672
6.003992
24.003992
6.022212
17.003792
6.023708
7.003552
12.006637
11.003852
6.020788
9.005996
7.004132
