8.005899
9.013810
13.030291
5.009841
13.007203
5.006237
13.019592
5.003532
9.003912
8.045125
9.062393
5.006677
13.024556
10.000928
8.041872
14.008581
20.004132
13.009761
5.006025
8.042034
25.003932
4.027683
8.037734
11.000928
17.033315
14.021055
19.007535
20.003612
9.005823
18.008341
5.022210
8.039598
9.020494
9.029370
5.008695
8.004778
10.012857
9.010927
13.011205
14.050921
9.042745
10.007575
9.012746
13.015501
9.041028
5.015357
8.005910
14.036296
20.003912
9.010661
13.030273
9.007089
5.002240
14.003932
12.016328
25.008575
9.002220
5.000928
13.042903
24.014782
5.000928
9.009079
8.043763
5.000928
8.020728
5.015811
13.008895
14.009365
9.007382
5.003964
9.003872
8.020070
5.008535
9.006263
13.044210
34.007003
10.006385
9.002280
9.002400
13.014312
4.032437
9.066703
15.002680
8.010239
7.002660
11.044114
14.043695
24.006030
9.014416
9.011799
14.005276
14.003658
11.009851
17.009965
9.044778
9.018467
15.000928
9.009057
13.006849
