18.013239
13.012471
6.015415
6.021443
10.010805
6.005464
8.003912
5.019426
32.008921
15.015153
7.012826
12.005545
12.016527
6.000928
7.029263
11.004112
8.010181
5.009627
8.007077
5.021303
13.007709
24.000928
7.020091
5.083525
6.023193
7.038063
5.008309
6.004965
11.019146
7.006677
36.010213
15.008999
5.010207
7.021870
6.011373
7.015195
5.021374
6.006697
31.018096
5.012731
5.014881
17.026818
7.007077
5.005105
6.008890
7.014383
7.005796
7.037791
7.024315
27.002871
7.010619
5.035677
14.024054
10.004113
12.007077
6.004032
9.000928
9.005930
4.012655
14.007989
9.007217
10.005824
13.013337
11.006997
36.045412
5.008109
15.019281
7.034234
5.007808
5.028178
17.038944
7.006497
21.008881
5.007402
9.012085
6.005541
56.040858
9.031648
6.024259
7.052849
6.006597
14.006543
28.012111
8.023222
7.004052
21.023821
7.006457
20.008401
34.020191
5.010219
7.007217
11.048904
10.003712
9.013871
5.010819
17.015796
15.009115
