9.013465
7.022319
5.007017
4.027697
4.008769
9.006477
4.005825
4.003978
4.016593
5.013663
3.020839
8.006768
4.017699
10.003878
4.007909
4.006757
4.012191
4.004658
4.008669
4.015117
5.000928
9.010773
5.008369
9.002360
12.000928
9.007117
4.015069
9.004438
5.013517
5.008649
11.010107
5.003818
14.007276
4.012465
9.004232
4.004605
14.004032
4.009987
4.008489
4.011359
5.016361
7.015249
4.033721
15.002320
4.007723
9.006517
9.011359
4.005250
4.007297
4.009893
5.007157
5.008575
6.017950
10.016369
9.005405
9.008549
5.013583
8.000928
4.006857
4.015261
13.018404
19.027286
4.026766
9.005330
9.018669
4.055442
9.016549
9.017585
9.029329
9.029793
9.034367
28.011997
15.010225
9.012231
15.022434
4.005870
4.004362
8.022354
14.018752
24.029278
4.026613
29.047538
18.006637
13.016957
7.009679
8.022883
4.019584
15.008448
19.008749
8.027160
5.014037
9.006797
5.013503
8.007437
4.003838
20.016045
8.005270
4.005230
9.003832
9.010870
5.007437
6.006977
10.015276
10.007177
5.007017
15.009275
4.015169
13.000928
3.021218
4.004984
5.011199
5.008345
6.027501
10.006956
5.008649
4.005370
5.013223
4.006417
6.024268
30.000928
4.004258
4.007789
4.011725
5.006477
7.027247
4.019123
10.008959
6.011339
11.021776
5.010874
5.005564
17.026256
