14.004072
17.007742
25.004112
9.004132
28.002220
9.035317
10.006877
9.016658
5.004258
9.008389
8.006437
4.006997
4.007663
9.009601
13.005310
5.006297
9.016242
9.006877
14.006397
8.021210
10.013435
9.017324
4.014387
14.006937
4.008459
19.006957
13.011233
14.020694
9.005370
14.007448
5.003852
4.006617
4.019132
4.012329
4.008101
4.016991
4.006517
4.036406
13.007202
5.006537
4.006397
13.007182
9.009242
14.007628
15.015375
8.012445
10.008679
4.008795
4.008968
33.002220
9.043068
10.003692
9.003912
4.003912
13.005470
14.002220
5.015396
8.002220
10.008007
4.011250
8.058031
5.006877
4.006793
9.006797
8.016243
5.005045
4.034993
9.006377
4.010367
4.006457
4.007217
14.007017
10.005385
5.011493
12.014752
9.003672
4.004032
18.007742
10.013086
43.002220
21.003732
8.006577
14.006703
4.006697
8.007083
9.044721
5.006773
18.014491
14.005890
19.016110
5.012414
8.003618
19.064100
5.006753
4.006977
4.008369
18.005470
9.026747
11.006857
3.021835
4.012153
14.006317
9.006857
4.020649
9.004112
10.006677
8.008429
8.005391
5.006777
8.013763
5.006957
8.018107
