4.019727
4.031472
5.003938
4.015416
12.005205
15.011339
5.004498
4.015395
5.016668
14.043612
4.024808
33.039449
6.008735
14.019140
6.002706
12.013631
4.064342
4.037015
5.004144
9.005205
5.004038
5.009189
12.002546
9.005725
8.029534
14.018070
4.022054
15.011241
9.005625
5.007234
13.002340
16.008189
5.009341
5.036690
4.012063
20.002380
5.008335
5.004018
8.014893
4.022177
6.003146
3.021729
14.006477
4.018053
3.027527
5.002586
10.002840
4.002406
21.002500
8.028583
4.068209
5.002280
4.035665
8.006691
5.026453
9.007743
8.065836
5.005185
8.033653
15.000928
8.040158
7.002386
4.008335
5.023756
4.010547
10.008195
5.002680
14.012637
6.017586
9.002640
4.003873
11.019398
7.026246
4.010347
16.024174
5.005385
5.011453
22.005710
4.051353
4.059357
5.002440
4.029332
4.007869
10.005839
7.021912
4.083637
5.000928
9.005325
8.008381
9.013451
4.057111
4.032079
5.009681
4.037541
8.019840
4.021304
9.048356
4.066740
10.004303
5.013782
9.012405
7.006943
9.046669
4.047691
5.003892
8.013904
4.023268
10.005285
6.014163
10.016516
10.014509
7.012937
4.012625
5.016429
7.036838
9.002720
12.005356
5.026566
6.003758
11.008775
5.000928
8.014343
10.002720
8.019518
9.008827
7.011173
4.034771
5.014537
10.038575
6.004732
4.013157
7.016556
5.005465
4.004118
8.026122
5.004278
9.005725
5.017448
6.009467
