26.010407
14.028595
92.003592
9.033271
5.053638
7.016769
12.035121
30.030510
56.053820
10.027378
15.037870
5.039729
29.012437
13.026132
16.004052
52.033704
15.019226
9.026220
22.036980
16.031289
16.013883
12.021989
9.041903
7.012371
6.017823
17.021864
29.012465
6.031040
46.024510
10.043224
6.020523
34.014224
7.035883
11.024166
15.017629
25.027339
7.027944
9.027975
7.016388
6.007242
8.012897
10.031015
7.030883
9.020102
18.039895
24.045538
9.018232
11.021650
7.019694
10.069360
15.034673
15.051857
8.012945
10.025526
34.021989
7.015009
12.006856
6.034707
16.017441
9.022675
14.021408
15.004032
10.033608
7.021223
15.012321
13.025882
5.014083
12.028863
10.018852
