112.437647
28.848017
26.577119
135.632000
151.291667
25.548407
24.782495
23.390381
25.379368
50.163340
34.077357
47.030598
504.762857
29.127435
102.411944
26.273272
19.388692
26.785591
33.576532
30.373246
24.127515
24.533142
39.175928
29.252295
20.734261
27.077550
41.078969
65.683566
189.408750
33.519993
36.812019
140.658182
33.187803
565.384615
28.803770
31.472553
23.916372
30.670222
28.233233
34.098122
26.938470
58.448468
31.388037
25.294465
31.204419
46.831940
39.053660
27.600790
22.797852
41.510526
26.812630
48.597750
