1 7.02878
2 4.01906
3 9.01891
4 4.01613
5 4.02154
6 4.00503
7 4.02652
8 4.031
9 4.01446
10 4.00812
11 9.01613
12 4.03086
13 4.01972
14 4.02767
15 4.01897
16 4.03536
17 4.02803
18 4.04058
19 4.01349
20 9.01509
21 4.0148
22 4.01755
23 9.04218
24 4.03135
25 14.0171
26 4.00509
27 4.02302
28 9.03414
29 9.0301
30 14.0236
31 12.0104
32 6.04257
33 14.0391
34 14.0236
35 4.02664
36 9.03718
37 16.0054
38 4.01809
39 7.02725
40 4.00955
41 14.0219
42 4.0179
43 4.03343
44 14.0299
45 14.0096
46 4.02437
47 4.03283
48 24.0153
49 4.01717
50 9.02444
51 9.00356
52 9.01333
53 9.02941
54 14.0318
55 14.036
56 14.0217
57 4.01332
58 5.00663
59 8.01969
60 9.02293
61 14.0387
62 4.03958
63 9.01908
64 9.03577
65 5.00381
66 3.01977
67 14.0329
68 4.03036
69 19.0078
70 15.011
71 3.07381
72 15.0052
73 3.02696
74 4.02877
75 4.02184
76 5.00457
77 3.04682
78 4.03015
79 9.02606
80 9.02069
81 14.0276
82 18.0064
83 2.00838
84 17.0122
85 24.0286
86 4.03553
87 7.00828
88 11.0313
89 4.02089
90 19.0133
91 4.02936
92 9.03209
93 9.03883
94 4.03409
95 14.0355
96 9.02987
97 5.00353
98 13.0201
99 4.02412
100 6.0144
101 3.00093
102 13.019
103 9.02871
104 9.02215
105 19.03
106 9.00618
107 4.04998
108 4.01725
109 4.02423
110 4.04245
111 4.03829
112 4.03797
113 21.0143
114 7.04933
115 4.0295
116 14.0434
117 8.00093
118 15.0203
119 9.03449
120 6.00625
121 8.00297
122 4.00731
123 8.0202
124 9.03098
125 29.037
126 5.00093
127 13.0293
