88.000928
73.014659
54.025561
71.006696
62.011381
104.036279
145.004523
48.047161
49.034010
54.026116
54.005170
44.018000
54.068154
80.000928
43.022090
49.022602
70.003406
73.024568
44.033481
31.015116
37.008512
74.044941
69.008460
50.005824
58.034833
55.019097
49.016069
34.000928
49.000928
66.002346
57.008780
58.034695
60.011781
33.027179
54.044968
49.032212
59.014609
49.019300
44.050179
44.023446
79.021840
49.047428
64.030777
45.006565
63.005162
74.041242
49.010351
49.025121
54.016728
59.024300
44.039964
61.000928
48.006741
58.029166
50.004402
53.016242
39.041709
79.018266
69.007795
34.024714
69.019336
74.048817
51.000928
82.015499
39.017739
69.033417
39.011453
49.033517
49.015673
29.023516
59.011949
39.034251
54.020596
89.019727
79.019268
45.007197
73.034822
54.035033
64.034541
36.006825
52.027307
59.009739
79.038295
39.045752
34.035803
39.038939
51.004482
57.030159
35.003812
48.027351
70.004182
58.043351
49.039441
69.051092
74.038740
44.016688
44.017140
49.037367
50.014000
73.023932
109.024726
44.011999
74.023768
34.030513
45.012824
73.044945
45.006664
53.035987
44.033464
79.053028
34.016729
59.020115
39.036097
44.056939
34.028492
45.002986
53.021704
60.000928
48.042920
59.038891
49.027584
59.037709
64.028703
49.056825
49.014381
80.009710
43.020476
54.013193
49.045226
64.034952
40.009103
53.044832
64.012997
54.018658
59.023801
64.022312
69.026250
29.011039
74.018057
64.017468
46.004182
37.015898
64.011889
34.033913
59.034353
44.013061
40.000928
93.035039
74.044846
54.008929
79.023378
44.061744
64.028272
39.010343
59.040150
49.052323
64.015211
59.015815
60.000928
53.041466
84.022163
74.032149
44.009419
94.006768
55.000928
68.012005
60.000928
68.016087
59.012631
39.021396
34.026620
85.000928
43.041621
54.015696
39.012645
44.007149
49.009893
84.012713
54.050779
44.041967
40.002586
58.050216
