77.021262
64.009513
59.033759
44.021486
49.005470
69.022978
64.020278
59.021462
69.037414
55.007853
44.000928
38.013499
39.025690
40.000928
38.008295
64.012389
31.015661
42.039952
64.011081
54.023084
64.012283
64.009827
40.003266
96.004502
56.008395
79.029123
54.017896
49.031986
29.037587
49.028976
80.011081
58.009647
61.004652
46.000928
62.007101
50.009001
31.027498
39.007108
61.011121
38.000928
31.004543
56.024854
64.054333
54.042796
44.008168
49.008833
41.015361
62.014289
49.020320
39.012411
54.055068
29.053667
40.002306
63.016907
29.014614
54.017161
47.000928
76.027265
39.018217
40.005815
58.031793
44.017898
50.000928
45.000928
32.057051
59.012253
55.007202
75.000928
62.045553
34.005690
64.012831
59.006236
44.022884
54.008495
54.049737
89.028310
39.021550
95.004382
88.006683
54.030856
79.020720
69.025452
44.008375
44.067922
46.000928
53.006905
53.037317
55.006901
43.032788
80.008870
43.012551
59.010031
59.025732
69.006110
39.047833
49.039627
44.020304
135.011595
78.038232
65.010110
53.024297
44.029399
54.005410
49.017862
34.021544
54.027067
54.008998
49.020491
29.030420
44.057877
69.007103
44.043463
34.022950
40.002966
53.036985
69.017755
46.004663
62.008535
40.004626
43.021158
34.012901
34.021685
60.012940
33.037634
79.033089
44.027858
79.035504
64.007726
35.006010
43.025140
39.033826
94.014465
64.017842
42.008050
51.028290
69.029699
54.012491
39.022078
44.045660
54.019652
74.012517
44.024500
59.029427
59.006828
54.015656
30.000928
53.011513
49.011533
105.005251
29.006121
73.019068
34.016447
49.008515
62.004718
56.048785
35.011050
64.000928
38.033048
39.009533
69.013251
44.022042
44.023460
54.017248
34.040651
64.019891
54.022596
35.009021
48.017766
64.026088
94.006883
64.050541
49.011539
59.053569
59.007735
54.012271
44.038774
54.026914
59.009869
44.051761
86.000928
47.021318
41.007681
37.034125
49.014922
79.015202
64.032630
44.024801
49.005750
49.027910
64.014855
54.014080
34.006843
54.046266
44.012651
55.018230
38.044620
69.021596
45.000928
