109.000928
67.017528
44.015359
34.018729
61.000928
52.050675
128.002990
77.000928
69.000928
49.000928
64.000928
49.000928
63.000928
55.000928
42.016818
49.007489
49.041366
49.010015
57.000928
56.014589
69.006963
44.013803
27.004322
68.000928
64.000928
54.000928
54.000928
72.010837
74.009275
76.000928
49.000928
74.000928
72.020208
79.007308
59.017296
81.000928
54.000928
54.000928
57.036919
51.000928
52.014953
44.011592
131.006150
62.005450
46.000928
52.009115
61.004478
79.000928
64.000928
44.000928
81.000928
60.019319
44.011649
66.000928
72.013357
94.006556
34.041054
76.000928
64.000928
44.000928
44.000928
64.000928
62.010680
69.023114
69.012059
95.000928
65.000928
57.022036
61.000928
59.000928
47.026116
56.000928
45.000928
63.000928
59.000928
64.000928
57.021406
99.030843
34.006256
86.000928
73.000928
38.017184
51.000928
47.041114
77.000928
62.000928
73.012059
49.021498
49.006090
66.000928
63.000928
40.000928
52.028063
105.000928
60.015572
79.008370
62.011665
81.000928
57.013857
44.014968
41.000928
52.010925
61.000928
44.000928
52.023302
71.002811
49.000928
69.000928
92.012029
61.000928
39.000928
62.015051
39.036115
69.047664
61.000928
54.000928
47.022234
76.000928
68.014107
48.014795
69.013125
77.000928
67.006365
44.000928
63.021069
86.000928
58.007840
63.007437
44.014939
66.000928
42.012751
74.012057
138.000928
50.008489
73.000928
62.000928
54.000928
44.000928
89.000928
47.017781
51.004418
59.000928
87.007123
64.013811
78.000928
62.000928
60.006990
53.000928
72.012331
90.000928
70.000928
57.008255
56.000928
39.000928
60.000928
