68.008121
63.007402
49.006963
49.016010
59.043072
59.016515
49.023762
44.027004
60.000928
43.029665
39.013763
81.000928
42.029784
55.002246
44.004322
48.037765
74.025962
54.014843
49.021752
39.007662
40.004443
38.031013
49.033713
89.009207
64.014123
29.031384
49.027408
44.014195
44.027886
59.044006
84.038999
36.003026
59.009890
52.012951
54.023876
44.024865
34.046382
44.023685
44.030150
39.029517
34.026372
44.030405
44.013583
69.017650
39.029195
39.012783
54.014329
60.004563
33.031593
64.014987
64.008987
39.036237
49.016871
59.023162
42.002446
36.044602
44.007342
44.006050
85.008524
43.025833
34.028800
44.050815
39.005730
59.007568
49.040572
39.003824
44.029875
79.014369
59.033323
49.041069
52.003166
36.012591
24.026166
49.026436
84.007682
74.018718
54.027395
44.037721
