67.016293
79.009966
64.006190
89.011745
88.008850
55.015199
89.020752
94.007511
89.011105
59.034542
139.007422
89.017975
60.004582
58.022805
74.026107
69.023762
50.017362
53.006548
75.002386
93.011883
119.008221
44.024358
69.023808
59.028533
74.046888
74.004358
99.014797
79.006454
64.020049
69.008581
80.005934
48.015115
89.043987
29.016127
64.013883
69.063435
60.009399
110.004383
47.021658
74.015859
84.009973
94.018570
59.011931
89.018445
96.000928
82.007382
59.049712
84.005370
40.002506
83.022763
84.008215
49.005670
64.006030
71.008870
132.009005
74.048795
69.005510
59.007148
59.012391
89.014167
54.014141
69.040021
109.028017
109.025027
74.008088
84.008901
49.022042
51.004298
67.026592
85.004102
69.002986
83.014163
79.020110
64.067521
94.007955
69.011791
77.000928
121.005090
99.031699
99.027596
69.026249
66.012980
72.013196
69.007995
79.007583
74.018172
104.011665
60.000928
69.000928
70.006155
82.021973
79.013105
54.007500
69.037617
74.023159
64.072209
84.005511
74.018974
68.002586
75.006943
79.062230
69.031691
64.016741
64.010001
37.012501
82.011170
93.008121
55.008160
88.038767
69.025120
109.018356
74.041558
54.020212
54.017278
61.000928
117.022864
74.041756
59.011700
94.015867
64.031322
59.007102
84.022213
54.022903
80.000928
53.005730
64.017599
91.006035
92.014743
89.011645
69.009673
84.027870
79.020402
49.006016
67.000928
41.034616
79.010779
74.007202
69.031309
