82.011245
99.040055
94.005510
89.024854
42.000928
76.010227
136.011141
82.007128
104.014795
50.000928
98.048749
83.000928
90.010252
99.024010
201.000928
53.007977
118.006942
90.000928
78.023114
114.009699
54.026463
81.000928
72.007149
84.019351
89.011119
106.000928
72.020900
90.004182
68.011559
64.011535
84.007908
94.011299
79.024814
70.000928
113.013801
104.016187
124.023722
65.004222
68.016948
102.005144
56.007002
84.014451
81.000928
164.000928
97.024275
72.000928
91.040027
127.000928
67.004526
78.011935
114.005550
74.008986
78.000928
130.012417
64.016539
104.035901
74.017901
34.032565
64.031970
69.005670
84.008628
59.035338
64.026914
144.003838
66.000928
57.010821
84.012291
99.008274
94.009767
50.013769
63.007182
89.025995
69.011991
74.005590
69.014295
106.000928
67.013151
85.004403
78.011255
104.014287
94.018793
79.018166
79.028560
52.000928
47.000928
63.025982
116.000928
97.016905
54.005630
54.011639
79.011919
56.000928
82.074416
106.000928
77.032026
49.018459
81.000928
107.010041
79.005230
74.015163
79.023676
59.009467
79.024355
59.041468
79.032144
106.000928
88.013081
54.004130
63.012251
80.004422
53.006110
204.041934
104.017113
55.003506
93.009335
56.000928
69.000928
62.032891
91.000928
92.016726
94.044846
44.019550
59.005510
124.027548
64.016337
94.020077
44.011159
69.006903
64.019877
84.041812
94.008595
49.014803
81.000928
57.011225
59.021917
