107.014735
59.014183
59.006130
59.010467
84.079874
74.013899
54.019250
45.003094
63.022996
79.052393
39.010839
59.013744
79.015760
54.007906
79.020489
74.021964
54.006130
57.000928
66.006070
49.030441
71.012581
69.004483
68.005951
53.040766
39.015519
64.008655
50.011921
43.015896
74.010561
69.019886
57.002926
47.013000
63.069349
45.009329
48.029856
64.008575
77.000928
47.021467
89.000928
74.000928
48.034366
59.030053
49.007961
84.021806
84.023002
79.012094
94.013875
89.014975
79.029811
54.005950
54.017753
130.005264
83.013737
60.000928
73.007628
59.011479
54.045232
45.011367
68.009335
69.023869
64.008122
59.006370
64.023802
49.036391
54.005302
49.022256
104.028116
84.007222
59.013443
74.005310
94.018988
79.005830
124.011046
94.029682
44.030472
74.025266
79.048705
49.026410
64.017204
74.032905
39.017562
39.041656
40.006267
43.024794
85.000928
73.015796
74.023830
94.030019
56.015833
47.042584
54.036813
99.008988
69.022244
59.022590
49.027998
84.051188
59.013589
75.000928
93.033371
54.012757
64.008183
49.020298
84.007649
79.016307
54.015648
59.020538
56.004162
52.012143
69.011251
59.007834
40.005250
68.016285
69.034922
69.029851
64.036855
104.005210
99.005510
69.002220
49.025866
84.007914
46.004643
82.038681
44.029420
74.027138
84.007002
59.030916
60.005550
48.056808
54.015357
94.024693
64.005131
64.038052
57.002506
67.005775
83.026516
65.005655
83.014289
