72.032559
94.054818
44.024166
79.029972
59.017786
40.003354
28.011739
54.025250
79.010945
59.009727
59.014747
77.007096
61.026381
29.029558
34.025664
34.019926
54.012339
54.042436
64.010507
54.017519
57.002446
70.000928
55.033245
34.017909
51.009050
72.036602
39.051033
59.028030
94.002220
40.000928
104.005875
48.016115
44.026200
70.000928
59.004503
38.052099
37.000928
51.020364
49.018333
50.012191
43.013175
74.025683
64.018574
50.009001
53.012569
59.005750
32.003506
56.011025
44.013552
51.007180
47.018356
45.034638
67.000928
55.018619
35.000928
48.022834
59.029351
59.008061
59.019604
54.057363
39.013163
74.024594
55.002526
43.023672
30.014770
48.046648
49.005430
59.032563
69.025440
34.023284
34.051230
54.036401
49.018438
35.014841
48.038501
50.000928
58.021377
45.018894
49.006030
44.000928
64.013875
114.004363
43.021698
35.004873
58.016681
59.013791
43.000928
55.012359
54.019754
121.004263
52.013903
69.026922
49.034851
40.008559
44.006769
48.010441
49.030118
59.009647
94.019400
49.022946
52.000928
36.036605
49.013789
54.021671
44.012271
49.024220
54.031575
74.018072
69.040283
49.005570
34.022392
30.003426
68.013041
49.018991
59.044378
49.025682
54.016507
84.009507
49.024794
49.026672
59.023343
74.026115
34.011007
54.026409
54.010661
61.000928
42.020836
64.012557
39.004158
54.034373
39.022816
48.000928
48.000928
61.013969
64.065685
59.013583
39.024811
58.000928
65.009203
54.025798
39.015870
39.049346
35.000928
109.005835
48.010595
49.028607
59.012811
49.016208
40.000928
43.031227
44.026461
54.026007
39.043719
54.016688
39.025989
49.023084
39.012151
64.027016
34.007263
34.020111
49.024683
46.004443
72.031513
49.015321
29.010991
69.018460
69.011009
59.009074
45.004223
48.008454
49.007122
45.004498
68.008015
56.000928
57.019700
44.022167
40.000928
28.054991
55.006920
48.044227
50.013014
50.000928
57.008455
54.040340
69.023148
