22.022891
12.013997
12.000928
35.008049
22.007528
15.005874
130.023306
18.005465
18.015067
13.007929
21.000928
18.017441
19.011523
26.012485
14.010001
28.009937
24.003852
23.042126
21.012159
8.017798
18.017991
12.044803
26.011519
24.014867
20.000928
35.002770
17.012079
9.019813
20.008809
20.004052
19.003732
13.002906
13.018131
19.010547
20.000928
23.012939
14.021912
11.010051
22.005130
14.010287
10.052132
23.012977
14.017481
20.008629
23.015569
15.009341
28.019552
19.012231
13.013557
15.023208
21.005005
22.034378
30.009661
