9.027841
98.004183
16.000928
22.000928
18.023462
12.027418
21.033195
34.007202
15.036782
106.000928
12.007471
9.000928
29.000928
13.003878
11.039034
12.048278
14.015321
15.004443
14.008209
13.030519
15.003872
11.000928
16.029023
14.043345
14.017817
20.000928
18.049146
19.016948
24.005896
15.002360
21.005265
22.000928
14.000928
34.004052
34.000928
28.012885
19.010893
15.000928
13.005950
10.000928
18.007448
15.000928
9.000928
11.000928
22.000928
8.045512
65.000928
13.040927
14.016903
11.000928
14.000928
12.004447
14.024552
8.037479
26.000928
