17.071831
14.037512
23.000928
40.065744
15.008879
9.029466
33.048877
29.008381
14.006562
11.006417
19.006896
40.019118
18.006637
33.009941
33.013409
16.018046
47.018371
30.006278
24.017088
25.010553
18.021614
16.002640
21.011905
30.000928
23.025620
12.008269
13.013039
17.016816
12.013403
26.013456
26.010641
28.010445
13.008755
30.000928
13.026874
12.002600
8.016528
13.016173
15.010273
9.010633
14.019458
39.014889
23.002580
15.008229
24.019566
25.012543
17.006996
12.002840
21.010301
14.003260
19.002360
13.029503
16.004173
