18.018018
89.004663
25.010401
8.031872
23.020822
9.040238
8.027259
16.009981
18.040365
10.027025
9.023230
11.010741
17.000928
12.005165
34.013804
37.002280
10.026010
15.016258
10.054736
13.008295
19.006477
16.020412
33.032414
8.007789
20.035817
14.053437
12.006636
21.008329
18.033023
23.012731
13.016688
11.022338
16.095158
10.026340
12.004053
10.038417
9.014018
13.009661
18.019500
16.005210
12.071158
14.043097
10.010101
10.021650
17.022850
14.026006
13.014278
19.057847
14.023731
10.015830
10.024248
11.037104
15.031521
35.065744
11.022057
12.012283
11.011871
12.040982
14.069566
20.002740
11.003752
14.020298
14.014077
14.046195
15.026549
11.002340
9.023503
15.024240
12.037550
