22.027858
23.008089
59.000928
41.000928
23.013403
20.002700
29.000928
18.017826
55.002800
18.010899
14.048311
12.030457
29.003006
43.016641
13.013558
25.000928
20.017621
17.007097
24.004827
15.008175
23.000928
15.000928
34.006777
17.030625
13.025706
19.000928
18.000928
16.052245
20.011940
18.070513
12.011419
20.000928
21.002360
28.010526
19.007008
24.019735
19.037251
20.002280
18.008234
16.000928
12.044839
19.055123
21.005085
28.011685
21.005025
24.016582
37.007837
16.000928
16.054518
19.046149
