14.007463
37.013411
39.027144
12.000928
11.016928
16.002122
13.008560
19.006436
18.042992
11.020912
15.027470
27.027811
11.015356
27.016199
18.040100
14.023794
20.015647
17.002340
10.011499
24.018403
9.041884
14.021930
11.000928
29.006877
11.008749
16.006095
11.029873
11.050112
14.009073
22.007577
14.018906
21.023475
17.019746
8.037872
14.010307
19.003552
12.013203
20.016615
10.002840
12.010893
14.019518
14.042454
20.000928
9.025667
11.013825
12.005624
14.000928
10.004738
18.000928
11.000928
12.005184
10.004332
17.013539
9.052099
14.006742
20.002220
18.034979
20.000928
9.002300
13.038904
25.008178
13.037251
17.000928
37.000928
18.036522
13.022995
11.031628
20.007417
15.002660
