13.003772
19.015157
20.003672
16.012211
25.009673
25.024265
13.051096
12.012365
17.011731
13.017034
14.009081
14.035059
35.003592
12.003952
24.003812
17.006716
12.040574
14.012852
16.003632
29.011918
15.003932
17.024871
25.003912
21.020956
21.007096
26.025132
19.018022
16.019830
26.039075
27.011159
19.024264
19.016876
14.019717
20.010121
13.039858
19.011627
20.009569
20.016723
24.003792
15.008398
17.009461
15.003672
35.011259
20.050619
21.029890
34.017208
15.006544
133.006385
10.009793
16.017214
21.004132
18.005551
16.008701
