13.014545
18.011185
11.026540
8.000928
10.016149
12.005930
15.000928
13.025581
30.004343
18.011051
10.000928
13.025274
14.026994
19.039921
19.031091
10.012090
9.003250
18.010655
10.010880
18.014623
16.006416
10.006642
11.023579
9.010107
20.004662
12.006782
36.008369
18.019472
11.008529
17.019728
9.051740
26.013301
32.025084
17.005305
31.028588
14.010133
17.008434
12.014183
15.010381
17.029624
29.032875
14.013057
24.008583
30.003792
49.005730
23.034226
35.002480
30.006962
42.007855
29.005670
14.023906
24.037809
20.012639
58.015353
44.007563
