10.008583
21.017559
9.059609
17.005425
11.018285
11.012271
14.012025
13.003872
12.000928
13.003632
6.019487
11.005905
14.000928
17.005570
10.006897
14.011879
9.012871
8.038428
18.005245
17.011661
17.006723
9.015515
16.002500
19.008349
12.013051
10.004403
8.026386
6.000928
7.030114
8.006877
9.000928
20.035480
17.000928
11.020730
16.000928
7.018738
14.048954
10.007969
11.004158
27.007323
10.002240
12.039519
9.064907
20.002320
14.015391
24.008861
9.011269
18.024928
40.018054
13.023998
10.004213
12.000928
14.000928
12.003972
22.003538
24.064587
14.028927
29.010227
25.003369
33.018179
29.012731
19.022909
24.008775
17.004204
13.004092
42.010679
34.015163
24.056458
