23.000928
84.006260
10.002300
17.006922
24.029234
20.000928
19.003912
30.002580
22.012030
8.002800
32.002240
7.038823
20.000928
8.011017
14.048796
12.002820
13.002560
9.008639
18.000928
15.002840
14.002460
14.002700
8.002840
14.000928
14.002420
9.009619
12.016457
25.014683
19.014719
12.002840
11.006602
10.002480
19.002700
18.035933
35.002580
8.039124
17.010645
16.015549
10.002540
19.006979
24.002760
18.029687
49.047724
19.017445
35.000928
23.011007
24.006502
26.000928
22.010314
36.002300
22.010801
27.000928
37.015004
51.000928
