27.007328
10.004318
18.007123
29.018874
19.029318
14.028996
26.003952
18.003592
13.023955
14.046284
14.018906
14.019674
9.013829
10.018832
23.027175
14.028986
18.009661
12.018153
12.029169
10.000928
14.009661
13.014849
9.046271
9.065044
19.029389
17.007869
11.029644
24.024396
10.004112
8.070640
11.009901
12.028205
16.004483
17.011239
14.025401
14.021430
9.038430
24.007975
14.008441
84.028633
14.021348
20.004092
28.023104
9.024154
34.018954
19.021266
29.015901
52.000928
36.041776
34.018353
14.028176
24.019684
49.032624
44.026771
24.041768
