32.008355
8.004012
29.000928
19.005284
10.032774
22.006270
16.007323
13.003592
12.008135
21.003632
21.003912
21.004884
15.009851
7.004052
11.011637
9.003852
13.007122
25.003992
19.003632
11.002360
46.010339
15.003978
10.008935
33.003972
15.011019
20.005504
8.050525
7.009721
52.003792
23.008135
14.014585
19.019070
45.003692
8.041483
10.007162
19.005684
10.002520
13.004092
28.019944
31.003552
17.016734
14.006983
19.049468
24.026712
24.019560
30.003772
65.003932
18.003832
15.000928
32.017149
31.000928
62.018430
