9.002062
12.007208
85.004643
4.009987
8.021090
26.008923
12.006015
14.033228
5.008315
8.028725
9.011799
4.048520
4.045549
9.010665
4.038471
7.011807
11.005271
4.060002
4.049962
4.023574
10.036739
4.009321
12.014961
4.048269
9.013737
9.061839
4.040424
6.010041
9.015635
7.026412
9.026866
8.027999
14.003672
10.019114
7.008389
12.008755
13.019364
10.009547
45.014495
13.014823
4.006296
4.025048
8.021072
9.024720
9.016659
24.011339
9.027200
9.035102
9.021364
9.025028
10.005405
8.030970
20.004622
9.010181
5.006576
8.000928
18.048781
9.044009
9.044259
10.015518
13.008819
9.023284
6.007583
12.016960
9.036340
5.030432
13.037626
14.008275
14.026772
14.022322
9.045024
19.047194
21.003572
23.004858
13.010739
19.038634
19.023688
15.000928
20.015041
12.017176
10.012181
13.032139
9.039462
15.000928
18.020548
19.047650
22.013161
27.009234
