9.013941
7.044825
9.036850
9.024532
14.056314
14.039687
9.021156
14.037081
9.029621
6.008189
9.014178
8.000928
7.004267
9.005885
6.009281
8.005610
14.020204
9.023007
10.006517
14.003892
9.005545
13.044679
14.020427
14.045296
9.030029
10.000928
8.031177
7.004112
21.019034
24.005791
5.043374
8.055421
14.043721
11.007867
7.023253
9.038633
9.037798
9.033025
6.006536
12.044304
7.004092
6.068388
9.011119
9.028282
9.019224
8.011739
15.051434
19.044913
14.043975
14.024985
10.003612
13.010033
14.018806
9.038154
9.047813
12.015026
11.031377
10.000928
18.053686
9.045948
24.030017
9.030177
9.039191
14.007955
10.020590
18.017814
14.041284
16.006885
12.019398
14.028890
14.014375
11.004303
23.000928
18.047668
24.022982
34.013491
20.002286
18.045464
10.000928
13.032795
14.038456
34.005605
29.022896
44.050125
