7.023074
9.008342
9.005090
5.003952
8.023008
9.011359
9.038119
5.003972
5.003792
7.021783
5.004112
14.003712
19.006435
11.003572
12.006070
8.016689
9.026266
9.005690
9.008141
5.003932
33.007382
5.004032
13.019459
7.007881
7.003932
6.003692
21.007562
7.002220
11.007522
9.014967
19.017704
9.015433
7.008509
6.029670
10.005497
10.004112
10.003892
6.032253
9.012377
10.003612
9.003932
6.004132
26.013991
6.003752
7.015328
11.003712
7.006090
19.019575
16.003752
19.003632
11.005925
16.004072
13.007322
10.004028
8.021006
10.003912
29.003852
13.011351
14.015401
9.013137
16.002220
12.006909
39.032480
7.003672
26.016795
29.015029
11.003772
12.019184
19.007502
14.022502
20.003752
14.015285
17.008429
15.028542
15.007250
15.003832
17.014681
14.018097
44.009939
29.023092
49.016545
