17.033487
44.054509
55.014970
11.005625
43.006757
8.005045
21.007997
22.007597
8.055538
5.009321
8.040920
11.004112
15.023205
10.009787
18.000928
11.020538
17.005284
11.011279
5.008589
23.019504
7.013583
6.042874
19.051223
9.039800
15.005411
5.007237
16.005710
20.023748
12.013585
11.028356
5.019721
13.023016
9.015095
20.002300
17.006623
5.038689
21.000928
12.036081
9.010899
14.027310
20.005185
11.014197
21.008708
10.006976
19.006577
13.023056
9.030013
12.018250
21.023300
14.012271
22.008295
16.036089
29.049886
19.024987
21.007296
47.036379
15.005310
33.029332
14.036008
34.017134
34.034169
29.032444
34.002220
