9.000928
6.000928
10.029803
9.002220
6.000928
7.016473
9.008495
31.000928
9.000928
7.027586
20.014147
5.002560
12.025859
10.000928
15.002560
6.002240
20.011299
6.002340
7.007103
21.000928
28.005585
24.004052
29.004312
15.002280
28.010230
10.000928
12.011181
9.005710
10.003913
14.004352
19.004143
19.002220
8.049822
14.034549
6.002566
7.045972
8.004212
15.034389
14.007103
15.012357
16.000928
11.033241
20.002460
10.002660
24.004252
12.011979
31.002220
20.004192
13.012701
24.000928
14.002760
36.000928
20.037115
16.000928
22.023052
14.033739
19.051789
17.004118
21.005819
14.016547
9.018676
38.011789
22.000928
17.021272
48.000928
55.023132
