10.010125
16.036425
4.033036
4.082350
9.015641
24.011371
4.051641
5.009501
34.003712
4.027089
12.002970
15.039402
4.038708
18.003852
10.009847
12.003972
11.017094
10.000928
8.023962
4.036150
6.013731
14.002340
12.014595
7.003532
12.000928
9.006716
4.019112
13.009953
9.018552
9.017113
9.029769
4.048033
9.014123
5.002990
6.023289
9.003832
6.070284
9.021472
10.007795
8.023980
9.026524
14.008635
5.002220
9.000928
8.043446
5.009801
9.007056
15.003852
12.008221
15.006776
13.037969
9.019110
10.000928
14.000928
18.015661
20.006054
8.014994
9.037919
17.003572
21.024482
15.004092
19.000928
8.051210
9.077507
14.029429
14.037066
10.002440
18.008895
14.007747
15.003792
24.011681
18.007383
19.010167
5.024011
23.003718
14.037426
19.015617
19.018080
24.030058
29.017189
19.031517
44.007483
19.023554
24.041048
24.013245
