2.041247
2.010855
2.016388
2.006556
2.003658
2.020806
2.006663
2.010885
2.014016
2.027923
2.006983
2.009227
2.004098
2.025467
2.002320
2.016688
2.002260
2.022202
2.002380
2.002480
2.009327
2.002300
2.005350
2.009381
2.006716
2.024561
2.002320
2.014837
2.024901
2.002620
2.026838
2.002220
6.005850
2.030928
6.031524
2.014729
2.071393
2.028418
5.002220
2.080207
2.005405
2.009687
5.008115
4.007248
2.015382
6.005117
2.087755
2.005045
2.025341
8.004032
6.019992
2.006623
6.005450
2.029555
2.006768
2.013163
16.022556
6.006197
6.012911
2.012432
6.015761
2.092272
2.017768
2.008247
11.006677
2.014829
5.025792
2.016554
6.012871
2.111428
2.059582
2.035238
5.022218
2.093851
6.006055
2.015928
6.008815
2.118810
2.009487
5.039461
2.130839
2.028477
2.006557
2.015487
2.006763
2.021040
2.012632
6.051059
2.117947
2.059926
2.098990
10.051885
2.075229
6.035855
2.012533
2.035485
2.104896
11.010675
2.007423
5.009967
2.056107
6.010785
2.104466
2.034126
2.056260
10.011505
2.077889
6.056194
2.058420
6.041955
2.099905
6.037926
2.080051
6.033446
2.016414
6.002220
2.107866
2.073280
2.048314
5.030389
2.028884
2.084253
2.096090
5.028591
2.120765
6.011879
2.008195
6.007089
2.012072
6.009707
2.037637
2.031695
2.027312
5.009653
2.098988
6.017534
2.038882
6.066515
2.017393
6.007202
2.025714
2.059400
2.006303
6.021077
2.116920
2.006657
2.046148
2.014055
2.022943
2.092929
2.009367
7.006369
2.031708
2.008169
4.025281
5.025729
9.069520
2.054683
2.117977
2.067716
2.083985
16.031023
2.029537
17.030635
7.040594
2.036966
2.075707
2.089976
5.047895
2.093703
6.037929
11.031153
2.139674
2.079182
6.022931
14.010899
2.100018
2.067908
2.046828
7.028777
2.107035
2.033988
2.044604
6.003852
6.052708
2.068336
6.008975
2.052673
4.020020
6.021322
2.067985
6.005090
2.094555
6.043086
2.017600
6.020176
2.033002
6.006822
2.087248
2.034694
2.121180
11.020638
13.011300
2.030663
6.013265
2.050833
6.005690
2.126475
2.034387
2.012797
15.040054
2.031292
6.007908
2.024049
2.006503
2.018528
5.050073
2.013877
2.010865
2.099910
8.004092
2.005585
8.005750
2.067914
2.057551
2.089705
2.010653
2.107417
2.051899
6.018046
2.079462
2.010679
2.033889
2.008095
2.009987
2.024155
2.059013
2.006483
8.005535
6.054156
2.115542
2.023748
2.070847
7.008195
2.058097
7.026654
6.027977
12.006577
6.008795
2.012223
2.040576
2.022077
12.054962
