18.014121
8.009487
9.039504
14.029920
4.026094
9.027260
19.016473
4.008015
15.004603
3.010159
4.025228
4.016485
4.031699
4.020524
4.013495
4.006822
4.019870
4.012897
4.009141
4.033833
4.018286
4.022600
4.042198
4.011411
4.011045
4.046101
4.020844
4.012977
4.021216
4.017974
4.027298
4.019823
4.021263
4.011665
4.013903
4.011373
4.013981
4.016255
4.036509
4.039204
4.036327
4.024568
4.008341
4.029832
4.051085
4.036453
4.042242
4.043455
4.029634
4.018926
4.017652
4.012577
4.017154
4.006928
4.007063
4.024514
4.015211
4.016257
4.014063
4.028024
9.007402
4.019551
4.008154
4.032654
4.030577
4.032871
4.031366
4.014943
4.035741
4.013489
4.016593
4.010879
4.013523
4.018487
4.010027
4.005270
4.027936
4.030427
4.024414
4.008128
4.034557
4.007628
4.014661
4.005410
4.005450
4.011745
4.012337
4.006628
4.030020
4.008615
4.008315
4.020550
4.009031
4.028226
4.038774
4.024166
4.013424
4.034670
4.026112
4.009049
4.009793
4.034460
4.011259
4.030296
4.010839
4.011019
4.038804
4.033379
4.013803
4.012543
4.041787
4.039511
4.021010
4.009481
4.031989
4.010451
4.037902
4.004990
4.003918
4.006963
4.019676
4.011419
4.024240
4.022822
4.009413
4.026400
4.007355
4.026038
4.011459
4.015181
6.026918
7.027912
4.037149
4.039725
4.015115
4.012451
4.012517
4.050013
4.027079
4.022116
4.012231
4.051061
4.034583
4.040829
4.015649
4.006229
4.022044
4.018579
4.024978
4.039283
4.014115
4.018450
4.011385
4.032313
5.004123
3.010019
4.017739
4.018846
4.019683
4.024078
3.003652
16.005915
3.014329
4.006394
4.012383
4.013663
4.045845
4.043091
4.010699
4.034977
4.026012
4.007088
4.011039
4.010733
4.009833
4.027652
4.009601
4.046762
4.016626
12.015275
7.006475
3.023172
4.024926
4.028711
4.036245
4.023586
4.036057
4.010377
4.011285
4.041779
4.006909
4.024678
4.022832
4.021289
4.045088
4.010951
4.018343
4.019418
4.015027
4.006603
4.011783
4.017880
4.023774
4.006683
4.032148
4.006788
4.045294
4.009693
4.033377
5.004643
3.042195
4.016905
4.010637
4.010273
4.049952
4.006683
4.012067
