8.007635
3.056857
4.013029
4.010645
4.017800
4.039545
4.036570
4.016634
4.027830
4.033737
4.022748
4.018220
4.021716
4.008315
4.026405
4.009327
4.018824
4.013544
4.028752
4.010939
4.028295
4.009327
4.057036
4.019652
4.011295
5.008581
3.035669
4.009587
4.036617
4.039763
4.023234
4.012771
4.006448
4.017840
4.019138
4.016554
4.022076
4.006463
4.021250
4.055811
4.022348
4.025318
4.011339
4.053004
4.012157
4.047838
4.017686
4.027591
4.011217
4.021876
5.004262
3.018546
4.020424
4.024532
4.046269
4.034659
4.024780
4.019445
4.052410
4.018217
4.043158
4.039627
4.008120
4.023440
4.034697
4.009461
4.008195
4.054266
4.040973
4.008161
4.055313
4.021948
4.018124
4.004870
4.018717
5.006705
3.055126
4.017771
4.016899
4.039768
4.048458
4.031526
4.012737
4.030823
4.006790
4.025913
4.035511
4.057194
4.043034
4.040985
4.039628
4.038927
4.021926
4.039724
4.053920
4.025525
4.038969
4.031359
4.065669
4.040808
5.014021
3.010007
4.027118
4.036936
4.006151
4.014655
4.057376
4.042313
4.044824
4.024786
4.042513
4.010865
4.006863
4.042533
4.033725
4.045629
4.031935
4.041110
4.029783
4.045416
4.020058
4.012091
4.006996
4.014335
4.012251
5.004242
3.025113
4.027785
4.009253
4.026198
4.018080
4.062972
4.011525
4.041631
4.034819
4.017580
4.058359
4.024878
4.012551
4.005731
4.041459
4.007775
4.049992
4.006543
4.005230
4.058810
4.057241
4.021954
4.029759
4.046624
4.023496
4.023074
4.013809
4.021902
4.037111
4.019518
4.042608
4.017511
4.025492
4.041451
4.040279
4.013691
4.012271
4.054493
4.042402
4.055896
4.012291
4.013650
4.027885
4.036244
4.013763
9.032845
4.038822
4.042475
5.014021
3.034437
4.052012
4.010493
4.003718
4.042390
4.009453
4.006908
4.023106
4.017700
4.041209
4.022362
4.016608
4.016336
4.002220
4.004518
4.049900
4.034645
4.056624
4.006743
4.038510
4.012718
4.060112
4.025453
4.035324
4.010067
4.016608
4.017740
4.041659
4.034133
4.040268
4.029559
4.013949
4.037017
4.011419
4.035277
4.036776
4.059274
4.018172
4.041186
4.051252
4.010679
4.006443
4.046125
4.042475
4.017214
4.005370
5.009120
3.047094
4.050211
4.034443
4.045277
4.043055
4.034505
4.013443
4.015795
4.010367
4.026312
4.008635
4.013691
