2.032492
2.023057
17.005224
2.012957
7.023658
2.011953
2.027405
2.010599
2.014588
3.003852
2.039592
2.028618
17.020116
2.052438
2.018107
2.017388
2.021923
3.006797
2.045839
2.030691
3.004092
11.037107
2.025572
6.027320
6.017964
2.037850
2.017386
2.047882
2.060304
2.024649
2.050591
2.021857
6.010965
2.033227
7.006497
2.033154
11.022611
2.025253
2.008909
2.056154
2.043491
2.023230
2.012500
2.023716
2.035664
2.028051
2.020447
2.042013
7.009893
2.044457
2.037450
2.049000
2.028704
6.016728
2.028992
2.021304
2.045620
2.027791
2.027179
2.036917
2.009881
2.031894
2.025933
2.028139
2.064124
7.018887
19.043231
2.026553
2.056569
2.016150
2.027405
2.016600
2.054928
2.033994
2.007337
2.024878
11.011013
5.006917
2.050474
2.038894
2.064971
2.023342
10.042319
2.013348
2.024611
2.027697
8.010373
7.005524
2.043265
2.031081
2.040547
2.060059
2.034984
2.038071
17.047949
2.046141
2.040620
7.008469
2.056714
26.007077
10.040682
2.062979
2.027019
7.003792
2.026079
12.007989
2.038438
2.056060
2.020998
2.029578
3.016814
8.007297
2.024396
2.030621
2.044785
2.021902
7.041007
2.045117
2.036892
2.026753
2.033566
7.029685
2.039555
2.041867
13.006497
2.025485
2.029338
2.015918
2.014935
17.018095
2.043757
2.040173
6.016295
2.034232
2.035499
2.041061
1.025875
10.029511
2.047097
2.040235
26.009546
2.043245
11.019393
2.060625
2.027957
2.035784
13.009707
2.012651
2.022649
2.030413
2.036807
2.039416
7.006957
2.028117
7.023228
3.017108
10.019146
2.050968
2.031754
3.005324
2.028929
2.018626
6.030898
2.019632
11.054684
2.026153
2.035232
2.053124
7.019038
14.002720
2.032848
26.009981
2.053549
2.026059
2.031274
2.033121
10.031029
2.030582
2.035687
2.036685
25.027736
2.036811
16.008235
2.027677
2.038428
2.024901
12.006997
2.042333
2.053632
7.005076
2.066198
22.023302
2.055184
2.041047
6.035293
2.046821
17.008489
2.027691
12.040980
2.032566
2.043245
7.011719
2.034267
2.035504
2.089281
2.048079
2.022216
2.035632
12.016912
2.018752
2.045535
2.035739
2.031994
12.013784
2.033459
2.037356
7.006697
2.032442
1.020059
2.049740
6.021712
