2.046514
9.042785
2.002320
2.012571
2.002520
2.013683
2.021470
2.002480
2.002380
2.002220
2.002720
2.017980
2.010619
2.002260
2.002720
2.009340
2.018358
2.006130
2.010813
2.008341
4.032181
2.002460
2.009280
2.002400
1.044693
14.033281
2.003878
2.000928
2.002560
5.017446
2.014530
2.016933
2.015533
1.046409
8.026993
6.027218
2.044093
2.009607
2.009727
2.005551
2.003704
2.022616
2.007861
2.009181
2.030378
5.033865
2.031629
2.024595
2.007909
4.022190
3.017688
4.006997
6.048493
11.006877
2.023900
2.016267
6.017015
2.002220
2.020356
2.017100
2.003732
2.027193
2.024352
2.006657
7.034171
6.004012
2.013969
5.062635
6.040202
12.010959
6.006437
13.018748
2.008189
2.022610
3.022684
7.006777
5.011499
2.020438
2.017414
2.020032
3.037504
5.008089
2.003532
2.007103
1.021707
6.004092
3.008535
3.009501
2.014037
2.021588
2.016161
18.007703
2.017454
2.006883
2.022716
20.007529
2.018387
2.004798
2.017294
8.006417
2.023316
2.010505
4.006837
6.017163
13.015256
2.017428
2.026118
6.006035
5.033606
2.013444
4.008801
4.003552
6.006817
7.006677
11.026846
8.029377
10.039095
10.024549
9.008535
11.007729
2.025591
4.017434
2.009793
2.030525
2.019646
7.003812
2.017940
2.025868
2.013185
2.012351
1.029005
6.038916
6.044417
6.030314
4.013764
2.028285
2.030783
2.009381
2.024020
2.046948
4.006751
4.013778
2.021030
2.026859
7.006997
2.015556
2.020147
2.025255
2.021877
9.040124
5.037482
6.037191
16.009867
5.026563
3.007063
2.007057
2.018779
2.006697
2.034155
2.016874
2.016215
2.028138
2.015255
2.026291
2.015722
2.009707
2.009927
2.009887
2.060278
2.017060
2.021916
2.019646
5.029704
11.023482
6.026173
8.022296
3.039512
2.016442
2.011179
2.010659
2.012739
2.019074
5.032887
6.010945
6.015856
2.023746
2.010427
1.041568
6.035912
2.033333
2.009753
2.013423
2.024927
5.012192
2.020705
1.046721
9.010119
2.008289
2.006596
2.019726
4.006657
5.059930
2.006823
2.016525
12.022182
2.012637
4.052491
7.023008
9.007442
4.044894
2.009727
2.023928
2.028665
2.030289
9.039028
9.009621
2.020638
2.015683
6.016241
11.006977
5.006937
3.021156
2.009287
2.017686
2.023522
2.034446
5.012991
6.034260
2.037575
2.006543
3.006617
2.032563
2.017919
2.015968
2.014044
7.003692
2.023074
8.006837
1.018155
8.005870
7.006457
2.012689
2.029169
