4.002240
3.005965
3.018166
3.004033
8.005225
61.010400
3.005625
15.010347
3.006025
122.005745
8.000928
3.027075
3.007543
2.007412
3.005325
3.013564
3.004825
8.005505
11.010397
3.005485
3.003693
17.003952
3.041170
3.005485
20.011207
3.005145
8.002500
22.007991
3.009667
3.017677
7.042355
3.005965
3.011425
3.005245
10.007901
3.005565
20.022310
3.006005
42.005325
7.005699
3.005145
8.005405
22.005405
3.014017
3.005225
13.005345
22.000928
3.016582
3.005725
13.005265
13.005685
7.027152
6.007295
3.005875
3.024612
3.004905
10.009073
3.005605
7.034685
3.005125
3.014544
3.005265
3.005585
3.005585
3.005425
3.038975
3.005945
2.005585
3.005505
3.047212
3.005125
11.003552
3.012512
3.005645
3.002440
3.005585
3.004073
3.015449
3.014639
3.005665
6.041234
3.005305
2.011341
3.005765
3.011199
3.005185
12.005491
3.005745
3.026858
3.005445
3.005525
7.003853
3.025152
3.004985
11.005685
3.012911
3.005245
3.005545
2.009941
3.015741
3.005825
31.005605
3.016922
3.005445
3.005345
12.003952
3.038015
3.003633
29.005305
2.007769
3.005305
3.016413
3.005805
8.002780
27.000928
3.056793
3.007523
7.021967
3.005745
3.045918
3.005525
67.005645
3.020408
3.008175
3.005785
11.005425
3.046326
3.005045
