3.000928
3.038799
3.004132
17.018239
7.038269
3.003932
18.003632
3.025446
7.005890
3.003572
33.003732
12.000928
3.007582
3.003672
7.035992
7.009102
3.003952
8.003912
16.008186
3.003612
30.055109
3.003592
7.024838
7.007202
3.003872
16.062747
3.039527
3.003932
13.003772
3.004072
3.003812
3.005210
3.003992
8.004112
3.032315
7.009000
3.003652
23.003552
6.007202
3.003552
16.008310
3.004198
3.010645
8.011226
21.005250
3.003772
50.033577
3.003972
16.003912
3.036616
3.010910
9.014986
8.003932
6.006862
3.004132
5.037644
3.003592
3.004092
3.003932
7.005410
3.003532
5.007422
3.004112
11.003632
3.057130
3.003832
12.053230
7.007482
3.003652
3.003832
6.007322
3.007327
3.019292
3.009601
7.008899
3.003772
15.008022
3.004132
2.003612
7.035142
3.003872
3.003812
7.003732
3.037753
3.003632
22.066231
7.005610
3.003992
3.011250
6.005690
3.003812
12.013833
7.007322
3.003672
2.028677
7.005850
3.003672
2.034337
7.006150
3.003572
8.003852
7.020283
3.009034
3.003952
2.052535
3.003592
3.019739
3.004132
3.003532
3.003952
3.003712
3.013714
3.003992
9.010551
13.009568
3.004052
3.003532
3.010355
3.004092
3.003952
3.022978
3.003952
3.045767
3.003532
30.007262
3.003992
7.034418
3.004072
3.056882
3.003632
32.026472
7.009008
3.023658
8.003552
3.043941
3.003792
3.010075
3.034798
2.003552
3.004978
3.047141
3.006556
7.024194
3.003972
3.040575
3.021798
3.032498
3.030402
3.003552
3.067544
3.011034
4.003692
13.018076
3.049287
3.004092
3.004598
3.003572
5.045438
3.003972
