33.003792
4.003772
9.003652
9.003612
8.043452
5.003532
9.005830
4.003832
8.008421
10.015883
8.014430
4.008475
4.017869
15.004132
4.004012
4.003712
4.003872
8.008281
9.025160
14.010127
5.003732
13.015370
9.028351
9.002220
5.004132
8.024258
10.004072
4.003672
8.020837
14.005291
9.019414
5.004032
3.019163
9.014724
4.009987
5.003952
3.012618
4.047672
10.003632
3.011419
5.003772
4.003812
3.017373
14.020242
14.039927
14.036348
4.016016
4.008095
29.017576
14.012351
5.008810
4.003789
3.041949
14.048558
5.003849
4.003912
4.003612
3.030541
4.009933
9.026129
9.012858
4.036059
5.004112
3.027184
5.003992
8.010813
4.010127
5.003792
4.003832
4.004012
4.004707
8.019721
5.003912
4.003692
3.019801
4.011939
9.014390
10.006195
4.000928
4.003792
4.003552
3.019684
15.003772
3.038380
5.003832
4.003952
4.003752
3.041867
4.020939
10.004112
9.003972
8.008794
4.008615
5.004032
4.003892
4.003952
3.009947
10.013404
3.016145
4.010701
5.004052
8.036442
19.009387
10.004052
8.036002
4.008541
4.026666
4.016194
4.010473
5.003789
4.003972
14.003832
9.003732
9.004112
3.010693
9.022650
5.003652
4.003572
8.005350
4.015893
9.007182
4.008675
5.004032
8.009447
4.014063
9.014005
2.012645
6.034575
5.003792
8.007723
5.013566
18.010657
5.003692
13.019201
9.020679
9.006010
10.004623
13.014117
9.044211
14.014291
5.003892
4.003652
8.029360
4.033961
9.009987
