2.066701
2.031327
2.000928
2.023500
12.022868
2.011291
2.007123
2.031981
2.023068
10.002220
2.026218
2.000928
2.035024
2.035671
2.035231
2.030155
2.029822
2.023714
25.007642
2.022316
2.038545
2.027264
7.031615
14.005795
2.044599
2.026079
2.034919
2.049197
7.029143
2.062935
2.035910
6.031121
2.035563
2.039242
2.045441
1.013523
2.035638
5.008995
2.026997
2.033833
8.023388
2.011425
6.022162
6.027505
34.019945
4.004906
2.040034
2.019552
2.030029
2.037242
12.041793
2.072424
2.006703
2.040063
2.013324
7.011473
2.054949
2.020804
2.015089
2.028169
2.034523
2.022096
2.006843
6.008281
2.010579
2.026239
2.034585
13.000928
2.020643
2.035618
8.015961
2.028090
2.022462
7.013599
2.065157
2.030747
2.039426
4.008095
2.069745
2.043104
2.037668
2.041186
2.032221
10.007231
2.051631
2.025087
6.041360
2.013584
6.034939
2.046895
2.013677
2.011279
2.049144
2.037147
2.009847
6.024433
2.012245
2.015615
13.009675
2.045189
2.037885
2.035489
5.016293
2.020390
2.011319
5.032313
2.048843
2.033301
6.041517
2.028731
2.017519
2.017780
2.004112
2.038379
2.029975
6.050155
2.026405
1.045824
6.032165
7.040805
2.024627
2.030987
2.043584
6.023442
2.016548
10.043284
2.027422
2.055669
2.007003
2.086637
2.026132
9.029048
2.024269
13.046155
2.028805
2.039232
2.048523
2.040606
12.028843
2.081384
2.018060
2.007855
2.048444
2.010433
2.022908
2.011185
2.027524
2.041687
7.003552
2.027763
2.033560
2.019078
2.038748
2.014737
13.041680
5.028577
2.054400
2.031981
6.011399
6.042190
2.046566
2.038574
6.034337
2.009407
6.002220
2.005045
2.044315
8.007043
2.040459
6.006450
2.034031
2.039374
2.014795
2.041139
2.017986
2.032694
2.026232
2.050228
2.047480
2.008315
6.036569
2.052987
2.045753
2.037543
2.031461
1.025729
23.021289
2.033393
2.022588
2.043410
7.002840
2.065285
2.052856
4.002360
2.076447
2.041999
12.039108
2.051617
2.037908
2.046902
6.002260
2.023354
2.033931
12.020818
2.061746
2.033830
2.042976
2.042651
5.038961
9.035832
2.052757
2.022783
8.010207
2.036922
13.049964
2.021762
2.031501
2.047834
2.020450
2.003932
2.034279
2.075445
6.032959
2.029095
2.023468
2.037042
2.039480
2.044943
2.031581
2.041412
2.041739
2.049006
9.025667
4.018708
2.034338
2.028497
3.008381
2.039914
2.027345
2.035476
8.052456
2.017900
2.031235
2.026685
17.021861
2.047147
2.038014
2.018191
2.035684
2.034077
2.051909
2.035106
2.024586
2.031341
