3.027286
3.016694
3.000928
13.000928
3.000928
2.045326
3.000928
37.000928
12.027773
3.000928
3.000928
12.010001
3.017866
2.049053
8.040960
7.011853
3.000928
7.020078
2.052112
3.000928
17.020999
2.064554
3.000928
2.017654
3.004944
3.008055
3.000928
16.013825
3.014842
3.000928
8.027267
7.011199
3.008141
3.000928
7.018662
8.019644
3.035816
3.017361
2.024635
3.018101
3.038488
3.024741
8.022131
73.002346
3.006637
3.011834
3.000928
5.048389
7.026015
3.002506
3.004092
3.013669
3.000928
23.014124
3.002526
7.039571
3.000928
2.025175
3.000928
3.003918
3.000928
2.080981
3.017715
3.014143
3.000928
1.024140
3.011051
3.000928
2.000928
3.000928
3.016393
3.009307
14.002266
9.009647
3.005270
8.029417
3.005250
3.021356
3.008374
52.021770
2.057184
3.000928
2.008996
3.000928
3.012697
3.000928
2.045285
9.027413
2.044971
3.000928
12.026119
3.000928
3.024868
3.000928
2.086825
4.000928
2.045048
3.000928
2.073177
28.012373
6.034514
3.006303
3.000928
3.057510
27.023663
3.009507
3.004012
3.009067
3.000928
7.019302
3.004132
3.012611
3.000928
3.028886
7.014630
3.009807
3.000928
3.021344
3.013125
3.000928
3.010579
3.000928
3.026155
14.002820
3.017810
3.000928
3.023329
3.000928
3.011931
9.012183
3.000928
3.006617
3.007995
3.000928
5.005530
3.000928
6.033723
3.012471
3.000928
2.019432
3.000928
3.017460
3.000928
8.021425
2.011713
3.015456
3.000928
2.050074
5.020899
27.008169
3.006643
3.005571
4.007735
5.007283
6.007755
3.000928
3.010619
3.006723
18.006782
12.011633
3.006482
3.002306
4.006783
4.005790
3.023017
3.005190
3.003872
3.006889
3.000928
2.020018
3.000928
3.017700
3.000928
42.023609
3.000928
3.009587
3.000928
