2.039535
2.040832
2.013119
2.024829
5.013777
2.027285
3.006877
2.034739
2.012677
2.016009
2.051019
22.037190
2.045923
2.016436
2.029503
2.020702
5.013930
2.031229
8.009661
2.031521
2.069572
6.015436
2.067305
3.007037
2.082041
2.031139
6.062534
2.014722
2.048645
2.051191
7.014670
2.017220
2.032542
3.007649
2.049067
2.043251
2.043341
2.054190
8.025860
2.022336
2.036919
7.022822
2.037956
2.061823
3.006477
2.052833
2.024703
2.044358
2.039620
11.000928
5.023753
2.064801
2.025959
3.012231
2.120828
2.027020
2.048053
2.031690
8.052896
6.014191
2.077873
2.024182
2.070320
8.006457
2.029857
2.032400
11.038522
16.006543
2.023097
2.020258
13.022656
2.063707
2.074711
2.012405
2.028473
2.031862
6.040172
2.022280
6.047514
2.077826
6.035601
2.094367
3.003632
2.035838
2.047967
2.013977
2.024874
10.051426
2.080499
3.007057
2.040454
2.043438
2.024682
2.064920
7.015780
2.080916
2.028465
2.008049
2.083404
2.013538
2.047285
2.080045
2.004013
2.031770
6.015476
2.029069
7.022808
2.022668
6.060622
2.145385
2.062172
3.028131
2.116045
2.022651
2.047914
2.032053
7.012205
5.006497
6.021104
2.050730
2.019622
2.094530
16.022162
15.014730
9.015842
2.034838
2.042556
2.012066
2.099030
7.012577
2.031456
2.076957
3.027735
2.013697
6.023952
2.106702
2.020125
2.054243
2.034602
2.007909
2.057833
2.062617
2.018345
2.055602
23.006857
2.021154
2.071980
2.018126
3.047258
2.041313
3.011693
13.022230
2.044457
2.093635
2.045580
2.030416
13.016824
3.006477
2.102294
2.042671
2.022662
2.057327
2.007317
2.105237
2.066518
2.021318
2.060031
3.008909
2.003652
2.028463
3.006397
2.013737
2.053388
2.020312
2.019218
2.057318
12.006857
2.034477
8.023330
2.016427
2.035624
8.007069
7.007968
2.034220
1.015701
5.033361
2.048055
4.014680
5.077468
2.087905
3.006797
2.055083
2.085392
12.007895
2.054328
2.062855
2.076280
2.054122
2.069648
5.007117
3.008301
2.036864
2.032279
2.062632
2.085621
7.017374
2.076524
2.079815
2.013937
2.029394
2.043277
9.011233
4.012325
2.025739
2.048486
2.062211
2.024849
2.008209
2.123367
2.081662
4.003972
1.038103
8.005325
1.041800
2.086888
13.007057
7.063775
2.015296
3.022910
6.011265
2.069414
4.004403
6.010019
2.040772
2.027645
2.029491
3.007097
2.018520
2.079522
3.009421
9.022370
6.006669
11.019042
9.015807
8.038164
2.025353
7.012392
2.029423
2.029523
2.046683
2.082891
3.006817
2.020450
2.067965
2.006497
2.036722
2.032287
