2.069426
2.025378
103.004403
2.048379
2.035450
2.019658
3.020646
2.087103
1.057937
2.030147
6.027736
2.035036
6.012058
2.053134
1.048036
14.035493
2.024519
2.012371
2.031914
5.022922
2.033426
6.039769
2.033833
6.029123
2.060696
2.039880
2.025407
2.038576
2.050132
4.016488
2.041239
6.025594
2.035544
102.004423
3.019772
2.029795
1.057747
6.022182
2.069920
2.039861
1.052048
6.027743
2.060909
2.045825
6.035800
2.119387
11.048256
2.032505
2.018612
3.023416
4.043936
19.042576
2.043735
6.030402
2.020404
2.032693
2.043671
11.004503
2.026110
2.034033
2.078341
2.054426
2.025292
2.030610
5.017726
2.037837
2.034765
2.066953
5.046243
4.036536
2.025753
1.049309
19.036007
2.053888
6.016991
2.041685
2.051072
2.043691
2.035790
2.032651
2.036064
6.009713
2.098344
6.015821
2.028895
6.027730
2.039975
6.051940
2.112908
6.025144
2.074002
6.040414
4.024400
2.060253
6.026765
2.024846
6.034197
2.041059
6.021944
2.024660
6.019224
2.038936
6.044308
2.043984
6.036680
2.106979
6.041374
2.049205
2.009881
2.055976
7.029331
2.067230
2.047665
2.012231
3.011405
2.032780
6.020202
2.031651
6.044772
2.033942
2.032979
2.062688
5.043552
2.036170
6.012707
2.060149
6.038139
2.041015
2.050621
2.024507
22.006976
12.023708
2.050424
7.004603
2.044961
2.041592
2.027431
4.050968
2.053245
2.029295
2.052745
12.028493
2.085709
2.033305
6.043993
2.073111
6.030783
2.043726
6.051500
2.037914
6.017040
4.025766
2.082478
6.047340
2.029715
2.035456
2.035544
5.044494
2.098464
6.053650
2.067895
6.010865
2.036902
6.020146
2.028537
2.048039
2.054142
2.023444
2.065597
2.062651
6.052910
2.058762
6.055187
2.023421
2.017133
2.047446
2.036890
7.028377
2.043799
6.044120
2.108378
6.029080
2.087881
2.034969
2.044475
5.039586
4.022928
2.099098
2.035718
2.027391
2.032613
2.062163
2.040459
6.034301
2.090935
6.047613
2.048161
3.065136
2.037102
2.035664
11.036389
4.015587
2.038354
2.027339
2.038322
10.035153
6.025340
2.096379
2.065587
11.036213
