2.174597
2.041319
2.048579
2.038935
2.059257
2.067110
2.034658
6.005390
2.094473
6.003778
2.062387
6.029162
2.044803
12.000928
2.041605
2.028057
2.072739
2.049732
6.005771
2.037682
1.049447
10.027764
2.033512
31.027205
5.021192
2.039043
2.053480
6.024509
2.046967
2.006636
2.061301
17.036749
2.063839
2.049391
1.052334
6.033291
2.066097
2.051144
2.043171
3.039844
2.073124
3.000928
2.064611
2.064386
6.041009
2.064225
2.050154
2.098790
5.047582
2.063234
2.002366
2.058091
7.006103
2.046277
2.106194
2.032175
2.024241
15.022868
16.026413
7.003958
2.041618
2.047542
2.134929
1.025120
3.039483
2.050432
6.046757
2.082110
2.003778
2.044523
2.002366
2.086420
2.029821
2.046754
2.043171
12.003872
2.042339
2.085991
6.030923
2.067271
2.042259
2.111918
7.000928
2.072918
2.069107
2.073890
2.081091
20.009409
2.058105
3.000928
2.073024
2.047147
2.000928
2.048199
2.022210
2.099015
2.052596
2.003672
2.095445
10.018074
2.057830
2.040586
2.029329
2.063892
2.055580
2.040807
2.013065
2.092428
6.013611
8.020204
2.056372
11.042651
2.041619
6.055126
4.022322
2.048120
6.038230
4.033494
2.083043
3.000928
2.074531
4.005651
2.090515
3.000928
2.062621
2.072280
2.003792
2.043963
2.000928
2.084116
2.078267
7.015021
2.085846
6.023504
2.033625
11.025307
8.007043
2.057404
6.012131
2.039214
2.037895
2.059656
6.003692
2.133805
2.038202
2.042884
2.072026
3.000928
2.045641
2.048460
6.008335
2.055180
2.047127
2.041699
2.035218
2.048959
4.042349
2.053036
2.023542
2.042871
2.076633
2.079114
4.037290
2.027360
2.018930
2.047113
2.021436
2.078887
2.066472
3.000928
2.081963
2.080491
6.003598
2.034898
6.045277
2.121696
3.000928
7.035859
2.052476
2.000928
2.106662
15.013477
2.044089
2.050105
2.107356
2.053608
7.023230
2.137257
2.045674
2.116782
10.025978
2.049680
1.067311
19.051354
2.110871
3.000928
2.063660
2.036730
2.027851
2.056533
40.006923
2.048560
2.044429
3.006903
2.053914
2.070234
3.031637
2.057887
7.013561
2.036270
2.050481
2.048098
2.029329
1.056765
14.007303
2.114429
2.046275
2.076915
2.051323
2.099009
4.041148
2.118872
6.006783
4.028718
2.048079
6.017540
2.038734
2.028017
2.075423
5.054647
2.047187
6.008695
2.059257
2.021916
2.053230
6.000928
2.042871
2.000928
2.062169
2.051084
3.000928
2.044663
4.008915
2.112065
3.000928
2.056964
4.037637
2.016168
2.027905
2.036710
