2.036691
2.063169
2.019448
2.037736
12.005025
2.023395
2.060819
2.012200
2.028611
3.008389
7.011114
2.053047
3.009169
3.000928
2.023240
2.013904
2.017842
2.050446
11.004332
2.014275
22.011934
2.083438
2.047762
2.016502
2.052197
3.024060
2.003992
2.079093
2.009526
2.067772
2.019345
2.016442
2.026853
7.022916
14.036564
2.043239
2.076898
2.021430
2.022388
3.013266
7.003692
2.059347
2.022037
2.037787
2.067592
12.009987
2.027204
2.026059
2.086463
2.070427
2.028998
2.058774
2.022716
9.024127
2.036332
2.029663
7.003692
2.056840
3.012406
2.023929
2.029829
2.012506
2.086976
2.045210
3.015110
2.095927
2.068690
2.017777
2.069932
16.026627
2.023781
1.030624
5.035772
2.072785
2.049901
7.008449
2.020444
10.012119
12.029231
2.011489
9.005244
2.029250
12.019892
2.072754
2.021525
2.037990
2.066510
3.010574
3.024308
2.090862
2.049513
2.026038
2.030600
7.022896
10.013526
2.014538
2.073327
31.010531
2.012131
12.029671
2.035432
2.019232
2.036774
2.056021
6.021604
5.026580
2.046814
2.019724
7.019969
2.027064
7.014936
2.040652
2.024280
3.023774
2.039968
2.076521
16.023783
2.016794
7.002800
2.021584
2.021922
2.066829
2.018790
8.003006
2.041031
2.029505
9.012123
3.024608
2.096046
2.048999
2.042083
2.057805
16.006737
2.043979
7.025540
2.028916
2.023315
3.000928
2.083302
2.034911
3.000928
2.068749
2.022010
2.005510
2.057554
3.014904
2.030733
2.019898
2.032396
2.034568
2.023217
7.002320
2.069511
2.022935
2.043099
2.056816
9.009621
2.008829
2.019578
1.021970
5.022616
2.082238
2.051003
2.026176
2.021236
2.022356
4.033555
2.043651
2.072698
3.000928
2.079766
2.021204
2.004292
2.048187
2.024575
4.024462
9.011573
4.064314
5.012966
8.015792
2.046976
2.064331
3.016850
2.041943
2.030015
2.043354
4.012846
2.080685
2.044757
7.009461
2.072150
3.013766
17.005570
2.067624
7.037145
2.022437
2.020896
2.019886
2.036117
13.011073
13.033632
2.083676
2.042538
11.018213
2.024534
2.051795
2.016708
3.012826
2.019434
2.047307
2.014198
2.049711
2.069560
2.043604
2.061596
2.035492
2.094062
2.070240
3.022956
2.037304
2.040266
2.044482
2.059300
7.034926
2.057742
2.021410
2.041597
2.063900
2.023028
8.021538
19.005404
2.029281
12.018942
10.005330
4.019046
3.020970
15.010041
2.020697
2.038956
3.008449
3.028877
2.031745
2.023868
7.005584
