107.020665
3.012757
5.014349
3.003872
14.003752
21.000928
3.020365
3.003832
4.003972
11.013585
3.017273
3.003552
11.000928
3.010799
3.003852
3.003952
7.000928
3.009421
3.006134
6.000928
3.010627
3.003812
13.026193
7.003612
3.020718
3.003592
6.000928
3.009913
3.004032
3.018774
3.003712
3.003892
3.008767
3.003552
21.003832
3.052995
3.003692
5.012296
3.003832
3.021432
6.009613
3.002420
3.020716
18.004112
7.005850
3.003812
3.003672
12.003872
3.026864
3.004012
8.018414
3.003972
7.006809
3.003772
5.005990
3.003832
4.003612
7.005814
7.005330
3.004092
6.000928
3.017755
3.003592
8.026663
11.024114
3.003612
8.003752
7.003612
3.007248
3.003872
4.018774
10.005210
3.004032
8.004052
21.008788
4.011571
3.003612
7.004132
7.007802
3.000928
3.004052
7.003992
3.011273
3.003732
3.004112
7.003812
3.005471
3.003712
20.017351
3.003772
30.010659
5.003732
3.012417
3.002380
13.003612
11.033223
3.004092
15.009919
3.003912
8.003792
6.007202
3.003852
5.009907
3.002220
3.016682
3.003952
7.010733
3.003692
6.006170
3.034406
3.003992
8.018534
17.000928
3.020001
3.003672
6.014690
3.008934
3.003572
7.002220
7.009080
3.003612
3.018254
7.004092
3.030404
3.003972
3.003672
22.002400
3.008526
3.003872
3.020876
12.000928
3.012459
3.003892
5.006988
3.004132
9.003772
2.014885
3.003532
3.011899
3.003832
16.003572
3.024737
3.003812
7.018700
7.012871
3.003532
4.003892
4.003992
15.013237
3.004198
4.000928
9.003732
30.008855
3.003652
