3.021423
3.034494
3.008721
3.036295
3.019346
2.037532
3.011031
13.032628
2.027879
3.015730
3.009513
2.014975
3.024082
3.020405
3.029396
18.035332
8.019586
3.013569
3.028489
3.019658
3.036198
13.016754
4.010023
3.016120
3.010719
3.032960
3.009293
3.018046
6.008415
3.016246
3.008255
16.014130
3.010073
5.022090
3.019184
30.045433
3.017647
3.010439
11.012675
4.034943
4.017922
4.016714
4.026405
4.020336
4.022923
4.006583
4.008889
4.024108
4.024607
4.024927
4.021734
4.025493
4.029869
4.029870
4.018878
4.022230
4.009507
4.020044
4.008967
4.013111
3.011285
7.022202
7.012363
3.012875
3.009671
8.023129
3.019818
3.051753
3.022371
3.012357
3.016868
3.011705
3.022150
3.015395
17.014824
4.033228
3.017408
3.026753
3.011105
12.010539
2.052411
3.022840
18.025757
3.009107
3.006477
3.035398
3.021164
2.016908
3.013191
3.020696
3.013989
23.007443
7.009421
3.032886
3.021064
3.006683
16.025242
3.019924
32.010625
3.019152
3.022063
3.024140
2.028817
7.019697
3.029630
8.006437
3.011367
3.016314
3.037034
3.009115
13.010359
8.023103
2.061815
3.017966
18.020330
6.022788
3.018446
2.028281
5.006823
4.036152
8.023429
3.011219
3.028055
3.021956
3.006763
7.011154
3.020018
3.009933
15.040818
11.015608
3.011665
3.036059
3.014444
11.017005
3.023516
3.030589
19.021876
8.022413
13.030182
12.017328
3.018320
2.015908
3.016700
3.020334
3.017946
15.008495
27.015296
3.027949
3.017568
3.030682
3.006663
23.020311
3.017600
3.023681
3.027047
3.018140
2.021883
3.015876
3.037400
3.012391
12.020332
2.035566
3.014376
28.006703
7.014930
3.022683
3.009933
2.014150
2.048382
3.016628
2.007143
3.005285
3.012532
3.003938
3.006623
14.000928
8.025161
7.012079
3.014455
