3.010803
2.031821
8.008109
2.034759
2.035617
86.004503
2.033787
7.034599
2.053411
2.063457
7.007437
2.035577
7.009673
2.048140
2.031200
7.000928
2.048066
2.018860
2.037407
2.054015
3.005470
2.097643
2.052003
2.005390
2.045462
5.025000
2.053122
6.018280
2.044535
7.002360
2.039374
2.023082
2.043322
2.042438
7.006722
2.033927
7.055926
3.010867
2.054301
10.011439
2.041765
6.034464
2.028876
12.004658
2.029096
22.046568
2.069274
2.031181
7.000928
2.034605
10.012811
2.032353
3.009867
2.041126
2.045562
2.011819
2.031023
15.004278
2.040273
7.004072
2.031081
2.026926
2.058345
2.042497
2.002620
2.044130
7.050413
2.079200
2.047972
11.016203
2.042177
3.011145
2.083537
2.036989
6.018651
2.048066
6.016361
2.039793
2.005890
2.040685
2.012725
2.052279
2.034025
2.018473
2.042523
5.011425
3.009631
2.026400
2.067129
2.024700
7.006577
2.035878
12.006397
2.055613
2.030069
7.006737
2.056619
3.007234
6.030456
2.048046
3.015295
2.044732
2.027012
6.018399
2.055393
3.013783
2.046281
2.038281
6.020664
2.035157
12.006836
2.072735
3.009821
7.010281
2.041865
7.031815
2.039153
2.042763
3.004012
2.071708
2.034265
6.011425
2.048346
2.019505
2.036097
12.028570
2.082883
2.042465
7.002640
2.047626
7.040888
2.050634
2.043836
13.006857
2.044730
2.051211
6.043321
2.043631
6.005430
2.047540
7.006030
2.054602
10.014129
2.051410
2.022982
2.026212
2.025686
2.068311
2.041306
2.019966
2.041805
2.024142
2.081664
2.034045
7.000928
2.038307
15.046125
2.040139
8.004423
2.066829
2.061128
7.009119
2.052679
2.033959
2.072363
2.064105
2.004552
2.034165
10.018220
2.050936
7.004178
2.030208
7.007137
2.050198
2.043890
2.031515
2.060149
17.007789
2.078265
2.032373
12.005624
2.034897
7.004603
2.060015
2.039813
7.008665
3.013359
2.038459
2.021105
2.028757
3.025075
3.008375
2.077620
2.034305
2.012431
2.055994
8.015375
7.012017
2.048054
3.005410
2.019181
2.044922
3.007848
2.023542
2.038201
3.008895
2.014383
2.031401
3.005670
3.009921
2.066551
2.043389
6.033198
2.028876
2.065949
2.049260
10.022540
2.022926
7.008640
2.051230
12.008369
2.064938
2.021896
3.005290
2.042397
2.030028
6.041191
2.061155
7.000928
2.052462
