17.008675
4.013970
9.007049
9.002220
4.010473
4.002220
4.002220
14.002220
4.006842
9.002220
3.003752
6.004132
3.006077
4.002220
4.005990
4.035739
4.006406
12.000928
11.009948
4.039391
4.030695
4.008794
4.007603
4.008714
4.008674
3.004012
3.004012
2.043533
3.006230
4.054860
3.003752
3.014797
3.003872
7.044901
4.008695
4.002220
3.012181
18.002320
6.032290
3.012290
3.006797
6.018460
4.008861
3.003792
9.003732
8.004032
2.032335
3.021330
4.002220
4.011605
4.002220
4.021364
3.003552
5.014403
4.008588
4.051312
4.020889
4.039756
4.024956
4.024372
4.005990
4.022503
4.021597
4.007048
9.002220
4.046448
4.008795
4.002220
4.028991
4.006628
4.025607
4.023556
4.007622
4.028091
4.007742
4.040145
4.008256
3.003752
3.003592
2.048021
3.010487
5.004623
3.016467
4.014909
4.011031
4.043643
4.022693
4.020428
4.011545
4.008421
4.027850
4.008608
4.063489
3.006817
6.017912
3.025394
4.015695
4.005110
4.026467
4.008475
4.032336
4.002220
4.040137
4.027778
4.030592
4.033700
5.004483
3.019106
4.017173
4.029011
4.011459
4.046540
4.030367
4.005850
4.002220
3.003572
13.003572
1.038540
7.017495
2.023982
3.032560
4.043599
4.002220
4.002220
4.002220
4.027753
4.002220
4.002220
4.049923
4.017214
5.004623
3.011265
4.002220
12.006910
7.005390
3.011347
3.003652
7.017114
4.014698
5.003992
3.005246
7.013423
4.017613
4.022744
4.048138
4.012367
4.025115
4.007249
4.028464
4.045139
4.014922
4.047170
4.030979
4.009847
4.037318
4.007568
3.007284
8.006779
3.003552
7.002220
4.007002
4.011645
4.060650
4.025862
4.010627
4.023202
4.040207
4.007943
4.024328
3.006797
8.005585
2.006723
3.042934
4.009101
4.023314
3.007217
6.004523
3.010559
4.005710
4.052823
4.010801
4.012097
4.025973
4.009095
4.051288
4.006390
4.031680
4.056264
4.005830
4.015475
4.037887
4.031829
4.012931
4.033555
4.021804
4.033487
4.033475
4.009533
4.049486
4.023694
4.027534
3.006777
7.016227
2.063287
3.007077
9.007037
3.005125
3.005725
7.019841
3.006297
6.020944
6.007417
9.007017
