3.013067
3.013611
3.002400
3.002300
8.010739
3.002440
3.008115
3.002400
2.002300
3.002620
3.023875
3.002840
32.005130
3.006637
3.009000
3.002640
2.002700
3.007177
3.018479
3.009227
11.019078
3.020638
3.005290
8.006948
36.014163
3.004538
11.011239
3.022048
3.009741
8.003792
13.026246
7.010019
3.009621
13.027851
4.002340
3.005390
3.005265
3.008595
3.008355
2.008449
3.006828
3.019364
3.014004
3.008255
3.008635
7.026484
3.006622
2.007023
3.007583
3.010139
3.010087
2.009009
3.008375
3.007303
3.008055
8.009881
13.005476
7.030934
3.010270
28.008101
9.003612
7.009641
3.009859
3.008381
13.009901
3.005830
3.014183
3.033739
3.010053
17.023688
7.015503
3.008661
18.013475
4.004132
8.003652
3.000928
3.014087
3.009641
13.003972
13.005756
7.040841
3.005410
7.015067
3.018081
3.024626
3.009433
3.003798
3.008115
3.003672
3.008415
3.008229
3.007901
8.011099
3.005410
3.013589
3.003758
17.016439
7.017734
3.005470
3.007715
13.005450
7.007342
3.003678
12.016090
3.009847
3.013849
3.006917
7.003918
3.008049
3.003998
3.008681
13.007809
14.005625
3.003872
3.005370
3.013191
3.005570
3.004258
11.013397
3.007162
11.004078
3.013077
3.005230
23.011545
3.000928
3.009663
3.016994
3.008535
13.003692
3.007628
3.008501
3.009866
3.007303
8.006522
4.005345
3.004825
3.017480
3.008295
3.007148
1.013457
26.005210
11.016688
3.007043
6.007023
3.008668
3.007995
7.006323
3.005570
3.004038
3.015163
25.009826
7.010193
31.040737
3.006683
13.007128
3.017802
3.027146
3.009614
3.000928
3.005810
7.007303
3.021124
3.002606
22.005551
3.008201
3.015153
3.008120
5.013523
31.005970
3.004012
3.021056
3.006343
13.009663
11.039804
3.008535
3.008855
3.005510
3.010227
3.008955
3.005650
2.000928
3.012977
3.019038
3.005530
3.008540
13.003913
3.000928
3.009307
3.006943
18.008666
9.000928
9.005665
2.015876
3.005430
3.009727
7.008521
3.005410
3.017875
3.006257
3.006888
8.011139
7.023322
3.007337
36.016545
3.015661
3.006608
2.007388
3.005271
3.008475
3.008175
3.005450
13.011153
3.016662
3.046472
3.007308
3.002266
3.019704
3.038489
3.012691
3.007975
13.013809
12.006291
3.021204
3.007857
22.008081
3.007875
3.017566
3.015047
12.008255
3.004178
3.014275
3.015095
7.017631
3.002760
3.022882
3.004218
7.006636
3.008355
3.045792
3.006897
2.008735
3.011119
3.008554
3.003958
37.015561
3.007915
3.009066
3.003918
8.005330
3.000928
3.024449
3.017260
3.015244
3.005230
3.007102
7.008294
3.021282
16.008901
3.016155
3.007875
3.007895
8.017015
3.012117
3.012631
3.003958
13.007128
21.019957
3.000928
3.004218
7.019470
3.010685
3.034741
3.007995
6.013124
3.029323
3.007288
7.017568
3.018374
3.015702
3.007097
3.006963
8.012871
3.003792
3.031807
3.005470
3.008315
16.007083
3.006437
10.005610
3.000928
8.012777
9.005224
3.006943
3.003958
3.016785
3.006828
3.006603
14.003832
3.008261
3.003818
3.017199
3.008280
3.014947
4.003992
8.007522
3.025693
3.011279
3.009993
37.013451
7.033404
3.007602
3.009653
13.005764
3.004013
3.013291
3.007222
3.007323
8.005316
3.003792
3.014283
3.009121
18.007088
13.005745
3.011139
3.008515
3.008381
12.003732
3.024055
3.044500
3.007482
15.022175
11.006662
3.007288
3.011757
3.006523
8.007689
3.007123
7.022964
3.008475
3.007622
8.006517
3.005470
3.011013
3.008809
11.018656
6.008360
3.019348
3.003552
3.007735
3.007228
2.005290
3.005650
3.021389
3.005390
3.004078
7.008389
3.029452
3.005270
13.003632
12.005464
3.012537
3.011639
17.006622
3.008401
3.008075
3.000928
8.014528
4.009387
18.008981
3.014309
3.017173
3.004278
8.005330
3.010313
3.012417
3.011793
3.004138
2.006763
3.006783
3.009695
3.007795
1.012185
6.005390
3.016488
7.005690
3.009235
14.000928
8.005516
8.015929
3.011119
3.007023
3.007268
7.008135
7.010293
3.007995
2.004618
3.004112
3.016115
3.012471
7.006050
3.003772
3.011553
3.005050
2.011039
3.009747
3.008834
3.007949
3.007077
3.015784
3.005545
3.017805
3.004950
7.024483
3.011033
3.018453
3.007322
8.007422
7.012905
3.013031
3.004218
2.016642
3.007463
3.012111
3.009081
13.003718
3.018014
3.005230
3.020732
3.003858
27.004238
3.006423
3.005650
3.026469
12.008075
3.006517
3.010793
3.019218
27.019712
3.009533
3.044509
3.007542
15.039143
3.004338
11.025434
3.008254
3.009009
3.012997
3.000928
3.000928
3.034502
3.008129
12.005370
7.030565
3.005570
21.023182
5.019272
3.003992
3.008355
3.005270
17.004865
3.007017
3.012291
3.011093
12.005364
3.002146
3.013311
3.017674
16.006969
3.029856
3.006683
8.003678
8.006468
3.008035
3.015149
3.008381
3.007063
14.003732
3.003612
3.009887
3.020844
3.006543
1.018240
20.004658
3.012551
3.014649
3.008335
3.008401
12.022790
3.009615
3.007568
13.003872
3.007183
3.009487
3.026494
3.004298
3.004098
14.003892
9.003612
8.003852
3.005431
3.015721
3.013523
23.007791
3.008935
3.024154
3.024320
3.022472
3.004398
16.027850
3.018774
3.007263
3.019812
3.009195
3.016941
3.008360
12.005530
3.004092
3.011619
3.004178
2.005750
7.013431
3.005350
10.051381
3.008406
12.014446
3.003832
3.008395
3.003858
13.008721
13.015303
7.022735
3.003918
8.005210
7.011345
3.015885
3.003778
7.003612
3.003652
3.008974
3.007217
7.019552
7.013937
3.018116
13.003838
3.008541
3.008615
3.011497
3.009527
3.008621
3.005910
3.004112
3.009719
3.006882
18.007177
3.008009
3.006968
3.029710
3.004098
8.006883
12.012727
3.010207
3.010033
8.003672
16.035502
3.017673
13.006963
3.009060
3.007568
3.013303
3.004278
7.000928
3.004112
3.009787
3.009713
2.005470
3.004138
3.010213
3.004278
18.006957
8.010979
3.015009
3.012343
3.005170
2.004138
3.005211
3.015261
3.003878
2.004118
3.012145
3.010693
3.003998
3.009347
3.010173
3.003732
3.010819
3.007575
3.014335
9.004092
3.008295
3.005091
3.011806
3.007028
3.012317
9.005265
17.012010
3.029071
3.008137
2.012359
3.008723
3.015523
3.006823
8.013824
7.004931
3.017935
3.010061
17.021736
3.009015
3.019471
3.007108
8.009141
9.003692
20.004052
8.000928
7.021136
3.012617
3.003898
13.009721
31.030052
3.008475
11.013265
3.019820
3.009181
2.008415
3.005230
3.018740
3.005730
3.009753
8.008675
7.028180
3.000928
3.009145
3.002520
7.044422
3.019346
2.004318
3.020562
3.020951
3.009781
8.006683
14.004032
8.008447
3.004218
3.014143
3.007077
3.008055
9.003952
2.011119
3.014463
3.004618
3.003598
8.016677
3.000928
3.026744
3.005070
3.006070
8.007269
3.005450
3.021622
3.007995
3.016573
27.003612
3.016354
3.003898
3.012771
3.004478
3.003692
3.030969
3.005110
8.009747
3.014863
3.005630
3.014115
3.005950
3.000928
3.008395
3.006050
3.010093
3.003938
2.005570
7.012429
3.004218
3.008121
7.014490
3.010193
3.015401
3.008601
17.014721
3.006517
3.023316
3.015027
3.006897
4.003792
3.006863
3.013949
3.010287
3.008161
3.026839
3.004638
3.000928
3.016636
3.021456
3.008558
6.012951
3.008475
12.004058
3.006683
3.014483
3.006443
3.007402
8.017187
3.006228
3.013789
3.007003
13.010467
3.004038
7.014115
3.009221
3.008361
3.008575
3.015957
3.008886
3.000928
3.007283
8.029506
3.015315
3.009747
3.005090
10.008746
3.003558
3.008621
3.011899
3.007222
3.020476
3.004078
2.011119
7.014889
3.003658
3.004138
13.028446
3.004132
3.013637
3.008549
32.012171
3.003858
3.032109
3.006923
3.009753
3.023144
3.004032
3.012829
3.010819
2.018294
3.002220
3.013289
3.008361
38.006763
3.007741
7.018693
3.011025
3.007283
17.021816
3.011205
3.005350
3.013683
8.008395
7.017087
3.008921
3.008801
3.005864
7.012691
3.005050
16.002520
3.013777
3.008115
18.014029
16.021152
3.000928
3.004427
3.007960
3.009487
3.009539
3.008415
3.006888
3.030306
7.008815
3.009673
12.027392
3.005710
3.021788
3.009873
13.005230
13.016808
3.006677
3.036960
3.006923
16.014737
3.006943
3.009587
16.000928
3.018779
3.005550
31.000928
3.025906
3.004038
7.012651
3.021266
3.016919
3.008115
10.014843
3.004078
2.000928
7.012817
3.000928
3.005630
3.008754
3.005325
3.012599
3.011499
3.007357
3.005690
3.007043
3.007868
3.004118
3.006622
13.018180
3.003732
3.016241
3.006682
2.006776
3.008155
3.011405
3.006948
7.012217
3.011025
3.022541
3.007935
22.002046
3.006788
3.012357
3.009993
15.010454
3.003998
10.008314
12.013083
3.013809
3.019034
3.008495
3.007755
8.017039
3.004092
3.013497
3.011439
3.004058
20.054798
3.003738
3.004118
4.006749
13.004132
23.008809
5.024636
14.029367
18.000928
4.012145
5.022484
25.000928
14.004052
3.016548
3.029624
3.013105
3.009841
7.011119
3.007103
3.010293
3.009693
12.009981
3.017040
3.012631
3.011665
2.026626
3.012397
3.031230
3.006857
3.033029
8.032263
7.005390
7.005210
2.013710
3.011265
3.009973
2.006462
3.026594
3.019760
3.006723
3.016993
7.008751
3.005110
3.009919
12.003752
3.000928
3.015961
3.010613
8.003572
12.005610
3.040310
3.008515
3.019958
3.007571
3.013397
3.014381
3.000928
3.005970
9.004112
9.010347
3.014463
3.005630
3.009227
3.004318
37.023448
3.007123
3.011417
3.012445
3.012403
3.017415
7.018911
3.007143
7.007111
3.005070
3.012777
3.005430
12.006909
3.013689
3.011819
3.012551
22.010635
3.011153
3.017206
3.010813
3.008135
2.002820
3.014023
3.003798
18.006025
13.005825
3.000928
3.013011
3.002326
3.008335
8.004178
3.006903
3.013197
3.006883
3.006883
7.015516
3.012871
3.005390
6.005690
3.011059
3.003618
3.003998
14.005790
7.008129
3.011576
3.005830
12.000928
3.008015
3.012365
3.009627
12.011459
3.009761
3.010565
3.007862
3.008001
2.015662
3.012299
3.020796
2.013823
7.023016
3.004078
3.007422
7.006957
3.009653
3.014355
2.003592
3.006823
3.008315
3.007197
16.005604
3.040068
3.020964
12.007077
3.004618
3.026532
3.013083
2.006688
3.005430
3.012457
3.004338
16.009061
3.011167
3.003698
13.019238
3.005790
3.007322
3.014235
3.008489
16.005505
3.005510
3.005510
27.012131
3.005530
3.014101
3.008795
12.009847
3.024520
3.012577
3.008820
7.025294
7.019706
3.007655
2.007103
7.006803
3.008060
8.007068
4.011583
3.004018
3.004198
3.014435
3.000928
5.005890
17.002500
10.013077
3.003838
16.002560
3.008035
3.006757
13.003812
3.008035
3.010719
3.011385
3.008675
8.008295
11.035149
3.009527
6.020281
13.013457
11.005590
8.005011
3.029704
3.006382
16.011239
3.014203
3.005350
8.003958
4.006377
12.015289
3.014743
3.016714
6.009667
3.012911
3.004358
3.005377
9.003912
8.014303
3.004193
3.010085
3.009527
2.010267
7.006723
3.007048
3.005430
3.007008
3.011205
3.012511
3.006843
17.006837
3.003933
