2.107712
2.027617
1.053958
20.036092
2.040447
7.049220
2.098669
2.084994
1.053315
6.005336
2.063633
2.056773
2.034818
2.037703
2.034497
2.057645
2.045895
2.110445
2.045635
2.062647
2.074050
2.056733
2.000928
2.108374
2.000928
2.043211
2.053608
2.019725
2.084196
22.044288
7.023398
4.047597
14.046311
4.011339
14.035706
9.011265
4.031483
4.013623
14.045088
9.013503
5.004622
2.049652
5.017726
2.055140
6.010847
2.024021
2.000928
2.043457
7.048168
2.077035
2.051270
6.013864
2.038554
2.007729
2.046947
7.024420
2.097203
2.056193
11.018751
2.068208
6.047566
2.044549
2.003912
2.103393
2.002466
2.059642
2.032074
2.042413
2.036030
8.003832
2.040666
2.073533
7.016901
3.030956
5.083339
2.087798
2.045974
3.000928
2.125753
2.073099
2.064366
2.043110
7.000928
2.065578
2.058004
6.061192
2.056972
2.000928
2.064770
6.015518
10.060588
2.063917
2.080478
3.000928
2.082144
2.065877
2.114320
2.095671
1.050191
2.088818
2.000928
2.070728
17.006845
2.000928
2.058804
12.003026
2.079959
2.108294
6.021848
2.054900
2.014017
2.081072
2.000928
2.097297
2.053888
2.036589
2.048380
33.022788
2.032846
2.084686
2.002886
2.046455
2.060317
2.014857
13.027105
2.059615
2.000928
2.054533
6.010201
8.007383
2.049737
3.000928
2.047267
2.055100
6.039041
2.123368
6.031762
2.046055
3.000928
2.073737
2.062713
2.037236
2.038820
7.070867
2.069048
2.078427
6.048708
2.053729
2.047502
2.051524
10.038757
2.058085
1.047690
6.033054
2.046175
2.114791
2.031543
2.051443
27.022882
2.106422
2.077001
2.020204
2.041799
7.012265
2.140947
2.069202
4.000928
11.050448
2.085968
2.035854
2.091689
7.007117
2.092136
6.057186
2.096656
2.046867
1.064552
20.020994
2.062856
1.012425
14.019806
34.014006
10.053668
2.104361
2.101883
2.085352
2.044369
7.029983
2.078027
2.067884
1.051201
9.037079
2.092192
2.033887
2.137485
10.007703
2.032634
3.000928
2.068254
2.060469
2.025786
2.052876
5.044159
2.066104
7.003772
2.076767
2.005411
2.113004
2.053588
2.037533
2.072659
5.036138
2.077348
6.007003
2.056493
2.018160
2.054840
10.018652
2.000928
2.033586
2.039474
12.000928
2.048580
2.049331
2.042577
2.016188
2.049812
2.111359
2.049698
6.051418
2.048699
6.024706
2.062634
2.038102
2.046115
17.044223
2.076956
2.057685
7.000928
2.033605
7.004442
2.158504
2.049691
6.047439
2.009307
3.045275
2.072678
2.047174
3.000928
2.097617
2.036110
6.042970
2.082277
2.003086
2.065703
16.019998
5.042058
2.056759
2.063833
7.000928
2.030742
7.012431
2.078448
2.037943
2.008528
2.127618
2.000928
2.079580
2.047127
1.046403
24.020977
2.160254
6.039981
2.075613
3.000928
2.066673
11.000928
2.063913
2.033366
1.059950
14.045695
2.083155
2.048279
2.049591
22.036010
2.074479
2.031954
7.004582
2.028038
7.013643
2.028817
2.037782
2.050700
2.034918
20.024737
2.092161
11.037753
2.049552
6.012645
2.128524
3.000928
2.091229
2.057730
6.044873
2.047960
2.064665
2.075703
2.002666
2.163578
2.036110
3.000928
2.071748
2.113223
7.004362
2.056173
6.019252
18.032641
2.084955
11.008283
2.127884
6.024241
2.060509
2.003972
2.075203
12.080511
2.068530
2.041764
6.052227
2.060189
2.019911
2.080311
2.118580
2.083173
2.036270
2.032946
2.067943
11.019039
5.002566
2.071988
2.055620
2.034799
2.055300
12.056444
2.049374
2.038694
1.061197
6.000928
2.101939
2.038875
6.038709
2.025413
2.000928
2.027231
12.000928
2.148547
2.045801
1.057797
11.009307
2.098909
2.054980
2.009501
2.050944
6.015438
5.031182
2.040086
2.044764
2.033959
2.045715
11.000928
2.044201
7.000928
2.072182
2.056613
11.010373
2.029249
2.000928
2.059256
2.072345
2.063753
2.033586
2.085580
2.097543
10.048482
2.040872
2.038754
2.169614
1.014364
2.046773
2.059916
2.073058
2.073271
6.055804
2.063727
1.047163
10.031588
2.087119
12.043469
2.082109
2.029569
3.000928
2.068594
2.122948
2.031567
2.018712
7.049787
2.057944
2.051596
2.060688
2.056493
2.052596
2.062613
2.040307
3.000928
2.177848
2.058104
2.066731
2.049892
7.056072
2.060037
2.054109
2.041779
2.061721
2.028891
2.093441
2.049193
1.055148
6.042673
2.102771
2.053867
11.017404
2.038360
3.000928
2.150392
2.039074
6.034166
2.059442
2.037097
2.057706
10.047631
2.050944
6.031804
2.059243
7.000928
2.045515
17.002446
2.048406
2.078093
3.000928
2.064786
2.084236
2.017781
2.046947
5.045874
2.139842
6.050354
2.010859
13.000928
2.062301
2.041738
3.000928
2.055300
2.092055
2.069575
2.061807
10.043685
2.031362
6.054195
2.038954
1.056991
10.011293
19.010333
10.003046
2.073104
2.048680
2.038854
2.046295
7.062709
2.052642
2.036030
3.000928
2.039420
2.034778
2.038696
2.077628
7.000928
2.092183
2.051084
2.048379
2.079599
17.057699
2.099178
2.044869
1.048478
10.016330
5.104599
2.052502
2.028137
2.061203
2.058325
27.043905
2.086721
2.059159
2.005890
2.093962
1.027839
2.097497
17.028017
2.103092
2.030089
2.000928
2.045296
12.002726
2.068502
2.048399
2.072204
2.127083
2.004218
2.095711
2.140394
6.007721
2.050268
2.000928
2.071152
5.048437
2.056613
2.039408
2.120449
12.014096
2.070801
2.097403
3.000928
2.113643
2.053928
1.060080
5.015229
2.155907
2.061029
2.110724
2.067450
11.007823
2.064565
3.000928
2.041585
2.033806
2.068448
2.144948
12.002026
2.050198
2.062141
2.003952
2.071035
10.057243
2.083697
2.003406
2.065126
5.043552
2.045463
4.000928
11.046371
2.026545
2.035365
2.076755
7.000928
2.056473
2.049852
2.051611
2.045781
7.051030
2.050850
2.086959
2.047367
2.049557
2.002486
2.049895
2.033305
6.027843
2.034006
2.055566
2.056493
2.044332
5.000928
1.048679
5.016061
2.066792
12.005411
2.090282
2.110501
2.000928
2.120899
16.026327
2.033306
5.044666
2.071127
2.025846
2.056493
1.033520
2.037402
7.000928
2.061069
2.038560
7.000928
2.040146
13.003592
3.000928
2.046061
2.055020
11.011491
2.041619
3.046091
2.061687
2.048146
2.087272
2.046061
2.050923
2.047367
2.057525
6.040345
2.028157
2.025052
2.072238
6.024035
8.040129
2.058936
2.047193
2.144004
2.000928
2.082983
2.037388
2.003692
2.083435
1.014678
5.000928
2.110659
2.078785
2.003712
2.030462
2.000928
2.061843
2.046181
7.000928
2.060509
10.042300
2.137244
2.054352
2.065205
1.027699
2.114105
7.047593
9.003310
2.064511
2.079839
2.049946
2.114675
5.009513
2.040567
2.054363
2.143026
2.052297
2.093401
2.045475
