3.000928
9.003632
3.016127
3.003692
3.003872
7.003612
3.042569
3.003712
18.004012
3.003672
7.005210
3.003872
38.002460
12.007912
3.005970
3.003792
2.035347
7.009829
3.003832
8.003752
16.007002
3.003612
13.003532
3.004132
3.003732
3.040230
3.003592
3.003632
3.003812
3.003912
3.024882
3.003692
25.006802
3.004032
13.003992
3.003772
3.004072
3.018481
3.003592
8.003992
11.005690
3.003732
23.004112
3.003652
3.004032
3.009367
3.004012
5.006869
3.003812
17.003892
7.007274
3.003832
18.003772
3.004112
3.003532
3.042796
3.003592
26.003632
3.045541
3.003592
8.003772
3.003892
7.038486
3.003552
8.010910
3.000928
3.009929
3.007423
3.003652
3.003612
11.027714
3.003632
20.007902
3.004112
15.042362
3.003652
12.048451
7.007602
3.003812
3.003952
3.003872
3.003552
3.046634
3.000928
31.003612
3.019471
3.002220
10.019064
3.004032
7.047578
3.003712
3.009686
3.003992
31.014297
3.031238
3.003732
2.008352
3.002910
3.052594
3.003772
2.010394
7.005490
3.003892
2.023074
7.009360
3.004092
2.030309
7.006010
3.003552
7.023784
7.005910
3.003832
7.046347
3.003872
3.009347
3.003552
3.003712
21.012462
3.000928
11.009917
3.059246
3.003832
22.011126
7.005910
3.003912
22.017399
3.003972
3.049262
3.004072
2.003712
3.003652
3.024335
3.004072
33.001722
3.000928
3.000928
3.002806
3.000928
3.000928
3.000928
3.000928
3.004738
3.000928
2.000928
3.000928
3.003798
3.000928
7.000928
3.000928
3.006802
3.000928
8.000928
23.009210
7.006642
3.003972
15.008182
3.003672
17.011419
3.003712
3.038685
3.002220
23.003712
6.037915
3.002220
2.014901
3.003552
3.049450
3.004092
13.001682
3.003612
3.003672
3.041285
3.011329
18.003632
17.003752
3.045648
3.004092
10.007282
3.003712
13.003952
12.003992
3.041597
3.003652
28.003652
4.042285
6.044662
3.003832
38.003832
3.066777
3.003892
3.047649
3.003952
35.010276
3.003672
5.005610
3.000928
23.006230
3.004012
7.009848
3.003792
32.035010
7.006090
3.003532
3.003972
12.003632
3.051648
3.008830
3.002460
3.004052
3.003170
3.043378
3.003612
10.044146
3.003892
2.006436
3.003692
3.047863
3.003952
21.003532
3.006682
3.003772
17.068959
3.002220
3.038781
3.004132
29.000928
2.004012
3.003632
3.008935
3.003772
31.004032
3.042306
3.003572
3.003672
17.003792
3.042244
3.003732
2.019271
3.003572
3.047447
3.003872
8.004072
3.003772
3.003872
3.008955
3.004092
11.003572
3.028711
3.003692
13.008986
3.002220
7.005350
3.004032
13.004032
3.003952
3.004092
3.041480
3.004052
10.009888
3.003652
40.010040
6.051418
3.003892
3.007049
3.004112
3.003852
3.004032
3.004052
3.012371
3.003792
3.004052
3.003912
7.044311
3.003792
38.011966
2.031304
3.046131
3.000928
52.014086
3.003672
3.007063
3.004052
18.003552
3.003952
3.003992
3.052080
3.003812
32.002890
7.044297
3.005690
3.004112
3.003612
3.003752
3.046253
3.004052
3.005510
6.061656
3.008649
8.003772
6.007522
3.004092
7.048837
3.003752
3.034759
3.004012
23.010877
3.003572
3.004112
3.002346
3.004132
17.045861
7.005410
3.003952
25.005330
3.003692
2.044384
3.004132
3.047719
3.003972
3.003532
3.024500
7.007202
3.004032
7.003532
7.008860
3.004052
3.000928
3.003772
3.004112
3.034419
3.003532
7.020564
7.008062
3.004092
12.003912
7.007522
3.003952
3.003992
16.007228
3.003552
42.003572
3.006055
3.009726
3.004012
2.012391
3.003672
3.050109
3.003592
6.003772
3.041250
3.003872
8.003792
3.004112
3.003552
3.035151
3.003912
8.003992
6.046434
3.004132
3.004072
17.012085
3.029625
3.004072
18.009735
11.053307
3.003812
2.042079
7.005630
3.003672
3.003772
11.013242
3.003592
3.003732
7.013605
3.012111
3.004052
96.003992
4.003552
8.030379
9.005350
35.008068
8.005650
6.002970
7.005910
3.003692
65.008628
3.003712
3.011770
3.002220
7.006982
3.011486
29.000928
3.000928
3.000928
3.000928
3.004418
3.000928
2.000928
3.000928
3.005124
3.000928
7.000928
3.000928
3.010247
3.000928
47.003572
3.002260
3.039605
3.003812
3.003532
3.003712
7.006962
3.003672
28.014575
3.003832
3.003932
3.043532
3.002220
12.006436
7.037361
3.003732
22.000928
3.003912
3.034169
3.003552
6.003632
3.069914
3.004112
11.002306
3.050753
3.003972
28.004012
21.053122
3.003752
37.040662
5.002680
3.005370
3.003952
3.048321
3.003772
18.004052
7.018143
3.005031
3.003652
6.003872
3.038749
3.003632
3.002420
7.004072
3.043314
3.003832
8.003832
3.000928
7.051569
3.003892
7.060811
3.004052
3.043671
3.004072
15.005650
3.004132
43.009426
3.005914
7.005290
3.003592
23.003632
3.004092
7.005530
3.004092
16.010261
28.006762
3.002220
22.003652
3.004032
3.009947
3.003792
2.006622
7.002220
3.004052
16.003772
3.010855
3.003532
5.007042
3.003612
3.003692
3.004112
7.007402
3.003892
13.003572
3.003612
3.003572
3.032494
3.003772
12.009301
3.003732
3.020710
3.003692
10.008468
3.003952
91.010010
3.046882
3.004092
13.000928
3.003912
7.006130
3.004052
3.002220
11.044063
3.003712
31.011577
3.044641
3.003972
11.004132
8.005670
15.003832
10.003652
7.047323
24.007422
9.007502
9.011719
14.005770
3.003532
3.003532
3.003752
7.006010
3.003952
8.010810
3.003792
7.007588
3.004092
26.003552
3.008574
3.004012
58.003792
3.003952
3.004112
3.042551
3.003972
52.004012
7.005930
3.003532
22.004798
7.005630
3.004258
20.014967
3.003572
132.003752
3.003712
3.043443
3.003992
8.003652
21.008722
3.003872
15.007882
3.003692
40.007142
3.004052
3.010166
3.000928
3.003812
3.046364
3.003892
30.012651
3.003972
28.003692
17.003732
3.020581
3.003872
8.013757
3.003672
7.002220
3.004052
2.044968
7.007562
3.003752
16.003592
3.037614
3.003892
3.003832
3.003912
7.005930
3.003652
39.004052
5.007746
3.004092
36.005270
3.045480
3.003912
20.009535
3.003772
8.003712
3.003932
3.004092
3.046970
3.003832
3.003792
3.003812
7.006070
3.004112
18.000928
3.003852
7.011406
3.003892
30.005810
3.003592
21.004032
3.040767
3.004112
12.049245
7.044803
3.003632
2.002220
7.045457
3.000928
18.005659
3.004032
3.003892
3.038064
3.003812
12.009614
3.003572
3.009275
3.003632
33.002280
6.009740
3.009750
12.036020
3.000928
3.041261
3.003632
33.003532
3.003992
3.004072
3.013799
3.004092
3.003952
17.003732
3.046789
3.003672
7.021822
7.011894
3.010795
8.003532
32.003852
3.045373
3.003892
3.006070
3.003612
3.012534
3.013557
3.003592
20.005730
3.004032
11.006075
3.014397
3.003692
2.034955
7.007382
3.004012
13.002220
3.003752
3.004132
3.004118
3.003672
8.006010
3.003932
7.005950
3.003612
7.024048
3.003812
3.034717
3.003932
34.011110
6.026980
6.018944
17.004072
3.015742
3.000928
12.003712
3.002220
3.037723
3.003832
26.004072
3.047607
3.003692
15.016483
3.003652
15.008248
3.003552
3.004052
12.002240
3.007402
3.003632
31.003932
3.056224
3.003612
97.003752
7.007282
3.003732
3.003652
3.004032
7.005990
3.003872
23.003592
7.005954
3.009732
3.004012
3.003592
3.024602
3.003792
3.059535
3.003652
3.003932
21.030760
3.000928
17.039372
3.003712
3.019924
3.004132
11.004032
3.008474
3.003892
6.017993
3.047761
3.006254
15.007968
3.004112
10.052938
3.003672
3.003532
11.038369
3.002600
8.005750
3.003952
7.007442
3.003952
12.048006
7.026367
3.003652
67.004132
3.003832
3.005550
3.000928
25.042870
3.003852
8.004132
3.048980
7.009613
3.003832
8.002240
6.007402
3.002220
8.002380
3.003732
3.003952
3.046836
3.003852
2.025544
7.026945
3.003992
23.002300
3.003572
3.003812
3.035745
3.003792
16.004072
3.036799
3.006454
13.003672
3.032414
3.004112
3.041754
3.003672
13.004112
3.003952
3.003812
3.060061
3.004132
28.003992
3.021109
7.007062
3.003732
20.007522
3.003672
15.008535
3.003812
33.003572
3.000928
3.003952
3.033785
3.003972
16.002700
3.041042
3.003672
2.026454
3.003892
3.011239
3.003972
29.003992
16.003892
3.046817
3.004092
13.000928
3.003592
7.007642
3.003932
2.004112
7.006370
3.004052
3.013666
17.003632
3.033012
3.012270
38.003672
3.003672
3.003912
3.050722
3.002220
