2.076183
2.039615
2.028769
2.029017
2.034906
2.041879
2.034466
2.033113
2.028337
2.013669
2.039940
2.035138
2.030595
2.048120
72.020946
2.052104
2.048866
2.017598
9.031519
4.017560
5.042561
2.041058
2.040853
2.051950
2.037722
1.015098
9.023170
2.033686
2.025727
2.071692
2.043872
2.049812
2.056141
5.040583
2.059005
2.028691
2.046256
11.015998
4.015496
2.035118
1.034486
2.040407
11.022496
2.030155
9.072409
8.012223
2.025979
2.070986
2.043797
2.046090
2.028317
2.040666
2.031381
21.036038
2.043751
7.056281
2.049743
2.044589
2.045975
2.045329
2.027339
2.046235
2.044589
2.026512
2.045444
2.014615
2.073783
2.051204
2.048307
2.037843
7.042172
2.059423
2.035138
18.021748
2.034314
2.046535
2.035809
2.051930
16.021196
2.044704
11.023683
2.049852
2.041267
2.044883
2.043431
2.051970
2.047653
1.015038
20.011333
2.048231
2.056227
2.023043
2.031102
22.016514
2.072671
2.041598
2.037704
2.046081
2.025555
2.059285
2.040466
8.014117
2.041831
2.031642
6.007323
2.053642
3.033693
2.059403
2.034246
2.034911
2.047267
1.051644
2.055528
2.047707
2.055089
2.032720
7.022375
2.041919
2.019582
2.044072
2.039495
3.031801
2.062891
2.042773
2.013438
2.060391
11.029411
5.013397
2.046213
2.049885
2.023190
2.058645
2.027499
2.036862
2.058877
2.040481
2.043791
7.034797
2.068910
2.050352
2.032121
2.041432
16.024082
2.051425
12.014690
2.055763
2.053082
2.040994
2.034106
6.060544
4.017250
15.017800
2.043565
2.029949
2.012525
2.053842
1.025055
9.014758
23.009055
2.039535
2.030708
2.038762
1.035959
9.031553
2.043137
52.031296
2.047908
2.035544
2.042273
2.055481
1.014918
10.046283
2.056240
2.045489
2.048873
2.040101
6.032668
2.039355
7.041192
2.066578
2.048900
2.027007
2.048147
2.033573
2.057338
2.060936
2.029904
2.036910
1.041214
2.054141
7.036435
2.045289
2.040167
2.024838
2.054497
11.056725
2.048875
2.044755
2.057851
2.042039
6.050575
2.055701
2.036270
2.037270
2.038588
2.037330
2.042911
2.037690
2.043152
1.014146
29.022230
2.049459
12.045079
2.046981
2.047868
7.010161
2.042139
6.015578
20.020678
8.014158
5.047627
2.052196
2.039042
6.012731
2.046096
2.016799
2.043431
7.018966
2.047900
2.047739
2.035912
2.039355
6.027779
2.032214
11.030843
2.026805
12.020598
2.065707
2.039315
2.028901
2.040333
16.060940
2.027205
22.040446
2.047561
2.032754
2.033900
2.049186
7.013675
2.045216
2.032254
2.020286
2.038029
7.024687
2.047242
2.037623
2.030036
2.039235
6.015498
4.027087
2.059187
6.029957
31.009041
2.024615
2.039680
2.024547
2.028903
2.034266
2.018780
2.034646
5.021796
2.051550
4.009781
2.023802
2.028497
2.034746
2.049840
2.037410
2.037938
2.039320
2.022016
2.042539
2.029655
2.013737
2.029157
16.000928
14.018806
9.014297
2.044903
7.020464
2.046947
2.052150
2.016387
2.055780
11.014838
9.024222
2.043543
2.011353
2.073267
2.030090
2.011925
2.043531
36.057062
2.030070
7.024520
2.044669
2.038028
1.049066
11.008249
2.032944
2.048087
2.047661
2.025679
2.035637
2.041238
2.043431
2.030963
2.048340
12.031041
2.052742
2.059756
9.006457
2.017407
2.043237
1.041447
2.042645
21.021352
2.035238
6.029449
2.047587
11.022353
5.030222
2.042891
2.028872
6.017133
2.032754
2.029883
2.031947
1.015558
4.024743
4.015158
5.021424
2.059597
2.052515
2.028817
2.046127
12.031875
2.054309
2.055541
2.033567
2.053022
1.047255
2.034646
1.044963
2.030469
2.029317
2.065710
2.050578
2.034273
2.052762
6.018846
5.019145
2.067425
2.043184
2.030351
2.018772
16.016982
14.020898
2.027125
6.031916
2.039915
2.017986
2.054508
2.048860
2.028071
2.042279
1.027779
2.050218
2.030129
2.038262
2.051092
2.028971
2.052862
2.028891
2.061506
2.047694
2.028591
2.027025
2.015209
2.053550
2.038062
2.037096
2.051131
1.018534
11.023327
12.032728
2.049540
7.011833
2.035630
2.041018
2.028605
2.039981
7.028595
2.053874
2.043291
2.023754
2.042684
11.022051
2.045475
2.040014
2.046241
2.041739
2.043610
2.050138
2.016388
2.053462
2.046830
2.048581
2.051971
11.024163
9.021098
2.032594
1.033765
15.028195
2.050538
2.043017
2.038357
2.048719
2.011773
2.053096
2.047433
2.035857
2.042419
7.009681
2.065511
2.053156
2.033592
2.038622
1.043335
40.020738
2.037716
2.055889
2.038763
2.024187
6.053073
2.036091
7.033122
2.061230
2.037903
6.019584
2.043491
2.039402
2.038242
11.024428
2.051264
2.046181
2.050904
2.027051
2.011639
2.038082
12.048780
2.061733
2.048686
7.009341
2.057341
1.022983
2.037942
2.011293
2.040061
2.036831
8.006917
2.032806
2.039195
2.024755
2.040673
2.017954
2.042665
2.037291
2.032507
2.038143
2.004985
2.040572
2.048148
2.023686
2.049226
1.018162
5.012663
2.055935
2.041147
2.049137
2.036631
2.044990
2.071633
2.037769
2.008347
2.035404
12.025467
2.058304
2.032354
2.012199
2.034192
11.019426
2.047628
2.036635
2.066979
5.020484
5.035410
2.057833
2.055961
2.036770
2.046115
16.023402
2.049052
7.034300
2.063473
2.038961
2.027725
2.056738
7.030615
2.048991
2.031362
6.037501
2.052737
2.025048
2.039940
2.018654
2.044703
2.053928
2.037641
2.035832
7.033767
2.036156
2.026686
2.034019
2.030489
2.034252
2.068784
2.039195
2.017228
2.040287
31.025252
4.027319
2.042464
11.016570
4.048073
2.051824
1.026146
2.047367
37.017268
2.069896
2.046235
1.055122
2.040815
2.037867
2.051404
1.036904
2.039141
17.037370
2.061247
2.047115
6.046035
2.051196
2.031307
2.034738
6.014678
10.042730
2.063036
2.034266
2.035592
2.056047
1.023595
13.042310
2.040947
2.026427
2.036490
6.027086
2.050548
1.032110
4.015578
20.050991
2.062313
2.055812
2.016019
2.049260
2.025959
2.060669
2.052310
2.032313
2.033646
6.016216
15.033986
2.043683
2.056958
6.035206
2.050638
2.052030
2.047247
7.027265
2.039083
2.049180
2.036924
2.048225
3.037842
2.037135
2.045264
6.047828
2.052641
7.041492
2.049399
2.038323
2.041799
2.034226
1.024361
2.044923
2.042050
2.047481
2.039115
6.021516
2.043811
2.048354
2.031482
2.031507
2.073602
2.033574
2.033726
2.069930
2.036642
2.042446
2.053342
2.020866
2.032634
2.019938
2.051035
2.035058
2.020479
2.047128
2.049815
2.033246
2.048567
2.031501
2.050806
1.031601
2.044603
7.034798
2.061835
2.037822
2.046481
2.040352
7.031415
2.041846
2.062095
6.038338
2.044291
11.032794
2.061587
2.046928
2.045823
12.024952
2.040501
2.051884
2.038864
2.040893
6.029275
2.040427
2.034125
2.035610
2.034471
2.031047
2.040927
11.040603
2.028277
11.016900
18.009687
2.056287
2.042318
2.035418
2.012463
2.048887
2.034226
2.055562
2.035198
2.036569
2.063433
2.042299
2.029440
2.047008
16.024202
2.054609
2.013170
2.044583
2.030783
7.005010
2.039455
2.013624
2.050918
2.046175
2.020606
2.033646
1.024522
2.032134
6.028891
2.043151
6.026592
2.042079
2.014341
2.034552
2.057793
1.041712
2.049020
2.044171
2.053336
11.023341
5.042617
2.061461
2.038302
6.025872
2.035724
7.008674
2.039240
17.029935
2.062013
2.050139
7.051815
2.036810
7.032327
2.056069
2.042299
3.018766
2.046853
2.042851
3.011139
2.059691
2.033513
2.015109
2.047387
1.022411
2.024241
21.019024
20.021983
2.045534
2.030250
2.045992
2.038184
12.025327
2.042165
2.050185
3.020404
2.042353
2.037510
3.009161
2.088695
2.029077
2.007949
5.054075
2.051643
2.050453
2.023722
2.036630
6.006637
2.031962
5.026169
2.032933
3.017666
2.040221
2.044370
2.016390
14.028711
2.020544
7.025501
2.074461
2.037442
2.044088
2.034457
2.037862
2.093295
2.051624
2.018674
19.017754
10.016614
2.063199
2.055632
2.036904
2.030495
11.015898
10.029761
2.054242
2.039215
2.029591
2.051824
1.039988
2.055666
12.024287
2.056131
2.037782
2.033367
2.035439
16.015982
2.037070
7.032248
2.047307
2.040487
2.042266
2.031987
11.026567
2.057545
1.023090
2.064305
7.036710
2.050790
2.044724
2.041879
2.033766
1.025420
2.026553
7.041959
2.058757
2.052657
2.051704
2.043283
6.068306
2.036950
16.036196
2.046396
1.021375
5.030296
2.050072
2.031522
11.012789
