2.003070
2.110871
2.009181
2.006603
2.022848
2.046295
2.093855
86.010941
7.003692
6.022448
2.020260
6.044235
2.032659
2.009387
2.116613
2.083572
2.071258
2.007835
1.061856
14.045787
2.043729
6.037439
2.128424
2.057500
2.008101
2.032167
2.020465
2.139280
6.036345
2.028503
1.046125
9.017825
9.034232
2.110293
1.036277
9.015261
2.040268
2.038253
5.084367
2.018266
2.076202
1.041666
9.025406
2.010979
6.057452
2.050106
2.012045
2.048565
5.038620
2.034924
2.013378
2.127439
6.037449
2.094664
10.022428
7.010613
6.028449
2.133854
1.058326
2.093779
6.042383
2.142270
6.015823
9.005534
2.019098
1.047354
6.015495
2.027491
2.039800
2.003898
2.006543
5.041371
2.006823
6.006843
2.127910
6.035615
2.140434
6.024780
2.006443
2.006643
2.021722
12.031867
2.014275
2.152429
7.004662
2.032831
5.020477
2.013524
6.035689
2.057357
6.009835
2.086180
1.053724
11.014569
2.019298
2.083502
6.038254
2.090475
6.034579
2.049605
2.020844
2.007088
2.040877
2.164399
2.005571
6.011843
2.023046
2.076114
2.076182
7.040391
2.070979
2.137266
7.004562
2.010007
6.056095
2.008541
10.047219
2.040192
2.043933
2.149543
2.044020
8.019086
2.142381
2.070806
2.151661
2.123929
6.042187
2.010013
6.058401
2.094437
2.044550
2.006843
7.037561
2.030567
2.020610
6.039977
2.128923
6.029222
2.058663
7.004302
2.015950
7.012631
2.041855
2.120855
11.008160
2.150817
2.050689
2.082516
5.038894
2.029537
6.017706
2.131389
1.043859
14.027598
2.008241
1.050116
6.041345
2.037294
2.012277
6.012757
2.155346
11.019584
2.136568
6.012206
2.124834
2.000928
2.149088
15.006854
2.059102
6.009753
2.068260
2.017934
2.016573
5.036627
2.014656
1.050433
6.092307
2.180985
2.078118
2.080022
2.112649
10.049221
2.030465
2.074911
2.029993
5.042029
2.121536
1.057297
9.045237
2.066097
2.021326
2.009613
7.000928
2.016445
2.168034
6.032955
4.007009
2.086964
1.043554
11.029408
2.071145
2.024508
2.028691
2.060614
2.007057
2.108192
2.147563
6.021936
2.017600
2.060579
2.007755
5.030811
2.042245
1.039065
6.042179
2.105037
2.065410
6.006343
2.015261
7.004442
2.008115
6.034579
8.013111
2.171853
1.056384
2.099732
5.047406
2.151015
6.012643
2.013530
6.018466
2.102853
6.035085
2.009187
6.008895
2.062427
6.008322
2.104891
6.030277
2.126213
2.016539
2.124634
7.045035
2.028537
2.013004
6.039287
2.013569
2.006223
2.053848
2.032619
7.002220
2.055584
3.038107
2.139942
6.036831
2.011325
2.018678
6.029562
2.039478
6.011271
2.077482
2.049650
2.042759
3.018194
1.033954
9.005670
2.012497
6.009468
2.037908
6.017920
2.120436
2.013484
2.045569
5.038395
2.014955
6.039797
2.168924
6.015215
2.044639
2.081692
2.078442
2.043062
2.016288
4.025740
2.015315
2.020904
2.135904
2.010559
2.173246
2.141195
1.040108
12.022318
6.006534
2.012869
2.042372
2.021010
5.008601
2.006343
6.043446
2.125330
6.026672
2.037395
2.018451
2.086273
2.006709
2.079376
2.016828
1.041695
15.020592
2.008615
10.039081
2.106841
2.008027
2.015255
5.012071
2.004871
2.014962
2.138077
5.006883
2.053862
1.063704
14.039367
2.055700
6.034274
2.011165
6.005530
2.098375
7.004202
2.078882
5.034853
11.011379
2.030919
2.079491
1.049937
9.012991
2.020490
6.019532
2.135865
6.037165
2.146616
2.041305
2.009507
11.020358
13.009307
2.015241
6.028170
2.012523
2.022378
2.013363
5.008026
2.015002
6.046334
2.005471
6.045720
2.005391
2.004178
2.041832
10.036038
2.005671
11.034084
2.010559
6.014495
2.027085
2.006557
2.033505
7.016233
2.177084
2.013749
1.042469
5.049585
2.019452
5.008660
2.087799
1.035658
6.011259
5.006637
2.040500
2.007821
7.042730
2.174462
2.144033
6.002220
2.000928
6.033343
2.127591
6.024160
2.015302
6.043154
2.062086
1.033380
2.145170
6.044119
2.013404
2.033373
2.005931
5.054356
2.025973
1.047047
11.006857
2.030330
2.066930
2.039635
2.017014
5.033601
2.119177
6.006303
2.142608
2.007955
2.030967
10.006843
9.008225
2.016468
6.025992
9.024338
2.015015
6.032067
2.028389
6.025308
2.044329
2.048173
2.008235
10.010393
2.124181
2.046160
2.130188
2.049544
2.029183
2.088399
2.019269
2.144657
3.040712
6.011689
2.042446
6.012577
2.101940
6.005462
2.010053
21.013225
2.103999
6.040308
2.046634
6.018306
2.042259
6.018465
2.136392
2.015255
2.024321
2.041159
2.057382
2.007063
6.007028
2.010359
2.026408
2.080590
5.035904
2.134234
6.024294
2.154897
6.023908
2.009633
11.036723
2.006463
6.024900
2.045660
6.009633
2.006603
6.012091
2.074370
2.040927
2.020750
2.013977
2.024772
2.099071
2.085092
2.070645
1.023542
8.010519
2.083937
2.014976
2.139768
5.028537
2.136624
2.017380
2.133560
2.022957
2.049049
2.021668
6.039624
2.094520
6.013051
2.009687
6.019360
2.013623
6.043662
2.005631
2.023129
2.045709
8.007077
6.016573
2.023495
6.006050
2.098166
2.045015
2.109789
6.040787
8.008261
2.134548
2.017900
2.147738
12.022762
2.056661
2.143933
2.077456
2.026272
2.013570
2.023474
2.144486
6.007140
2.008275
3.031603
2.125363
2.103964
6.002220
2.059920
2.069493
2.023595
5.037256
2.038748
6.006390
2.020530
2.046669
2.009367
2.106054
2.087333
2.057852
6.017120
2.085546
6.024806
2.011125
6.035845
2.121328
6.043013
2.093587
6.037387
2.095012
6.010247
2.009187
6.013683
2.017510
6.011085
2.133506
6.047784
2.017220
1.042511
9.013529
2.136876
6.028108
2.005511
1.052877
9.011831
2.020430
2.100684
2.126051
15.016719
2.148824
6.015013
2.057006
6.013883
2.058633
6.005490
2.100225
6.019918
2.024233
6.003918
2.135503
3.067751
2.075076
2.143837
6.048940
2.012551
6.047931
2.044189
6.020142
2.142835
1.036251
9.041252
11.047301
2.155565
2.043456
6.034151
2.006809
6.009162
2.009767
6.036023
2.026457
6.005382
2.143677
6.014361
2.027411
6.004738
2.114507
2.035165
2.048273
12.023022
2.182579
2.088694
6.013084
2.023420
6.009467
2.130445
7.004262
2.063811
2.018392
2.171239
2.031895
2.014893
2.017966
3.008875
6.031023
2.163823
6.011579
2.130811
6.039357
2.021112
1.035704
2.010705
2.021032
2.127369
7.017780
2.182279
2.025272
2.013678
2.030290
2.079427
2.054036
2.015694
6.006963
2.021868
2.031875
2.161794
5.039329
2.112536
6.013105
2.124533
6.039513
2.029137
6.021278
2.081508
1.041441
9.018819
2.010705
6.037908
2.041804
8.001802
3.029741
8.049989
2.146623
6.059373
2.036756
1.036705
9.042561
2.092438
6.039705
2.159590
6.031674
2.113189
1.045310
7.017834
6.008575
2.083693
6.057046
2.038794
6.007374
2.005071
6.008368
2.068621
1.061715
9.013803
4.031940
2.054472
6.036206
2.014816
6.006494
2.008387
2.121171
2.093194
5.027792
2.057444
2.013343
2.036003
5.042127
2.012878
7.011100
2.128660
10.036099
2.099208
6.005330
2.010759
2.099803
2.043699
15.028716
2.124774
6.004184
4.007428
2.136405
2.039248
2.147226
12.020604
2.039734
2.075661
6.034115
2.012357
6.005156
2.012191
6.040378
2.165748
6.009667
2.074424
6.024663
6.036586
2.164739
2.064741
11.005470
2.040588
2.022310
2.087430
2.094301
2.126493
2.040902
1.045130
11.031713
2.024755
2.006683
1.047520
2.077946
2.069214
2.017620
10.027898
2.100147
6.017545
2.005571
2.017814
