2.036691
2.063169
2.019448
2.037736
12.005025
2.023395
2.060819
2.012200
2.028611
3.008389
7.011114
2.053047
3.009169
3.000928
2.023240
2.013904
2.017842
2.050446
11.004332
2.014275
22.011934
2.083438
2.047762
2.016502
2.052197
3.024060
2.003992
2.079093
2.009526
2.067772
2.019345
2.016442
2.026853
7.022916
14.036564
2.043239
2.076898
2.021430
2.022388
3.013266
7.003692
2.059347
2.022037
2.037787
2.067592
12.009987
2.027204
2.026059
2.086463
2.070427
2.028998
2.058774
2.022716
9.024127
2.036332
2.029663
7.003692
2.056840
3.012406
2.023929
2.029829
2.012506
2.086976
2.045210
3.015110
2.095927
2.068690
2.017777
2.069932
16.026627
2.023781
1.030624
5.035772
2.072785
2.049901
7.008449
2.020444
10.012119
12.029231
2.011489
9.005244
2.029250
12.019892
2.072754
2.021525
2.037990
2.066510
3.010574
3.024308
2.090862
2.049513
2.026038
2.030600
7.022896
10.013526
2.014538
2.073327
31.010531
2.012131
12.029671
2.035432
2.019232
2.036774
2.056021
6.021604
5.026580
2.046814
2.019724
7.019969
2.027064
7.014936
2.040652
2.024280
3.023774
2.039968
2.076521
16.023783
2.016794
7.002800
2.021584
2.021922
2.066829
2.018790
8.003006
2.041031
2.029505
9.012123
3.024608
2.096046
2.048999
2.042083
2.057805
16.006737
2.043979
7.025540
2.028916
2.023315
3.000928
2.083302
2.034911
3.000928
2.068749
2.022010
2.005510
2.057554
3.014904
2.030733
2.019898
2.032396
2.034568
2.023217
7.002320
2.069511
2.022935
2.043099
2.056816
9.009621
2.008829
2.019578
1.021970
5.022616
2.082238
2.051003
2.026176
2.021236
2.022356
4.033555
2.043651
2.072698
3.000928
2.079766
2.021204
2.004292
2.048187
2.024575
4.024462
9.011573
4.064314
5.012966
8.015792
2.046976
2.064331
3.016850
2.041943
2.030015
2.043354
4.012846
2.080685
2.044757
7.009461
2.072150
3.013766
17.005570
2.067624
7.037145
2.022437
2.020896
2.019886
2.036117
13.011073
13.033632
2.083676
2.042538
11.018213
2.024534
2.051795
2.016708
3.012826
2.019434
2.047307
2.014198
2.049711
2.069560
2.043604
2.061596
2.035492
2.094062
2.070240
3.022956
2.037304
2.040266
2.044482
2.059300
7.034926
2.057742
2.021410
2.041597
2.063900
2.023028
8.021538
19.005404
2.029281
12.018942
10.005330
4.019046
3.020970
15.010041
2.020697
2.038956
3.008449
3.028877
2.031745
2.023868
7.005584
2.025381
32.030064
4.018068
2.041027
2.046734
2.020970
2.061207
2.023799
2.036791
2.059357
2.005490
2.073631
7.009881
2.037018
2.030289
3.000928
2.034146
2.031167
2.026490
2.072266
3.013006
3.000928
2.076857
2.056460
3.000928
2.070835
2.016713
2.049088
2.025601
6.023331
11.013026
3.024948
2.093447
2.056250
2.034589
2.041752
2.024780
2.036538
2.066470
7.012231
2.036956
2.020884
2.036026
2.068292
7.003592
2.045077
8.012706
7.022004
2.071470
3.012586
3.000928
2.083726
2.057649
6.028593
2.059372
3.000928
2.045614
2.031502
2.021392
2.019350
7.036837
2.058131
2.047861
2.019632
2.021777
12.014728
2.036536
2.078766
3.010459
2.040728
2.061036
2.023818
2.030801
17.017208
2.083675
2.024675
2.036454
2.054231
7.024214
2.092902
2.055688
3.024508
2.037149
2.056964
3.020550
2.086049
2.065744
3.015850
2.041500
2.019492
7.005564
2.060555
3.029065
3.000928
2.077830
2.036788
2.023849
2.023108
11.015101
6.016186
2.025310
2.022350
2.022836
4.016994
2.040488
2.071972
3.000928
2.055788
2.042014
3.024708
2.085805
2.019427
3.021144
2.077036
2.015308
2.012925
2.076312
16.007177
9.005744
2.038768
12.017254
2.049885
2.026630
2.027620
2.029149
13.007989
6.005730
2.027133
2.015810
2.022588
8.019347
3.022436
2.057135
2.020970
3.015875
2.036744
2.061284
7.006936
2.069461
7.027805
2.047296
2.032056
7.025067
2.069802
13.013466
2.028152
2.089403
2.024194
4.012666
2.011314
2.068489
2.024727
2.045024
2.020785
4.016882
3.024668
2.084304
2.018932
6.011259
2.063686
2.032176
2.021462
3.012306
8.000928
2.043216
2.070480
2.002820
2.068964
2.022112
2.096584
2.064398
2.055148
2.044833
3.013066
3.000928
2.030925
2.018972
8.019416
2.041658
2.065519
2.055524
2.035351
3.011986
2.046881
2.034763
3.013644
2.028277
2.025816
2.022476
2.046418
2.070412
3.000928
2.043926
2.035781
3.020804
2.073856
2.060930
2.024588
2.015788
2.027077
2.066952
2.056633
3.000928
2.092825
2.017288
2.009547
2.063319
2.040866
2.084782
2.063112
3.024374
2.039981
2.050078
2.014978
2.026818
2.048795
3.002850
4.004532
2.018412
1.026026
6.012526
7.015870
2.064966
3.013326
6.024554
2.065672
3.000928
2.047141
2.059990
3.014178
2.087504
2.019232
2.014118
2.017934
2.022397
2.069144
2.021341
8.016442
2.096759
2.064878
7.004092
2.041967
2.042240
2.049607
2.038062
7.003672
2.084495
16.009359
11.010934
2.013652
2.058334
5.012497
5.044369
2.026431
2.031441
4.036046
4.033361
9.014264
13.003872
2.060028
11.020880
9.012571
2.056607
3.014968
2.021078
2.058137
3.013146
12.012143
2.020366
8.017390
3.002586
2.094088
2.059821
2.016416
2.078778
8.012686
3.016110
2.074523
2.068199
3.000928
2.090037
2.047595
3.000928
2.032442
2.070652
3.016250
2.033364
2.036890
2.022310
2.071268
6.003732
2.055227
13.018898
8.000928
2.075949
2.072034
11.020024
12.009321
8.013165
2.042941
2.064040
8.015510
2.038936
2.066605
7.023928
2.028104
13.012346
3.015356
2.050386
2.076243
2.040749
2.020152
12.002506
2.039810
2.028107
8.008129
2.042925
2.061610
2.023906
2.033542
3.045224
3.000928
2.031034
2.023354
7.002560
2.056056
6.003852
2.029731
2.019858
2.036324
2.070722
3.000928
2.097541
2.069480
2.065735
2.072518
17.042245
2.050831
2.019785
3.000928
2.038762
2.017526
7.009893
2.060333
6.017427
2.020338
8.011986
2.053091
2.030235
5.027538
16.009341
2.033420
2.051479
2.038275
2.061203
3.012186
6.030603
2.039828
2.022226
2.040002
5.018480
2.063586
3.000928
2.036961
2.068823
3.000928
2.030573
2.041516
2.016374
2.078982
12.003872
2.035936
2.022102
4.003892
3.003812
2.033233
2.062914
3.003792
2.094610
2.066784
8.003572
2.039248
6.019172
2.043205
2.017592
9.000928
4.003652
2.019932
2.026719
3.007749
7.005345
2.076138
8.022056
7.019694
2.051007
2.021954
4.025914
2.025507
2.024303
4.010452
3.020630
2.097673
2.026964
14.012906
2.026819
2.030893
3.010101
3.014078
2.038420
2.037941
3.000928
2.087250
2.069898
2.021479
2.054289
6.026343
9.016747
5.062147
5.018379
8.019093
2.085113
2.063714
2.020486
2.043445
8.013426
3.000928
2.042765
2.041500
3.014189
2.038516
2.022094
2.011699
2.028051
7.024243
2.086220
2.065050
8.013728
2.053176
2.059234
2.016282
2.023129
7.041812
2.029618
2.042590
2.018274
2.022868
2.023296
10.012706
3.015550
2.033815
2.063265
2.021339
2.015321
7.003884
2.074009
2.029222
7.008409
2.073151
2.013538
2.051285
2.019160
2.027728
2.024841
2.078278
2.090127
2.048292
3.000928
2.036497
2.049714
7.003632
2.026753
1.020324
2.068574
7.017994
4.017708
2.089215
2.045608
3.000928
2.037761
2.052398
8.003154
2.030313
2.048816
2.020410
2.069628
12.012133
2.068583
2.013924
7.023107
2.073944
13.014376
6.009427
2.023215
6.016916
2.061962
3.014158
2.066693
2.014330
3.000928
2.078102
2.061460
7.003692
2.048004
5.006803
2.050747
2.030874
2.016314
11.002366
2.074700
3.012826
2.030023
2.077608
2.029271
2.097274
2.058944
6.022783
2.060829
2.016156
2.055314
3.012388
2.017456
2.018506
16.003632
2.039368
2.024109
2.029689
2.050914
2.046898
2.061043
3.012526
3.000928
2.045539
2.062546
2.020726
2.023421
11.014026
2.081784
3.013186
6.016974
4.018500
2.016748
2.022637
14.018360
2.087213
2.030251
7.017736
2.019618
2.022316
17.018380
2.037660
2.021059
2.029837
7.039303
2.069120
2.054764
3.000928
2.104678
2.019799
2.039265
2.061426
12.009501
2.055288
2.033474
3.027174
2.089610
2.050329
7.005344
2.062638
3.012686
12.013877
2.015642
7.039429
2.039722
2.026933
3.016070
2.092807
2.033407
2.029037
2.061623
3.024601
12.006997
2.036204
2.044020
2.047260
2.064077
7.003832
2.023750
2.022214
2.052243
2.070744
7.006837
2.023258
2.026068
8.036987
2.053067
12.032136
2.083376
2.016242
3.014552
2.029889
2.057886
8.016310
2.070582
2.071394
2.031756
2.031201
2.024795
2.078591
2.018346
2.025909
2.019052
7.014198
19.053906
2.094222
2.072198
2.058693
2.061749
15.017364
2.052954
2.023416
2.065894
12.024786
5.013106
3.023588
2.033279
2.078351
2.026225
2.022057
18.014788
3.000928
2.091697
2.025348
2.036203
2.069406
2.015256
2.061173
2.067923
2.020860
2.034824
7.024102
2.034799
2.074317
7.004032
2.067148
26.008775
10.012728
2.051066
2.067626
7.003612
2.062384
2.016434
2.038428
2.059328
8.017932
2.059017
2.064610
7.008469
2.070202
2.029517
4.015801
2.022282
2.023668
6.033661
5.023987
2.033704
2.064964
2.023058
2.073692
3.012586
7.009821
2.047533
2.023166
2.031601
2.047809
3.025308
2.027784
2.020013
2.027499
2.019252
1.023626
6.013366
3.016988
2.052647
2.036850
7.007257
2.015722
11.014575
2.059264
3.014968
2.032217
2.054481
3.011654
2.043013
2.020022
3.013266
12.003652
2.033127
8.012506
7.017304
2.053870
2.017894
2.049610
2.017800
2.022412
2.057397
2.070991
3.026919
2.068551
2.039922
2.045417
2.029471
3.023328
2.045459
2.038011
12.008289
2.056753
3.000928
7.004864
2.018386
13.015766
3.024468
2.084947
2.040436
2.014458
2.053250
23.014746
12.008329
2.062287
3.022922
3.012325
2.075910
2.035572
3.000928
2.080840
2.056592
2.006982
2.027437
2.036292
2.091399
14.009887
2.028717
2.024616
2.073125
3.000928
6.022710
2.024840
3.017234
2.047593
2.016081
3.013285
2.084101
2.035029
2.016554
4.008109
2.035008
10.024110
7.013166
2.026296
2.080169
3.022750
2.033240
2.018200
2.017274
2.050933
2.058148
2.020326
2.029051
3.014898
2.017140
2.018605
2.023662
2.047839
2.067932
7.010961
2.028057
11.017094
2.063011
11.012105
2.069930
8.005791
4.012888
2.018734
2.018340
12.016042
2.038846
2.060380
2.025294
2.036783
22.046883
2.090288
2.060824
2.018340
2.023136
7.054107
2.100381
2.016688
2.034551
2.067544
2.019479
2.035831
2.067157
3.024228
2.055096
2.069576
2.043439
2.067114
2.012137
2.067333
2.020536
12.003364
2.058786
7.004118
2.050439
2.061744
3.000928
2.070073
2.035871
2.010147
2.068518
12.016048
2.057474
2.019252
3.024888
2.040516
2.029585
2.026755
2.025112
3.010147
3.000928
2.078432
2.024315
7.003812
2.055900
13.011386
3.023808
2.035652
2.060612
2.041265
2.058203
22.015164
2.049918
2.061788
7.019109
2.022388
2.023542
2.093530
2.017752
3.016050
2.063421
5.003552
2.053256
12.022237
4.014443
13.014377
2.046477
11.009023
2.014396
7.019512
2.050244
2.062888
2.056998
2.043664
2.024881
2.076067
2.023248
3.015170
2.053836
2.022408
2.027169
2.063926
22.035527
2.086461
2.051590
3.025028
2.090591
2.027865
6.004344
2.063559
8.016450
2.044210
2.054515
2.035109
2.061963
7.009807
2.038393
12.022756
3.000928
2.030155
2.032087
2.025152
2.058723
7.021844
5.012866
7.027403
2.065668
2.019159
2.046003
2.053325
2.052413
2.027923
17.013297
4.033712
2.029276
2.021657
3.015530
2.090812
2.029809
11.026521
2.022522
2.017968
26.012906
7.010899
2.025872
12.041019
2.045069
2.025507
12.010733
2.026285
2.002446
2.031015
2.078123
2.025523
2.032090
11.019826
15.074105
9.015276
2.069889
2.034718
2.067925
2.057952
12.036092
2.035590
2.045743
8.015590
2.081830
2.052444
3.000928
2.035558
6.024383
4.047201
2.043219
2.020896
2.028352
2.022024
12.014323
2.033511
2.080775
6.020272
2.019344
2.015956
2.058248
2.024841
2.052512
2.067232
2.040964
2.025873
3.013287
6.006762
2.021684
3.023536
2.054069
2.017388
2.022034
2.015196
