3.011201
3.015748
3.009521
3.026055
4.008489
4.008889
3.012379
3.008349
3.028131
3.011573
3.000928
62.007227
3.020698
4.036259
4.027393
4.022040
4.006671
4.011959
4.033523
4.032692
4.013711
4.005791
4.010373
4.021735
4.031263
4.017009
4.006603
4.038280
4.013575
4.037025
4.012471
4.015335
4.016456
4.022930
4.014083
4.005050
4.018878
4.007549
4.046295
4.031673
4.030404
4.017463
4.008299
4.005370
4.043833
4.032595
4.007249
4.007163
4.005870
4.011171
4.014647
4.017394
4.005150
4.015869
4.006843
4.005556
4.005211
4.012083
4.009366
4.011353
4.007148
4.038050
4.012137
4.025626
4.009209
4.010273
4.027014
4.007711
4.015562
4.013906
4.032055
4.012191
4.021430
4.007363
4.006723
4.005770
4.008535
4.028092
4.018752
4.008435
4.008707
4.011833
4.011159
4.012777
4.042306
5.004223
3.014459
4.024729
4.017753
4.004837
4.047381
4.012391
4.023387
4.005270
4.035093
4.035211
4.021571
4.036307
4.005130
4.010791
4.021936
4.006703
4.015411
4.013585
4.010227
4.028584
4.014907
4.032808
4.015088
4.020044
5.004363
3.034736
4.039117
4.006436
4.050964
4.006091
4.012957
4.037952
4.005971
4.007103
4.024126
4.006010
4.007389
4.010373
4.027925
4.009947
4.010067
4.013225
4.014471
4.008221
4.010425
4.035841
4.008241
4.015367
4.010567
5.004383
3.037820
4.017574
4.002220
4.022098
4.008483
4.005670
4.020332
4.009328
4.036867
4.026779
4.009873
4.033093
4.012403
4.034441
4.019978
4.006817
4.008575
4.007129
4.005651
4.010021
4.016001
4.006889
4.010601
4.005471
4.014190
4.014511
6.015955
7.011605
4.029245
4.008741
4.005610
4.010327
4.006894
4.009447
4.005630
4.011244
4.016549
4.020551
4.009673
4.031191
4.046365
4.042599
4.055603
4.038633
4.007769
4.008555
4.021250
4.015496
4.008127
4.021690
4.013845
4.041979
4.023636
4.005210
4.023850
4.005132
4.050041
4.007009
4.015042
4.033973
4.032471
4.029132
4.033753
4.011725
4.006663
4.025666
4.031102
4.005490
4.012891
4.012337
4.019668
4.008521
4.011001
4.012099
4.033808
4.036859
4.016537
4.042729
4.044687
4.039891
4.008761
4.023220
4.005770
4.023908
4.006010
4.023123
4.055221
4.007343
4.014849
4.033761
4.007648
4.028049
4.008475
4.032476
4.028702
4.020878
4.018381
4.017664
4.006983
4.005830
4.029333
3.009601
17.012413
7.050747
4.031083
4.014917
4.025550
4.014855
4.005590
4.010679
4.036539
4.010007
4.010173
4.037182
4.030526
4.005956
4.014861
4.019798
4.017055
4.011065
4.003798
4.009519
4.023302
4.005430
4.008601
4.007022
4.009175
4.009527
4.033733
4.012803
4.022464
4.011239
4.041279
4.014161
4.045749
4.023062
4.007343
4.031915
4.020866
4.016968
4.023064
4.012811
4.008395
4.040956
4.007669
4.010485
4.010781
4.015657
4.041719
4.026619
4.015735
4.007503
4.015210
4.006611
4.008681
4.005642
4.038963
4.018438
4.014439
4.008495
4.007249
4.009181
4.009813
4.009839
4.024228
4.026009
4.008395
5.012461
3.032518
4.004078
4.032464
4.007989
3.006977
2.021938
7.009641
4.006091
4.006929
4.023752
4.026182
4.036799
4.014415
4.008655
4.045451
4.013099
4.010919
4.015861
4.005817
4.005251
4.015831
4.032223
4.009367
4.011761
5.009241
3.008708
4.016993
4.015062
4.005136
4.007403
4.025812
4.008815
4.009433
4.007589
4.009641
4.005925
4.034763
4.012699
4.017553
4.011813
4.005357
4.027539
4.010707
4.018280
4.006869
4.005282
4.033126
4.033583
4.014310
5.010361
3.008467
4.019683
4.005991
4.014009
4.027620
4.016395
4.041891
4.007023
4.036115
4.006150
4.014421
4.005070
4.011051
4.020890
4.006069
4.010599
4.038435
4.012031
4.031749
4.014258
4.006723
4.011985
4.012773
4.046755
5.010661
3.048153
4.020985
7.063200
16.016354
4.009565
4.011851
4.022338
4.011559
4.041726
4.005310
4.040127
4.024450
4.020327
4.007789
4.025133
4.033987
4.027319
4.010155
4.025615
4.035574
4.008729
5.011041
3.027133
4.015001
4.007309
4.008033
4.037596
4.015416
4.015856
4.029259
4.025669
4.005510
4.009808
4.014616
4.013949
4.012945
4.023620
4.046301
4.024634
4.014057
4.035589
4.035253
4.015807
4.024028
4.031321
4.008129
4.044175
4.051698
4.008235
4.038826
4.007767
4.008171
4.016203
4.013463
4.012797
4.015142
4.006923
4.008487
4.010905
4.005410
4.007388
4.008889
4.006874
4.023002
4.039039
4.036160
4.007629
4.046721
4.028802
7.009561
2.091610
20.008909
7.008541
4.014555
4.009833
4.005750
4.038230
4.041509
4.039697
4.007069
4.009235
4.014788
4.014061
4.035155
4.014219
4.019676
4.007863
4.024841
4.015553
4.008761
4.008675
4.031887
4.022782
4.018158
4.006189
4.025398
4.005771
4.009727
4.023216
4.008775
4.033612
4.038452
4.008135
4.016169
4.016276
4.010159
4.012279
4.008521
4.045114
4.012297
4.010239
4.005551
22.020902
4.009701
6.015057
14.019058
4.038581
4.057234
4.042001
4.005776
4.007589
4.008221
4.013435
4.039155
4.008114
4.031314
4.012798
4.010533
4.036335
4.010333
4.014610
4.051157
4.018225
4.047725
4.008501
4.028917
4.023257
4.024993
4.031896
4.020155
4.007163
4.013269
4.007769
4.028769
4.006523
4.023488
4.013823
4.038501
4.012107
4.037294
4.005891
4.007083
4.018201
4.015303
4.004990
4.037055
4.013695
4.008135
4.025965
4.008929
4.009907
4.020758
4.040617
4.008857
4.015236
4.006909
4.032014
4.007089
4.042354
4.042901
4.044187
4.028414
4.005222
4.012799
4.005851
4.017214
4.052695
4.009195
4.013803
4.009527
4.007449
4.006429
4.037131
4.018376
4.032959
4.016395
4.012229
4.013617
4.024164
4.026658
4.034655
4.034255
4.010227
4.015085
4.005870
4.008555
4.008935
4.008903
4.040239
4.007363
4.032591
4.048037
4.036517
4.025280
4.042387
4.008361
4.021170
4.022121
4.016958
4.014691
4.007049
4.021437
4.010081
4.007769
4.008255
4.030861
4.005850
4.022868
4.007223
4.006523
4.033657
4.012185
4.013665
4.029937
4.009933
4.007243
4.035360
4.042909
4.005277
4.043733
4.035461
4.010121
4.032295
4.013653
4.030329
4.028936
4.007469
4.009407
4.033915
4.026165
4.040809
4.034224
4.007594
4.030973
4.026872
4.009687
4.005065
4.022136
4.007289
4.008528
4.009241
4.017571
4.011139
4.009167
4.048916
4.010599
4.021026
4.005162
4.009447
4.008167
4.030527
4.009055
4.007049
4.050362
4.006029
4.013810
4.029733
4.005390
4.011019
4.008201
4.008073
4.043579
4.011707
4.006551
4.030904
4.015789
4.010753
4.041772
4.015975
4.031663
4.013305
9.007857
4.008847
4.006010
4.007295
4.012231
4.005771
4.014407
4.019392
4.012531
4.012139
4.005370
4.014437
4.019086
4.008221
4.005670
4.007149
4.011145
4.008555
4.009605
4.049801
4.005530
4.021905
4.032957
5.011041
3.009641
4.005571
4.012751
4.028634
4.032111
4.005682
4.007709
4.049803
4.013517
4.007989
4.027272
4.007489
4.026132
4.042046
4.015762
4.010652
4.011133
4.021718
4.015647
4.012245
4.038180
4.012079
4.006783
4.013507
5.007241
3.041662
4.028115
4.020540
4.014449
4.005670
4.017083
4.012871
4.005271
4.007734
4.036190
4.020951
4.032665
4.005630
4.025972
4.032593
4.029491
4.005922
4.038616
4.033300
4.007395
4.011357
4.009069
4.007443
4.010831
5.006981
3.020683
4.014055
4.012789
4.009847
4.040572
4.023122
4.006929
4.007969
4.006031
4.034387
4.007016
4.012279
4.017725
4.007463
4.025252
4.036776
4.045843
4.013053
4.007003
4.006769
4.021270
4.044378
4.007623
4.007383
5.012661
3.017004
4.010427
4.028188
4.041571
4.035987
4.035923
4.018906
4.018652
4.012991
4.020126
4.007203
4.009833
4.009387
4.009853
4.007723
4.010387
4.017307
4.012411
4.009453
4.007208
4.013598
4.029642
4.033689
4.006575
5.006601
3.035155
4.036427
4.023322
4.013135
4.005751
4.025940
4.016224
4.023528
4.005751
4.036522
4.029012
4.010313
4.024175
4.009761
4.021138
4.018701
4.007809
4.030196
4.056208
4.047269
4.015699
4.009867
4.015799
4.053933
6.013641
7.032657
4.008049
4.011517
4.038983
4.043068
4.009593
4.007549
4.029077
4.012354
4.023742
4.016787
4.021271
4.035307
4.015735
4.021104
4.005756
4.017328
4.007063
4.011999
4.019443
4.005610
4.050805
4.012691
5.011661
3.008927
4.010299
3.014603
2.054493
7.008521
4.008869
4.049833
4.042205
4.027520
4.040766
4.014511
4.027365
4.020956
4.007343
4.009581
4.034025
4.040172
4.033994
4.016467
4.030310
4.025252
4.010547
4.008609
4.011461
4.056785
4.005071
4.009013
4.011061
4.015289
4.005931
4.011451
4.008173
4.009207
4.025598
4.005717
4.017635
4.036353
4.025418
4.011465
4.014994
4.006110
4.020360
4.036985
4.030808
4.007975
4.030617
4.008615
4.005611
4.010341
4.019770
4.031799
4.012537
4.017215
4.009101
4.054512
4.020232
4.035192
4.021103
4.011919
4.008301
4.005942
4.007409
4.021262
4.009847
4.011391
4.011783
4.011373
4.007683
4.009135
7.012243
7.007849
3.014703
5.004583
3.024463
4.010925
4.005570
4.029996
4.005571
4.022882
4.007588
4.025886
4.015489
4.044610
4.047326
4.049660
4.018806
4.007289
4.018394
4.007403
4.006655
4.026420
4.009721
4.015169
4.012457
4.007043
4.017682
4.041863
6.004423
