5.000928
9.000928
12.003912
5.000928
14.000928
7.014669
5.000928
13.005596
4.017021
4.017243
9.005356
9.014333
9.017369
9.013073
9.008474
5.000928
9.000928
8.010980
5.000928
4.000928
4.000928
9.000928
33.006242
9.005010
4.009587
4.014952
9.005964
4.013019
4.011419
9.006010
5.000928
9.000928
8.020178
5.000928
5.000928
5.000928
5.000928
10.010333
9.022291
9.005190
5.000928
9.000928
5.003030
9.000928
5.000928
28.000928
7.005350
9.009921
5.000928
9.000928
9.000928
5.000928
7.017233
9.005910
5.004342
5.000928
59.000928
5.000928
6.008975
9.006868
9.010633
9.009188
5.000928
10.000928
10.000928
14.000928
14.000928
29.000928
18.000928
7.006030
9.009420
5.000928
5.004162
5.000928
8.000928
5.000928
13.000928
7.007083
9.013318
9.014803
9.008301
5.000928
5.000928
7.007463
5.000928
8.009759
5.000928
10.000928
15.000928
8.003952
7.028208
4.013018
9.006748
9.005902
5.000928
5.000928
9.000928
7.025277
9.005990
5.000928
8.017560
9.022162
5.000928
5.000928
7.005910
9.005910
9.009686
9.015958
4.016776
9.007782
9.018828
9.005650
9.009987
5.000928
18.017249
4.016125
4.017535
5.000928
5.000928
9.000928
7.006862
5.000928
23.007342
4.014605
5.000928
9.000928
18.013225
9.008182
5.002866
38.005750
9.012097
9.005390
9.014278
9.015377
5.000928
28.009347
9.014011
9.007288
5.000928
8.007346
9.007860
9.005570
9.014921
4.014903
9.015761
9.013478
4.011799
4.030184
5.000928
13.011447
4.016151
5.000928
5.000928
17.005410
5.000928
18.012351
5.000928
5.000928
9.000928
24.000928
9.000928
5.000928
13.000928
7.006883
5.000928
13.007202
4.013691
9.005690
5.000928
18.006708
5.000928
13.010020
5.000928
5.000928
5.000928
13.000928
7.009979
9.013358
9.010053
9.008660
9.007562
5.000928
9.000928
14.000928
18.011405
9.005350
9.011165
4.015387
5.000928
13.017953
9.011119
9.011945
4.016129
9.007028
9.011079
5.000928
8.007422
9.006236
4.014977
5.000928
13.014043
5.002686
4.000928
9.000928
23.012935
5.000928
5.000928
5.000928
5.000928
4.000928
4.000928
5.003838
9.011212
9.005930
9.007502
5.000928
9.002766
6.000928
5.000928
5.004458
4.015445
5.000928
8.007582
4.015065
5.000928
14.000928
5.000928
5.000928
14.000928
5.000928
18.008290
12.005910
8.011629
9.006030
9.007602
5.000928
5.000928
5.000928
24.000928
5.000928
3.000928
5.000928
5.007322
5.000928
5.000928
7.007503
5.000928
23.022471
4.024707
4.010863
9.013418
4.020626
9.008868
5.000928
5.000928
24.000928
9.000928
27.015337
5.000928
5.000928
14.000928
5.000928
6.005370
9.014937
5.000928
5.000928
5.000928
28.006290
7.009167
5.000928
14.000928
18.008354
4.009867
5.000928
9.000928
8.013133
4.014285
5.000928
33.017505
6.000928
5.000928
5.000928
5.009975
9.002220
9.014178
5.000928
5.000928
18.000928
38.014049
9.025513
10.004342
5.000928
9.000928
5.000928
5.000928
9.000928
3.000928
9.000928
4.000928
21.005530
4.014239
5.000928
5.000928
5.000928
31.006968
9.007782
4.009726
9.005530
9.007408
4.023896
9.014306
9.011545
9.007948
9.011485
9.005150
5.000928
8.013716
9.005250
9.010433
9.008040
9.005836
9.007442
9.007342
9.007828
9.015078
9.009115
5.000928
5.000928
9.000928
5.000928
13.000928
9.000928
5.000928
23.003872
14.000928
14.000928
19.000928
9.000928
24.000928
10.000928
24.000928
19.000928
5.000928
5.013491
5.000928
9.000928
5.000928
7.007943
4.021444
4.015585
9.007442
4.016951
5.000928
13.005730
9.012205
9.008881
5.000928
13.006954
4.014563
9.005930
9.008180
9.021967
5.000928
8.009142
10.004642
5.000928
10.000928
7.003912
5.000928
7.007623
4.016137
9.007662
5.000928
33.006170
9.006888
9.013201
4.029034
5.004242
23.005850
9.009154
5.000928
24.000928
5.000928
32.012005
5.000928
5.000928
14.000928
12.008741
9.007108
5.000928
18.023599
4.017148
5.000928
9.000928
5.000928
17.015790
9.014014
9.009766
9.007342
9.007622
4.012411
5.000928
8.009261
9.012877
5.000928
5.000928
9.000928
5.000928
13.000928
24.000928
14.000928
5.000928
20.000928
5.005170
9.015391
5.000928
5.000928
9.000928
33.005854
18.017787
9.006562
5.003010
8.011253
5.000928
18.006983
5.000928
5.000928
7.005630
9.007122
9.010007
4.016837
9.012225
4.013739
9.009135
9.005630
9.002220
9.019453
9.017649
9.008574
4.014071
9.008415
4.019401
5.000928
23.007022
4.024049
5.000928
5.000928
5.000928
9.000928
6.005650
4.024821
9.005770
5.002242
5.000928
7.007383
5.000928
5.000928
9.000928
17.006429
9.008482
9.006090
5.000928
5.000928
14.000928
9.000928
7.005550
9.002220
4.014925
5.000928
9.000928
5.000928
5.000928
5.000928
11.008974
40.000928
5.000928
4.000928
11.033024
9.005442
9.008914
9.010387
9.008020
4.016823
5.000928
5.000928
24.000928
5.000928
7.003792
14.000928
13.012391
9.006982
9.005970
9.015103
9.018747
9.014405
5.000928
5.000928
9.000928
5.000928
37.003772
24.000928
5.000928
9.000928
5.000928
5.000928
26.003752
5.000928
12.007094
9.006096
9.014889
5.000928
5.000928
7.007803
9.005070
9.009108
9.007762
5.000928
13.005856
5.000928
5.000928
7.007743
5.004662
9.000928
13.005630
9.006922
9.006430
4.011840
9.002220
9.009094
9.007534
4.015026
9.005891
9.008368
9.005970
10.004442
8.017689
9.007382
9.017003
5.000928
5.000928
5.000928
7.003692
9.000928
5.000928
9.000928
24.000928
14.000928
18.000928
14.000928
5.000928
5.000928
12.003772
5.000928
7.007123
5.000928
4.000928
9.000928
18.008648
9.008083
4.013649
9.008786
5.000928
13.011825
9.007980
9.006270
5.000928
9.000928
5.000928
7.026435
9.007622
9.009987
9.016944
5.000928
33.007995
5.000928
5.000928
5.000928
6.007729
5.000928
9.000928
5.000928
5.000928
6.006783
4.015843
5.000928
8.016335
4.011959
9.006182
9.016937
9.005650
5.000928
23.007463
5.000928
5.000928
9.000928
9.000928
49.000928
9.000928
7.007303
9.005810
9.013352
4.039527
4.021299
5.000928
5.000928
9.000928
5.000928
5.000928
10.023492
5.000928
9.000928
14.000928
5.000928
14.000928
7.006443
4.017115
5.000928
5.000928
9.000928
7.007443
9.010473
9.005950
4.009727
5.000928
5.000928
5.000928
9.000928
8.000928
18.000928
9.000928
23.002220
9.012305
4.019327
9.008141
10.004382
20.000928
9.000928
10.000928
4.000928
19.000928
11.005570
4.012938
5.000928
33.012209
5.000928
5.000928
5.000928
6.009681
5.000928
23.005850
5.000928
24.000928
5.000928
5.000928
9.000928
11.005850
9.024573
4.029302
6.000928
9.000928
44.000928
7.005390
5.003170
5.000928
14.000928
7.005670
9.011086
9.015271
9.011913
9.005530
5.000928
14.000928
13.007793
5.000928
5.000928
29.000928
27.012059
6.000928
5.000928
18.004012
5.000928
14.000928
24.000928
43.000928
14.000928
7.020547
9.008654
4.018719
9.010773
5.000928
5.000928
7.018789
9.007382
9.012926
4.011005
4.020126
5.000928
19.000928
18.006582
5.000928
13.014292
5.000928
5.000928
24.000928
7.008423
4.018814
9.010293
9.007282
5.000928
13.007248
9.007142
5.000928
5.000928
4.000928
9.000928
9.000928
5.000928
4.000928
14.003210
27.003592
5.000928
7.007875
5.000928
20.000928
7.005730
9.010472
4.018569
4.017644
9.009008
9.014656
5.000928
19.000928
5.000928
12.017959
5.000928
23.016295
4.022433
5.000928
5.000928
14.000928
9.000928
5.000928
17.003932
8.009806
4.036000
5.000928
14.000928
5.000928
9.000928
5.000928
32.004052
5.000928
5.000928
23.000928
5.000928
14.000928
17.006115
5.000928
5.000928
11.005491
5.000928
9.000928
5.000928
9.000928
5.000928
9.000928
13.000928
7.003898
5.002366
9.000928
9.000928
23.006902
9.006256
5.000928
8.010493
5.000928
5.000928
5.000928
6.015035
9.008640
9.012932
5.000928
5.000928
5.000928
5.000928
15.006943
6.000928
7.005770
4.012399
5.000928
5.000928
7.005850
5.000928
9.000928
4.000928
9.000928
13.020321
9.010645
5.000928
8.009175
5.000928
5.000928
9.000928
19.000928
5.000928
13.000928
7.007303
5.000928
13.009122
4.010492
9.010841
9.012093
5.000928
5.000928
12.009746
5.000928
5.000928
9.000928
9.000928
7.010493
9.006350
9.007922
5.000928
5.000928
27.008035
9.006728
4.014057
9.007722
9.005456
9.005650
9.009394
9.010100
9.016763
9.013497
9.009334
9.012605
4.024593
5.000928
9.000928
8.014523
9.006470
5.000928
5.000928
7.005590
5.000928
5.000928
7.029086
4.016383
9.007428
9.010853
5.000928
13.012075
5.000928
18.014763
4.015951
5.000928
10.000928
9.000928
7.024891
4.015043
5.000928
5.000928
5.000928
7.003592
13.006962
5.000928
5.005674
9.000928
5.000928
9.000928
7.003612
5.000928
7.005110
9.005810
5.000928
5.000928
7.010408
9.009160
5.000928
13.006162
9.007808
9.006470
9.007602
4.011732
5.000928
13.010613
4.016767
5.000928
23.018813
9.017523
9.008088
9.014943
9.007048
10.008900
9.000928
19.000928
5.000928
5.000928
5.000928
18.000928
6.009993
4.021690
9.016423
9.007914
9.007508
9.015337
5.007340
18.007528
4.017275
5.000928
5.000928
7.009041
4.021390
4.015669
5.000928
9.000928
13.007082
4.024386
5.000928
5.000928
5.000928
23.004132
5.000928
18.000928
34.000928
5.000928
6.010947
5.000928
4.000928
5.000928
9.000928
32.011139
9.009627
9.013685
9.011905
9.008234
4.011006
9.015721
9.011890
5.000928
8.007742
9.012171
9.007482
9.013582
5.000928
5.000928
9.000928
7.006902
5.000928
5.000928
12.010800
9.006982
9.010953
4.014571
5.000928
9.000928
18.010751
5.000928
5.000928
7.012279
9.007442
5.000928
33.007982
9.009275
9.014197
5.000928
28.014657
5.000928
5.000928
39.000928
34.000928
4.000928
5.000928
11.005730
5.000928
14.000928
13.005330
4.017055
9.013689
9.007934
4.017471
9.007542
4.038199
4.019959
9.005510
5.000928
29.000928
14.000928
14.000928
19.000928
14.000928
18.009135
9.006030
5.000928
5.000928
7.009368
9.005770
5.008150
13.013525
5.000928
5.000928
5.000928
18.000928
9.000928
9.000928
13.000928
9.000928
5.000928
19.006334
9.000928
24.000928
9.000928
9.000928
19.000928
9.000928
14.000928
9.000928
34.000928
14.000928
19.000928
7.005710
4.014835
5.000928
5.000928
5.000928
16.027363
9.018541
9.013647
9.014265
9.007474
9.010226
9.005190
9.007514
9.008675
4.013931
9.007748
9.013398
5.000928
5.000928
5.000928
11.012079
5.009640
18.010007
9.005236
5.000928
9.000928
5.000928
9.000928
9.000928
7.006310
9.005650
5.003110
5.000928
5.000928
12.003972
34.000928
43.010260
9.010400
5.000928
5.000928
7.009288
4.024269
4.011025
9.016745
5.000928
5.000928
5.000928
6.011663
9.011485
9.013197
4.014903
9.010046
9.006090
9.008155
5.000928
9.000928
43.009480
9.012210
4.022464
5.000928
5.000928
14.000928
5.000928
6.006651
4.020011
5.000928
5.000928
29.000928
9.000928
7.030798
4.022208
9.013417
5.000928
9.000928
5.000928
18.000928
13.011405
5.000928
5.000928
5.000928
13.000928
7.006050
5.012083
5.000928
14.000928
29.000928
34.000928
7.005090
5.000928
14.000928
9.000928
13.011593
9.006902
9.006270
4.018833
5.000928
5.000928
5.000928
17.003872
8.008781
5.000928
5.000928
7.045338
4.018408
9.034376
9.016441
4.015263
9.006328
9.013377
5.000928
5.000928
9.000928
9.000928
5.000928
18.000928
5.000928
6.006010
5.000928
9.007950
5.000928
7.015039
21.000928
5.000928
24.000928
27.000928
8.007508
9.008456
5.000928
18.033858
9.007222
4.021459
9.011939
9.005890
5.000928
13.007523
5.000928
5.000928
5.000928
23.000928
57.011159
4.023765
9.008155
9.005876
5.000928
14.000928
5.000928
5.000928
21.008915
5.000928
13.015777
9.008308
9.006722
4.020935
9.008188
9.005850
5.000928
13.009907
5.000928
5.000928
24.000928
7.018899
5.000928
18.008154
5.000928
13.009428
9.005930
4.013877
9.009080
9.006468
9.007988
9.011402
4.026529
5.000928
5.000928
19.000928
