2.072247
2.009027
2.010913
2.012252
12.035233
2.027371
2.027977
2.012011
2.012417
1.031222
4.033014
59.019472
2.019450
17.043196
2.030861
21.002326
2.029743
2.019698
2.008509
2.030583
6.012885
9.024975
2.034664
41.013625
4.030080
2.023801
18.023936
12.028769
4.016309
14.017900
2.013643
6.010201
14.008195
2.015082
1.015289
4.021510
2.027805
12.003898
2.039507
2.031202
2.018162
2.026311
16.013865
5.000928
17.024568
69.010087
4.013583
14.048720
2.010599
2.026379
2.016434
1.006857
2.021857
33.012237
2.028411
2.021150
21.013825
9.014405
14.023769
2.011159
16.016632
14.016048
21.000928
2.004413
2.030243
1.024473
2.021803
22.012626
8.030845
2.019976
6.030743
2.030109
12.007183
2.031734
2.019390
2.019033
2.029457
32.005296
2.028823
2.021889
2.005065
2.009627
46.005485
2.022916
22.006483
2.047939
2.010479
3.005656
2.022994
2.030089
2.015742
2.020718
16.016188
4.024395
20.002766
2.040470
2.010980
3.000928
2.026005
2.027065
2.010479
2.023217
2.002360
2.037290
2.022955
2.013558
2.019072
11.006777
2.023555
2.027838
2.028509
2.028083
3.000928
2.040227
2.013564
2.018627
2.027537
1.016789
18.036293
2.018461
2.013597
2.026359
21.014778
2.022089
2.004018
2.024687
2.025919
2.025893
2.014836
2.021910
2.025639
2.011845
2.010447
2.024661
11.013045
15.003086
2.028597
2.024459
3.006756
2.041306
2.014836
2.024834
2.028507
19.027207
17.027531
2.025568
2.020330
2.008907
2.029995
17.014105
2.028351
2.015256
12.011225
2.029223
2.021836
2.010801
2.015056
17.006874
2.028781
2.008015
2.016668
2.030021
26.017319
11.002386
2.020198
2.020338
1.028344
2.012032
1.016930
4.015809
19.013825
24.014737
8.014641
10.016280
25.003838
2.017608
2.024939
2.012331
2.038408
21.013785
9.026086
9.013185
19.018400
2.024761
2.004038
2.026225
2.020190
2.011333
2.025081
7.003738
2.034384
2.029663
2.012445
2.006797
1.027347
2.028358
1.017970
19.018470
14.011193
4.015709
4.017209
24.013865
9.006757
2.012352
6.015281
10.006963
2.024999
2.033252
2.016128
2.031316
31.022767
11.002220
2.021470
2.026359
6.022186
2.022789
2.002826
2.027537
2.030809
2.003838
2.028291
7.014285
8.013025
14.017505
10.015887
13.023742
2.026051
1.021931
2.010499
21.018420
2.008309
6.013091
26.019126
2.008289
2.012217
6.020524
2.017946
1.027027
2.021150
1.013845
4.039966
2.014936
12.002766
2.046960
2.016188
2.005210
2.029866
6.024955
2.019518
1.022130
2.025987
1.008369
4.021125
2.019218
1.027969
2.012372
11.015168
4.017269
9.013525
39.013105
2.030708
2.015775
2.026839
2.016474
1.016790
14.012213
9.012485
4.025540
2.027194
1.021770
2.048518
17.018710
13.013245
14.017999
2.025867
21.035060
2.015336
11.014850
2.021883
2.005071
2.026265
2.016354
2.011897
2.009227
1.017469
9.015867
4.026343
2.016388
6.013345
4.014577
4.016789
44.017933
10.016507
13.013217
2.020510
47.004178
2.043601
2.014616
2.009801
2.014962
11.033019
2.020476
1.023110
2.012431
1.016190
5.002506
2.030829
2.028523
2.032074
2.027283
11.015747
4.016570
29.017769
9.019518
20.002346
2.035975
2.015142
2.020550
2.014463
16.026879
2.021922
7.013705
3.018052
15.006722
2.027463
2.018864
2.013338
2.017560
1.025135
2.028410
21.014065
24.020910
20.002986
2.051969
2.032636
2.015549
4.028491
2.058432
31.027199
2.026928
11.020818
2.032393
2.029509
2.049297
2.034063
2.016109
14.019626
2.010880
6.025475
2.010813
2.002686
2.037445
2.028439
2.014604
2.023735
21.014557
9.019406
2.026729
1.016529
39.028557
2.035658
1.018362
14.007063
2.013764
1.024002
2.012152
16.020396
2.026719
1.025634
2.019100
1.021179
2.026272
6.013225
9.012785
9.013065
9.012885
5.012965
23.020492
9.023562
2.024535
24.000928
16.013923
2.027325
1.016750
10.003086
2.030927
2.012856
2.014589
2.021857
11.027749
19.015210
2.022974
11.028531
2.025673
12.017546
2.050238
2.022848
2.022763
2.016268
7.033997
2.037802
2.029403
2.008909
2.029947
2.014990
2.030681
2.031167
2.021491
2.030470
2.007023
2.027019
15.022136
2.019738
11.025778
2.018500
16.013055
14.016202
2.023165
2.009447
2.022103
2.022162
2.022060
2.034346
17.010581
13.027047
2.020493
6.012945
9.010141
9.014304
2.015176
16.017972
4.016609
10.002806
2.027345
2.017420
2.010673
2.023148
16.026599
2.016468
23.002646
32.014445
20.000928
2.020284
2.016608
2.018547
2.015616
2.020238
2.022782
2.025045
2.016162
2.024687
2.005571
2.031894
2.006897
2.004870
2.027134
6.032341
2.015336
28.015387
17.034245
2.016627
31.017430
34.017914
2.016154
16.013005
4.018401
24.012851
2.017272
6.013225
10.002546
2.038174
2.022117
2.019146
2.036170
16.016748
4.016749
10.016247
3.013963
2.014536
26.015447
19.016060
2.020836
2.034400
2.026391
2.019452
2.008589
2.014736
1.020718
2.023509
1.013683
4.016049
4.017629
15.002486
2.019092
2.017700
2.019073
2.021024
1.016289
5.004925
2.029644
2.027451
2.008609
2.016428
1.016870
29.018142
4.015870
4.017461
9.013545
4.020738
2.023829
7.002366
2.042500
2.016028
2.021956
2.012351
12.002326
33.026766
2.019178
2.006909
2.028817
2.028915
2.017874
2.025552
13.008255
2.014237
2.017760
16.013845
6.002506
2.025101
2.019258
11.026186
2.013924
2.002246
2.025053
2.024581
2.008129
2.012711
21.015555
2.024695
1.016809
14.015048
9.016722
2.016080
32.002926
2.031339
2.030041
2.003812
2.024545
46.016813
2.045722
2.045662
7.009321
25.004258
2.057990
2.016148
13.002840
2.035629
2.030333
2.012385
2.018060
1.016489
19.015207
9.019392
2.013644
7.003938
2.060038
2.019032
2.012085
2.016648
12.000928
2.036701
2.013550
2.002420
2.011817
11.018806
2.015201
1.036031
2.028703
12.005351
2.014815
2.009827
3.000928
2.024609
2.026045
2.012811
2.015979
22.018569
18.015167
19.013525
4.020022
9.026246
2.027417
6.015687
4.015337
4.024377
2.012112
1.015830
9.013105
4.016789
4.025555
2.014589
1.016470
20.005071
2.032534
2.028629
3.000928
2.036542
2.012612
2.021490
2.016088
7.002446
2.023861
6.000928
2.028685
30.008189
2.030276
11.023202
2.009727
1.015849
9.013165
19.017766
20.012111
2.041716
2.025621
2.024435
2.028463
2.037162
2.034180
2.036180
2.016990
4.016250
5.021436
2.030590
2.024910
2.021556
2.037157
31.028031
2.018992
2.026045
2.044715
2.043027
2.043491
2.026373
1.031132
2.018720
16.015067
14.017222
2.019598
11.034427
2.030766
7.002406
2.031662
2.019698
2.020125
2.027077
7.002786
2.026485
2.027239
2.035330
2.018939
1.017981
15.005630
38.014950
2.022615
6.026733
2.019612
1.013425
14.013925
39.032647
2.023255
7.003612
2.034586
2.030530
6.025736
2.027521
2.022042
2.009387
6.020970
2.017920
11.026412
2.027285
17.015928
18.011039
2.025273
6.014185
27.004098
2.013385
29.002246
2.045366
6.009807
2.034412
2.028558
3.000928
2.027788
5.016869
14.013877
2.019432
6.019022
5.007103
2.026374
2.031597
2.027365
2.018060
16.010419
2.025545
26.013105
5.003978
2.025226
2.024081
2.012105
2.016368
6.022671
2.022123
2.019172
2.036910
2.021968
2.010853
2.010620
91.004542
2.009127
1.023097
2.020456
20.034329
2.041994
2.021771
2.010825
1.021158
2.016568
6.013445
4.016969
19.013725
14.014907
9.035639
2.018200
1.015017
9.014307
