2.123127
2.040338
2.015822
2.035358
2.070893
2.048340
2.065143
2.068181
2.068055
2.034970
2.031081
2.082601
3.015769
2.048912
2.059535
2.035118
2.056998
2.048119
2.066764
2.075361
2.043816
2.033926
21.019786
2.029616
2.070085
2.087817
2.062874
2.042370
2.048825
2.057092
2.105055
2.057364
2.049266
2.066950
11.042832
2.017261
6.031555
2.074823
7.050052
2.076182
2.029590
2.079420
2.073316
11.031588
2.054434
1.025008
14.015058
5.063949
2.067470
2.047114
2.078660
2.058723
12.023835
9.076884
2.099415
2.066403
2.012845
2.047484
11.035799
10.047707
2.059011
2.067649
2.014097
2.075561
15.035791
2.063939
1.046947
6.077572
2.072466
2.043801
2.091627
2.088877
2.021198
2.075215
2.048094
6.057058
2.072857
2.038342
2.061497
2.067224
2.086693
2.045283
2.009301
2.061588
6.019526
2.039866
17.057545
2.063859
2.073232
2.053595
2.064185
10.039324
2.070186
11.028883
2.082783
2.024149
2.087532
6.018962
5.080075
2.067809
2.041545
2.073149
2.081582
7.015290
2.078789
2.046096
2.067456
2.069598
12.042801
2.065370
2.052202
3.016089
2.076803
2.030384
1.057920
11.062301
2.094862
2.088956
2.050451
2.061180
6.014289
2.071512
2.076015
2.083250
2.071333
2.071579
2.070346
2.059962
2.105567
2.073759
2.056087
2.058491
11.016662
2.056758
1.025780
2.074188
7.077192
2.076147
2.095309
2.062518
2.039380
2.031707
2.064464
2.091604
2.063799
2.046076
7.017854
23.016530
4.038795
4.036251
2.071312
2.019192
2.054247
2.069753
2.011333
2.074090
11.038529
2.082523
11.017872
5.021836
2.088786
2.080809
2.014710
2.076271
1.018802
4.018654
10.045206
2.016925
2.061535
6.033888
14.015038
9.030528
2.058764
2.045509
2.080385
2.055087
2.036716
2.048419
10.009767
2.058896
2.081110
2.054146
2.063020
2.068673
2.070948
1.056846
2.047887
2.041140
2.064227
6.025395
5.030143
2.059231
2.080951
2.046116
2.126360
2.066844
2.060114
2.048786
2.057638
2.074017
1.035396
4.033647
19.016095
2.062447
1.030623
2.075634
1.031029
4.059958
2.039289
6.014277
9.025546
15.066875
2.077821
2.061582
2.054327
2.025693
2.048785
2.087127
2.045935
2.015962
2.022715
1.053869
2.064413
1.050752
2.081058
1.029097
4.015377
4.049479
2.056439
22.019305
2.089756
2.038069
2.056198
2.091869
2.085293
2.101794
2.091894
2.009772
2.073322
7.016069
2.091462
2.065092
6.050663
2.064646
3.028252
2.067807
2.040573
2.006737
2.059944
7.061310
2.066449
22.021928
1.052671
6.065462
2.065752
2.086258
2.060760
2.073090
6.015017
4.028319
4.051897
2.050364
1.036822
2.053063
6.034899
2.048826
2.057803
2.051971
2.062665
2.047341
2.067644
1.014878
4.035352
2.053015
2.028263
2.099404
2.071866
6.070933
2.046838
2.037555
2.096016
2.058970
2.078738
2.048392
7.015487
2.076948
2.070405
2.100491
2.058429
6.047977
2.053467
3.015929
2.076183
2.079664
2.016313
2.052310
7.070605
2.046369
2.062687
2.054754
2.029976
6.027459
10.020546
2.037722
2.090224
2.070201
2.098263
1.031902
11.051352
2.054049
2.077694
1.021198
19.017788
2.086812
2.074928
2.012451
2.063060
2.051844
2.058157
11.041678
2.079379
2.024741
2.070220
2.057905
2.070086
2.028464
2.053334
2.061125
2.042485
2.039960
2.084252
8.031302
2.015496
2.033626
1.035040
10.013443
2.133238
2.079211
1.050164
2.066370
2.036935
2.053774
6.019594
5.070062
2.105019
2.069953
2.069168
2.043129
2.092833
2.056931
2.055607
3.015329
2.084500
2.068827
2.064812
2.050058
2.052363
2.078421
2.094781
2.051728
2.053814
2.043786
2.086686
2.065317
2.039568
2.062141
7.029629
2.057410
2.056904
2.047261
2.094384
7.024590
2.043283
2.062613
2.082435
2.064420
5.054992
2.055438
6.017780
2.098229
2.078268
2.051324
7.079824
2.081569
2.062433
1.055676
25.015909
9.016189
5.067651
2.119300
2.044803
1.079493
5.042152
2.070489
16.032975
2.072478
6.017560
5.064490
2.073151
2.082269
3.015369
2.120435
2.090336
1.056226
6.066968
2.053263
2.082791
2.049376
2.058331
1.015829
4.023003
15.056664
2.092887
2.068910
1.059178
5.017212
9.034113
2.048274
2.056414
2.060057
2.051222
2.034888
2.069219
12.020160
2.069526
2.087285
2.092839
2.082195
2.039214
2.063754
2.078559
1.056889
2.026693
2.024261
2.068888
2.014535
2.069026
2.062885
2.021578
2.077512
11.014998
5.086992
2.121357
2.067475
2.055771
2.038041
17.054973
2.102587
2.078985
2.014003
2.070726
2.068608
2.068490
2.051830
2.087982
2.055092
2.044897
2.059888
2.056539
2.026313
2.052129
7.052675
2.058396
2.030213
2.050578
2.060401
6.024966
2.045747
12.049171
2.063314
2.057291
6.006010
2.063278
3.015949
2.083490
2.067827
1.046577
6.044817
2.096114
2.063276
2.069140
2.083429
1.027666
4.015138
5.024014
2.070480
10.017381
5.058398
2.057500
2.062634
2.047108
2.047473
2.019926
2.109197
2.076967
2.065045
2.055560
7.030360
2.071246
2.085081
1.049857
6.020046
2.089323
2.073224
1.054983
11.058670
2.099364
2.037980
2.050121
2.070400
7.021518
2.053214
2.065843
2.076294
2.068641
1.022391
2.045161
2.020650
2.081558
2.064952
2.028790
2.052476
6.016281
15.034214
2.016948
2.075978
2.058592
2.043277
6.018194
2.069146
2.065004
2.079397
2.047665
1.058398
2.075840
2.014118
2.062307
1.019786
15.030403
2.075837
2.089637
2.075056
2.064193
1.015278
9.023948
4.018524
4.013425
5.056959
2.085008
2.030330
2.051357
2.053955
2.064698
2.079270
2.054487
2.097492
2.040613
15.022727
2.065884
2.061079
2.050384
7.017574
2.099360
2.048852
2.063863
2.056170
2.081357
2.078293
2.042591
2.046607
2.044069
1.027759
5.018500
2.111192
2.064805
2.065062
2.077772
2.014709
2.072260
2.061093
1.038640
10.036251
2.079904
2.010501
4.048673
2.046209
2.100067
2.042517
2.076508
6.033879
2.058017
2.062039
2.061093
2.098149
2.075708
2.053814
12.014949
2.088756
2.061636
2.068640
2.043323
6.024446
4.015278
4.032062
5.072566
2.042751
2.055832
2.062501
2.068574
2.058644
2.081230
2.090974
2.086457
2.098604
21.065392
2.101826
1.024986
9.016609
9.030930
2.068894
2.085066
2.092098
2.085447
1.043922
12.015055
1.044022
7.073427
6.021064
2.057080
2.041000
2.053241
1.035986
2.054560
13.024775
1.055232
15.038755
2.069014
2.066409
2.061321
9.012663
2.055347
2.066717
2.046395
12.065562
2.056433
2.056758
2.041050
2.084545
16.036424
1.019302
13.020372
2.051950
2.098567
2.035059
2.041519
