3.028059
3.027224
3.007975
3.043151
22.011694
3.060019
3.023189
3.024961
3.045263
7.011485
3.028877
8.018378
8.034857
2.035437
3.033866
3.038517
3.009487
3.013735
3.024535
3.008575
32.002320
3.009267
3.006723
3.060296
7.053250
4.000928
3.026092
3.056220
3.004078
42.011059
3.018666
3.020432
3.040301
18.014736
2.016144
3.044214
3.065091
8.029990
3.035393
7.038027
3.019293
18.008135
3.015036
7.032873
3.029515
3.025365
8.016468
3.028929
3.047308
3.023329
8.040347
12.021025
3.030037
3.008095
3.054472
23.005331
3.000928
3.042900
3.039755
3.032765
8.014078
3.000928
3.017339
3.027872
3.008301
8.042999
3.049964
3.051729
3.008095
28.022202
17.029823
3.043438
3.015136
3.006769
3.035645
7.017414
3.046516
12.028158
3.021911
3.054728
3.008035
2.005591
7.029278
3.042995
3.027485
3.024920
3.006357
3.011591
3.019771
8.029689
3.041592
3.067876
3.014338
3.008589
10.020746
3.008209
6.017874
3.029230
3.042659
2.041313
3.005311
3.058996
3.036656
8.009987
2.013726
3.010567
3.035080
8.012577
21.006250
3.039009
12.018828
22.016888
3.008555
8.012491
3.023769
17.022562
3.037890
8.039932
3.006937
3.031401
3.025979
3.050543
13.009447
26.013453
3.005211
12.010693
3.002886
3.039074
3.011613
2.023389
7.007383
3.021250
3.011525
2.021931
3.036162
3.020970
3.009821
4.012785
3.020932
7.028764
3.024655
8.010779
7.013146
3.044425
3.037304
2.009967
3.000928
3.059308
3.009167
6.010619
3.048218
3.041101
3.006962
13.019326
7.005870
3.025341
3.012412
3.045669
7.034179
3.021050
3.005071
3.008355
3.036078
3.037742
3.023189
3.035252
7.013483
3.050278
3.019965
13.036442
8.016694
3.000928
3.070676
3.008055
3.032207
3.007835
3.042535
3.009567
3.043531
22.000928
2.052537
3.024121
10.006988
3.039555
21.016959
3.035351
3.007529
8.015210
28.010579
8.008149
4.019904
4.008295
4.000928
8.024986
4.056665
4.049886
4.061730
4.016574
4.055494
4.020857
4.055406
4.038686
3.006777
12.019478
3.031109
3.018692
3.010047
8.036570
13.027199
3.039815
3.033380
3.037868
7.020525
7.033958
3.034712
18.042499
7.005131
3.012869
3.039973
3.051183
3.037857
3.036730
3.039641
3.006477
3.014005
3.040080
2.040123
3.027425
12.000928
7.009727
3.010617
22.024028
3.021896
3.063215
3.006963
11.014676
3.042552
3.039972
8.018318
3.006257
3.011119
3.010945
3.038794
8.045367
3.008169
3.049760
3.013637
3.038442
3.006442
2.011225
3.045875
3.018346
3.038866
3.012979
3.005271
3.064751
3.018992
3.006503
8.023609
7.030610
3.031616
7.034725
3.000928
3.040892
3.042411
8.046775
3.010833
7.031584
3.045293
7.013917
3.000928
3.018320
3.017540
7.007775
3.024083
3.028762
3.051549
8.045536
3.034472
3.007197
3.009607
3.053796
8.036030
8.039002
3.032634
3.075588
3.009513
3.015363
18.010437
3.007188
3.023663
3.039835
8.017348
3.011101
3.033986
3.052750
3.033270
13.030449
7.008275
3.034486
3.024661
2.039862
3.006637
3.062181
3.042533
2.040878
3.000928
3.052518
3.021617
3.011113
4.029138
2.011314
3.053450
3.012019
8.048976
28.018732
7.037761
3.010521
6.013638
3.043585
3.033832
3.005211
23.010839
3.000928
3.035904
3.048555
2.007037
7.015661
3.036876
15.011499
3.030040
8.045664
3.015236
3.009641
3.040642
3.025011
3.041221
8.045441
3.013111
3.035381
3.037830
3.038728
2.019872
3.036436
3.028611
18.039261
18.049713
3.048486
3.037934
3.033259
3.033360
8.006957
3.053402
3.019612
3.014172
3.029123
4.030561
3.020584
3.000928
3.033914
3.033766
3.029946
3.020424
7.016356
3.046095
3.032628
3.048093
3.021598
3.061507
3.025587
13.009673
3.041554
3.000928
3.060484
3.038507
3.029864
3.022402
3.000928
3.021604
3.048848
2.029792
3.012585
3.015827
3.030514
3.033654
8.030546
3.000928
3.064621
3.049880
7.005145
3.041001
3.023840
3.011825
22.027485
3.000928
3.050432
3.018712
3.035478
3.019532
3.011811
3.012497
3.048793
18.023949
4.022336
9.005185
3.020903
3.002326
3.065473
3.053139
2.023769
3.032494
3.043477
3.029183
27.004112
7.010033
3.012231
11.027997
3.017473
3.015338
3.045833
7.011299
3.010014
3.003638
12.028817
3.007975
3.036086
3.007821
13.005270
8.015163
3.000928
3.054928
3.042553
7.000928
7.024522
3.005931
3.006497
23.052992
3.017128
3.038082
3.025106
2.033354
3.000928
3.013704
3.006357
2.009280
3.035814
3.064446
3.041879
13.006963
3.029444
3.008275
3.021576
3.024921
12.015058
3.024063
3.024127
3.041238
13.053756
13.005010
3.000928
3.039620
3.009227
5.031225
3.041107
6.026773
3.046585
3.027725
8.050299
3.012411
3.020064
3.010347
3.008561
13.006663
23.003772
3.025558
3.049000
3.032453
3.023209
7.025625
3.009927
3.008215
3.013324
12.003572
3.028403
3.032118
3.034486
16.036229
3.007915
7.035358
3.015330
3.033428
3.038308
3.045163
2.017868
3.040879
3.043846
3.039375
8.011283
3.031816
3.033765
3.040667
3.060669
3.042916
3.000928
3.019224
3.009201
3.039440
17.024981
3.036059
3.006663
8.040501
3.008475
7.016514
3.019068
8.049020
18.026493
7.012794
3.041640
23.004138
2.019852
3.038876
3.038517
2.028457
3.046059
3.018912
3.011039
8.048469
3.010327
3.037797
3.023848
3.038137
12.018998
3.050371
3.052871
3.020624
8.028437
12.045743
3.055716
3.037224
8.011613
3.023249
3.020754
3.068215
3.041237
13.038802
3.011019
3.050681
3.054727
3.012552
7.024315
3.016742
3.012231
3.007009
3.042684
18.012531
3.025887
3.059776
3.045743
11.015368
3.008855
3.013789
3.008415
3.027859
7.049679
3.051078
3.010673
2.011094
3.046616
3.046898
8.007861
3.025848
3.000928
3.051172
3.039508
3.039689
8.024300
3.027385
3.049113
3.047349
6.016643
3.055981
3.032713
7.005904
7.028956
3.008055
2.003872
3.027765
3.007368
3.024041
17.030121
3.003712
3.037550
3.004078
3.034240
8.023349
3.005150
3.012525
3.039934
2.048234
3.004092
3.013191
3.022171
3.019212
3.039226
3.030776
3.037854
3.007809
14.020444
2.012271
3.006563
3.018046
3.030255
8.006417
12.000928
3.048731
3.008055
8.015102
13.009247
3.024135
3.015840
3.008595
8.046841
12.025887
3.045475
3.006829
21.042425
5.023584
7.021310
3.046995
7.045533
7.039641
3.015330
17.032207
3.013237
3.046615
3.007009
3.035552
3.020776
3.000928
3.008394
3.051174
13.004911
3.033068
3.023100
3.053468
3.004258
2.019146
7.038448
3.016887
22.026567
3.040163
3.045981
3.042493
3.010187
8.023854
3.006783
3.047513
3.018859
3.008075
3.019048
3.000928
3.034173
3.042953
2.000928
3.039839
3.064074
3.033133
3.043211
3.015144
3.022509
3.047547
3.045163
3.035505
4.022875
27.026941
3.051112
3.043557
8.008175
8.011279
7.029291
3.031502
8.049480
3.026013
3.038276
3.065734
3.038243
3.043551
12.017030
3.025781
3.005465
2.005510
3.006917
3.008095
3.006763
3.006656
3.026565
3.010819
3.013097
3.007048
8.031482
22.003852
3.020250
3.034326
7.026058
3.048907
3.013391
5.009701
3.008615
3.025939
3.015630
7.019131
3.033154
3.007083
3.006963
3.065190
7.013337
3.048461
3.027925
16.029550
3.020624
3.015988
8.022332
12.022529
3.006563
3.022968
3.042173
3.036791
3.012165
3.004038
2.009853
3.010853
3.046023
3.017760
3.015941
3.006597
3.038270
3.028672
3.028098
7.011671
3.041045
3.053283
3.044479
20.007062
3.043327
8.006543
7.016678
3.017740
3.022975
3.005251
3.041372
3.031414
3.039575
3.008289
8.019212
14.011939
7.017833
3.011479
3.015109
13.031572
8.010919
3.048307
3.039695
3.006823
8.024587
3.031288
3.006463
3.018546
3.025833
8.021411
3.009467
3.056645
3.029509
3.021682
3.014077
3.017980
7.009587
3.006329
3.049453
13.026833
3.000928
3.048894
3.032032
2.038348
3.037437
3.069649
3.050053
8.036356
3.035984
3.027779
3.016201
3.048642
10.026272
3.012111
18.013984
8.041028
7.058453
3.024075
7.035066
7.010261
3.005471
2.030335
3.000928
3.070185
3.041681
6.021428
3.053325
3.009647
7.007443
7.011211
3.032108
3.009067
4.007017
7.008629
3.043205
3.007063
11.009701
3.050124
3.012531
3.022760
8.011099
3.022498
3.064307
3.047568
23.033288
7.011654
3.031014
3.011831
18.006463
3.047307
3.037990
3.020916
3.036510
2.009441
3.021376
3.038206
3.005390
28.032810
3.000928
3.013995
3.010239
3.034160
13.017220
3.028878
3.005391
3.026891
3.018866
3.011139
17.008349
3.041574
3.033871
3.038417
17.007317
3.022862
3.062863
13.034338
3.019038
3.000928
3.027517
3.022002
32.026567
3.000928
3.053969
3.049153
3.015616
3.048347
3.038643
3.009653
3.032860
12.050159
7.020716
3.029388
8.014658
8.016102
3.063118
3.028949
3.033068
6.030055
3.032254
3.034446
3.040769
12.022876
3.013077
3.030195
3.028250
13.026047
3.024409
3.013943
3.007735
13.013897
8.018652
3.033325
3.009719
3.038622
3.012211
3.045486
3.028773
3.029343
3.038057
3.032868
17.018394
3.039494
3.013923
8.023371
13.024055
3.028623
3.042876
3.024481
16.013732
3.008055
3.027305
7.000928
3.000928
3.014777
3.036343
3.004318
3.006717
3.013663
3.055186
3.033233
8.005730
3.026100
3.026966
3.022508
3.003718
7.003758
3.007935
3.032711
3.003758
23.021922
3.015076
7.013403
3.034026
5.039103
7.029577
3.032111
7.040642
3.049926
3.039848
3.007769
7.011885
3.015375
8.016828
7.017416
3.035132
3.006803
18.042991
58.035230
10.006417
43.018601
3.026073
3.049385
3.014643
3.007283
2.013758
3.040232
3.035924
3.030902
23.029177
3.000928
3.016647
3.034382
8.033140
