2.055821
2.057407
2.034324
2.066112
96.004343
2.028329
10.022504
6.027617
2.114298
2.047188
2.036685
2.086632
2.025247
2.112943
2.027117
6.028654
2.053537
2.043874
2.065024
10.005802
2.030982
2.051178
2.018940
22.015022
2.055145
2.034272
2.037921
2.083068
2.044760
2.068257
2.042749
6.030293
2.130420
2.049639
2.040347
5.018945
2.052846
6.027656
2.026965
2.025026
2.033952
2.024115
2.043204
2.050689
6.056035
2.049437
1.045131
16.034378
2.061562
2.034212
6.041328
2.048640
6.034869
2.096046
2.017342
2.106310
11.004543
2.132211
3.030337
2.047673
2.048103
2.042591
2.048100
2.052262
6.044191
2.049661
2.044812
2.031147
12.013498
2.061955
2.058705
2.050337
2.058692
5.017460
2.042119
2.023969
2.031648
7.018880
2.043847
2.018732
2.033425
2.057739
6.014818
9.019526
11.004443
2.023676
2.125788
15.020627
2.054516
6.032787
2.117702
2.009207
2.116401
12.018087
12.021728
2.032472
2.037662
2.100673
6.017640
2.046695
7.015962
2.074508
2.056659
6.049793
2.025931
1.051338
6.008307
2.065983
14.015702
21.043719
2.039785
4.009985
4.020544
4.005510
4.012541
9.018599
4.028484
4.017760
4.010459
4.041331
4.025973
4.030669
4.023276
4.013710
4.041168
4.048099
6.014821
2.037077
2.056578
14.077460
6.055101
2.077425
2.028291
2.123319
7.029123
2.104254
2.034652
2.029763
2.052564
22.016754
2.070907
2.060429
1.041372
2.039255
6.055348
2.043057
2.031519
2.041127
2.027399
2.076032
2.042564
1.046097
6.000928
2.066502
2.030155
6.018252
2.032898
2.026432
2.032706
17.032383
2.050610
2.064431
2.031361
2.026917
2.036832
2.054674
2.039126
2.033306
2.053514
2.030009
2.155804
2.094009
11.011385
2.030175
2.039660
2.023115
12.006997
4.019612
2.070374
2.122770
6.020570
2.098415
6.004164
6.026947
2.060590
2.056158
2.025938
2.065246
10.032993
2.078513
6.040566
2.071466
6.019624
2.051750
2.038900
2.103511
5.038952
2.043139
6.023162
2.042922
6.033073
2.107993
6.028314
2.046430
2.047358
2.081373
2.013857
2.056519
2.027351
2.035917
2.052087
91.005675
2.064026
2.048447
2.075799
2.050736
1.053164
2.050764
6.017528
4.036068
2.029830
2.030195
2.053242
12.024667
2.075827
2.111862
2.018240
2.064501
15.036721
2.034351
2.034195
2.054275
7.022090
2.147377
2.038054
2.025686
2.036030
2.038683
2.076226
2.024967
7.004623
2.052930
10.019082
2.049706
2.044764
2.116100
13.003918
6.031961
2.033770
2.059464
2.050224
8.044715
6.051304
2.031605
2.064119
2.058511
2.025427
2.025059
2.058603
6.040883
2.027563
1.043084
6.027225
2.112364
2.031073
6.027523
2.060549
2.017422
2.094755
2.047252
2.059849
2.064534
6.021156
2.061253
6.045274
2.022862
2.040466
2.044818
20.048459
2.100745
6.040777
2.039201
6.033526
2.042150
11.024642
2.042325
2.038162
2.113243
6.009161
5.047152
2.035578
2.028709
7.004543
2.094654
10.009973
11.000928
12.044308
2.090067
2.034140
2.129331
10.050267
2.023229
2.027559
2.089770
5.010287
2.043669
6.044013
2.028589
6.024126
2.036424
6.017978
2.108616
2.027192
2.067290
12.006563
2.045848
2.122261
2.039955
2.103943
7.019246
2.050870
14.008056
2.026025
6.025004
2.037724
2.031233
2.033693
5.042551
2.066404
2.026753
2.076361
7.047501
2.085150
2.055281
2.057587
2.029137
17.004423
2.090470
2.023120
6.056586
4.056048
2.054474
6.040185
2.058783
6.019780
2.013638
2.033633
2.052236
15.015023
2.025819
6.049418
2.055448
6.048430
2.058960
6.040407
2.012472
6.011239
2.036499
2.033006
2.058074
7.021438
2.080846
2.039959
2.028691
2.068042
5.038896
4.009893
2.044987
6.033486
2.022128
2.031721
2.125391
5.034647
7.006597
6.034975
2.020785
2.046678
2.046267
17.005125
2.030222
2.085642
6.040265
2.040653
6.039695
2.039248
7.004303
2.050232
2.020006
2.078835
2.037815
11.028591
2.084823
6.013239
2.030342
1.048713
6.000928
2.048784
2.060138
11.044787
2.125384
2.030876
2.107121
5.030005
2.115284
2.052009
2.021614
6.034615
2.058094
2.020578
2.054514
2.027257
6.018792
2.055212
7.004303
2.104153
2.047441
2.155691
2.029189
1.056004
6.036622
2.092291
6.060476
2.046656
2.075528
2.044616
2.027331
5.015221
2.042531
6.010791
2.058651
6.044440
2.020650
2.024641
2.046807
12.003672
4.023714
2.060868
2.084542
11.037844
2.089322
2.030453
2.020556
7.014789
18.025713
13.053020
2.029043
2.016062
2.042230
5.050101
2.053523
2.044537
2.024507
5.034199
2.045348
6.037262
2.068368
2.031345
2.045629
1.032215
2.040367
2.033939
2.110900
2.114710
6.014450
2.018592
2.042288
2.037317
2.036144
2.039468
2.054767
6.031529
2.051752
6.006923
2.049314
11.035953
2.018933
2.016828
2.026419
5.012529
2.095565
2.030489
2.110020
2.016534
2.078316
2.105837
6.023176
2.116502
2.031042
2.047576
12.053216
2.053842
2.050353
2.035484
2.102692
5.030909
2.129019
11.031853
2.125975
2.030232
2.124832
1.022038
10.024749
2.079289
2.053454
2.052461
2.035976
20.014003
2.101311
11.027664
2.024926
11.043660
2.108767
6.040455
2.026513
2.033034
2.053528
7.023766
2.051970
2.136663
1.055744
11.022696
2.047541
2.042983
6.010063
6.019698
14.010753
9.061642
2.038575
2.073745
2.028704
2.058714
7.026273
2.065250
2.032165
1.050994
6.034189
2.023887
2.046202
2.007889
2.045095
5.020722
2.027957
1.051889
6.034620
2.067993
2.065466
11.017199
2.037823
11.010847
2.038756
2.021683
2.053332
5.035557
14.014144
2.022888
6.027033
2.032476
6.012671
2.100273
6.014558
2.056912
2.027437
2.061722
13.004663
2.051384
2.071033
2.032053
2.122227
2.040006
6.012677
2.030110
6.041968
2.019778
6.057967
2.024428
2.060963
2.037408
6.020698
5.037464
2.073158
2.022941
2.015101
2.031613
10.049352
2.062041
6.042895
2.041239
6.027259
2.030914
2.036534
2.072205
12.043393
2.035845
2.035770
2.008015
2.131609
1.014770
11.018494
16.026340
2.041135
6.022608
2.012571
2.021390
2.106020
6.015398
5.049919
2.097067
2.077483
2.031401
2.043631
2.017974
2.061367
2.039495
2.046967
2.037568
2.056959
2.032289
2.086620
7.004363
2.054961
2.076335
2.059860
2.067590
6.023975
2.043372
6.027947
2.059791
6.021202
2.023285
11.010573
2.021717
2.018500
2.045703
2.027439
2.051762
2.099973
2.015016
2.037132
10.035528
2.058661
2.031141
2.034204
17.018186
2.062193
2.069614
2.029955
2.123543
11.026867
2.119362
10.033988
2.045215
2.019946
2.044429
5.016988
2.058653
6.038233
2.093660
6.015547
2.033848
2.036950
2.109890
5.043968
2.041293
2.045469
2.037176
6.045987
2.033240
10.025826
2.045069
2.025006
2.043486
5.034661
2.048173
6.039575
2.059401
6.030635
2.048148
6.017156
2.044563
6.017836
2.034189
6.033036
2.032934
6.028696
2.114603
6.011967
2.112022
6.018437
2.035778
2.070163
2.030077
10.031535
2.041479
6.006723
2.110004
7.014261
2.063397
5.014536
2.086118
2.025067
2.085429
15.028521
2.083242
8.033802
2.072948
2.051010
6.020936
2.037842
16.052482
2.024901
6.048365
2.033600
6.023915
2.105340
6.030821
2.034044
6.005516
2.129915
2.045715
2.101702
5.029404
2.045589
6.027010
2.093352
2.022840
2.053303
2.016308
2.117689
14.043798
2.025997
2.019134
2.034692
6.044151
2.025953
5.016976
2.022196
2.019492
2.033634
2.046709
2.071229
2.024360
2.024713
2.114655
5.032364
11.007914
2.144369
2.033012
6.032347
2.049770
2.043744
2.062813
5.056619
2.052290
11.030517
4.031677
2.046126
6.036502
2.033878
6.042502
2.096673
2.012486
2.031814
7.020247
2.077673
2.057464
6.053606
