2.065917
2.038648
3.000928
2.049831
2.008149
2.046214
2.016922
6.000928
2.011533
2.014417
2.056293
2.028905
3.000928
2.043045
2.019018
7.000928
2.015389
7.024540
2.040820
2.021963
2.040333
2.024859
2.006368
2.042376
2.040677
2.021930
2.012257
15.022456
2.046011
2.014949
2.048899
22.000928
2.031761
3.000928
2.011253
2.041166
2.025738
2.032894
2.028211
7.008775
2.071055
2.021816
2.030463
2.033493
10.008275
12.013065
2.012093
5.011445
2.031673
2.027064
2.019956
2.032251
2.023156
2.032791
2.027885
2.043624
2.022136
6.011281
2.031407
2.021880
2.101274
2.062904
2.031701
2.040626
7.030309
2.051071
2.038082
12.009107
2.023909
7.031415
2.076951
2.022009
3.000928
2.070936
2.047829
2.011125
2.033679
2.013437
2.036652
2.041673
2.023520
2.036491
10.048854
2.034986
2.018660
2.051766
2.028676
2.064130
2.044062
2.012401
2.079656
7.000928
2.060680
2.039663
2.037696
2.018992
6.011751
2.057929
6.022177
6.043550
2.028210
2.038374
2.034177
2.060615
2.037280
2.027544
2.028816
3.023522
2.011039
2.046260
8.040197
3.000928
2.077976
2.036624
2.033960
2.020304
22.026590
2.025340
2.068108
2.017814
2.056153
2.034306
7.000928
2.040532
1.030983
5.014549
2.054308
2.041347
2.026409
2.022268
7.000928
2.070567
2.086894
3.000928
2.085479
2.080593
2.052672
2.068401
12.003632
2.076808
2.035960
2.029935
2.036670
2.026246
2.070148
2.060926
3.000928
2.038814
2.049465
12.003612
2.039862
6.018766
2.031513
17.003572
2.034745
2.054594
2.033060
2.055225
7.003704
2.045121
2.047018
2.002700
2.059780
20.038570
2.020318
21.024915
2.061690
3.000928
2.054840
2.061135
2.004964
2.023088
2.006482
2.028825
2.030801
2.009653
2.045908
35.035548
2.020364
2.022962
2.030287
12.032186
2.072499
2.058888
2.022761
2.058397
11.021882
5.061306
2.041851
2.042218
2.037309
2.055334
7.023128
2.050085
2.046097
3.000928
2.042392
2.045475
2.037623
2.027425
10.038231
2.056623
3.016687
2.037650
2.021210
2.026086
2.047753
2.042198
2.052041
2.034086
2.057207
2.023234
6.025455
2.038626
2.006437
2.099738
2.039952
3.000928
2.081956
2.046317
7.024282
2.055035
2.009941
2.083345
2.066050
3.000928
2.058798
2.069389
2.032893
2.045149
3.025687
3.000928
2.036197
2.053453
2.011153
2.047453
6.015535
15.000928
2.062182
2.034352
2.020271
2.033846
8.006657
3.013125
2.035023
2.038040
2.006777
2.023229
11.000928
2.037478
10.013297
6.000928
2.034386
2.079191
3.000928
2.032247
2.043097
2.051983
2.048659
2.005090
3.034719
2.072857
2.032913
2.040394
2.033849
2.015949
2.067821
1.013797
2.064803
10.044383
2.036090
3.000928
2.036601
2.033000
2.011039
2.020324
22.079956
2.058980
2.035359
2.073857
2.054865
2.029243
2.071202
2.038168
2.048180
2.042006
10.030108
2.031321
2.014457
2.044757
11.005244
2.048607
2.025827
2.063850
2.073025
2.014037
2.026173
15.009606
2.057165
2.040186
2.036681
7.005410
2.117287
2.024647
17.022062
3.037244
3.020144
12.032980
2.075608
3.000928
32.000928
7.034506
3.000928
12.002426
3.000928
3.012317
3.000928
6.046279
16.034161
2.012085
2.039900
2.036036
2.049078
2.045809
3.014969
2.073470
2.049525
7.015117
2.038614
7.000928
2.066189
2.046565
2.038880
2.050517
2.016341
2.048959
2.046635
2.033456
2.028581
15.027356
2.027891
2.037250
2.035544
2.017885
2.063432
2.021058
2.040946
2.026132
2.022136
2.060238
2.040032
3.018774
2.097049
2.015162
3.000928
2.068773
2.062468
2.006217
2.045333
8.022155
2.039847
2.040619
2.003532
12.017926
2.036902
3.000928
2.083730
2.053052
7.009627
2.034047
10.047498
2.065943
2.002580
2.059412
15.039969
2.021852
2.052998
41.024319
2.018505
2.031134
7.005410
2.067735
2.035370
3.002300
2.053131
2.034632
2.038555
2.047192
5.015375
2.015455
2.005225
2.020611
5.015261
2.024646
2.028717
2.039412
1.019074
2.034405
2.000928
2.045200
2.074226
7.017099
2.043302
2.000928
2.027726
2.034312
7.016627
2.034378
2.005404
2.036225
2.092009
2.031765
2.035830
2.000928
2.039756
2.027923
2.023182
2.053740
7.032979
2.052488
2.034606
2.022502
2.042764
15.017354
2.028749
3.000928
2.059482
2.031608
2.017174
2.028595
22.000928
2.082913
2.057093
2.013337
2.024446
12.029743
2.047561
2.035817
2.003858
2.046467
6.015589
13.009767
2.045398
3.000928
2.057666
2.020018
3.000928
2.036296
2.046645
2.023283
2.049723
7.033599
2.054592
2.068471
2.024641
2.052741
5.016319
2.019232
3.013961
2.051659
2.065358
2.048254
2.039740
10.045488
2.080414
3.000928
2.075945
2.070119
2.036031
2.056789
7.012045
2.052233
2.036644
2.007417
2.074823
5.027146
2.032500
2.053701
2.035890
11.030713
2.035944
2.018846
2.046435
2.083855
2.036718
2.021192
16.030917
2.031733
15.042869
2.031013
3.000928
2.048513
2.038900
3.000928
2.056782
2.034458
2.023349
2.037308
7.012125
2.071581
2.079433
3.026572
2.040578
2.045321
2.030841
2.043782
12.019626
2.034191
2.032951
2.034964
3.035063
2.019052
2.034393
2.031727
6.011583
2.107419
2.039754
2.042751
2.043156
3.014037
2.046981
2.044969
2.015195
2.034857
7.003672
27.012351
2.022162
3.018685
2.099869
2.066599
3.000928
2.059362
2.054995
7.012365
2.034638
6.006462
2.013758
15.021158
11.009647
2.054025
2.045543
2.012243
2.025780
2.000928
2.034751
2.024595
2.002740
2.025159
2.031274
2.063833
2.037595
2.026453
2.036928
5.028020
2.045554
3.000928
2.071045
2.061106
2.040880
2.041909
6.023262
4.032988
2.076278
17.018379
2.052876
22.003952
3.024534
2.054587
2.042031
2.030483
2.061251
8.003552
3.000928
2.047076
2.033629
1.042159
2.029057
2.032021
2.036948
2.000928
2.046685
2.042456
2.014882
2.039474
12.013523
2.041746
2.045121
3.000928
2.033649
2.041564
2.019005
2.026198
12.051157
2.041046
2.034324
3.013737
2.095830
2.069614
4.000928
7.005164
2.034000
12.000928
2.065408
2.046381
3.000928
2.080792
2.066789
2.022823
2.030155
5.025074
2.024288
2.045277
2.032373
6.022462
2.053295
10.046932
2.021977
2.025566
2.043377
5.042997
2.030135
3.000928
2.035515
2.045071
2.092343
2.025959
1.025590
24.029085
2.042839
6.025134
2.067430
7.026072
2.080203
2.035523
2.028210
2.030551
2.020237
2.065565
2.040301
2.059699
2.036536
5.044903
2.022182
2.013685
2.037903
7.029975
2.073053
2.022868
3.000928
2.033205
2.041630
2.011173
2.014995
10.009747
2.028545
2.025809
2.082677
10.013537
2.034772
2.047367
2.055958
12.005224
2.061062
2.073658
2.058483
2.072501
11.031651
2.040382
12.000928
2.066590
2.014748
2.043056
2.047667
7.024740
2.055063
2.078067
3.014567
2.047695
2.039460
2.020758
2.037622
2.003644
2.053474
2.031122
2.007297
2.034265
13.004538
2.011965
2.024947
2.024811
2.057578
2.071845
3.000928
2.106289
2.040933
6.026014
2.036104
3.011985
2.036228
2.060744
2.030043
2.081386
16.036744
9.000928
2.029009
11.029450
13.057200
2.035452
2.012265
2.050769
30.022348
2.037267
3.000928
2.054065
2.041312
2.032692
2.043056
3.028711
3.021929
9.000928
2.048129
2.015130
3.015395
2.028403
9.036122
2.041119
2.031441
2.049553
10.005796
5.015508
21.000928
7.002660
2.028635
7.000928
2.048965
2.053153
3.000928
2.043191
2.018348
3.000928
2.037802
2.039933
2.034126
2.032928
40.023480
2.040943
13.020604
2.053581
2.027345
2.024762
2.027977
2.020898
2.057062
2.051635
2.015497
2.032139
17.016921
2.043084
2.039326
3.000928
2.063320
2.025573
2.021290
2.043551
11.014444
10.029016
2.056960
2.031130
2.016607
2.044977
6.036904
5.000928
2.062384
2.029881
11.011019
2.022417
2.019772
2.033092
5.028924
2.057698
2.025866
2.064624
6.000928
2.037736
2.048245
2.101401
2.017420
7.018963
2.037788
5.037244
2.032425
7.000928
2.065058
8.020278
3.016225
2.060926
2.036602
2.040134
2.062402
2.026445
2.046906
2.056372
3.014929
2.032905
2.074437
2.041926
2.041024
2.025786
2.050237
2.035470
2.053382
2.031217
7.019724
2.053529
2.075251
2.007416
2.068597
10.015221
2.038514
3.000928
2.035651
2.025567
2.050437
2.020664
5.050976
2.020198
2.046755
2.108827
2.005630
2.110963
2.035642
2.008449
2.036304
2.000928
2.053782
2.048139
3.000928
2.047198
2.060804
2.011691
2.020424
4.017434
12.003992
19.000928
2.062477
2.050317
2.030329
2.023429
12.012465
2.047989
2.031579
3.000928
2.114088
2.044952
2.057711
2.033156
7.003932
4.004072
2.018253
2.036945
3.000928
2.057271
2.033334
3.000928
2.059765
2.033199
3.012091
2.065083
2.037302
2.015369
2.044530
11.030305
8.007635
2.058008
2.022190
2.046295
3.026086
3.000928
2.051627
2.035698
3.000928
2.031133
2.067337
3.000928
2.049771
2.092888
2.031927
2.073326
6.000928
2.042838
2.022270
2.069315
2.029629
2.003972
2.030969
2.023302
2.031601
2.030900
3.018033
2.048433
2.029502
3.000928
2.061282
2.055505
2.033321
2.040000
7.000928
2.093694
2.071593
2.041308
2.021458
7.000928
2.098430
2.057246
2.030316
2.053375
2.029862
2.079965
2.045349
7.000928
2.028167
5.036860
2.030907
