12.018821
14.020412
14.022202
19.014503
14.022613
19.018245
9.034419
5.000928
23.042289
20.004622
23.011779
17.000928
6.023624
26.004583
12.022279
14.002220
14.027406
9.021672
9.047504
4.032646
4.055527
19.023648
9.017340
4.028778
34.009479
9.013464
14.010047
14.006923
9.006843
24.007009
19.006563
4.024787
14.022130
19.020692
14.012211
9.039330
10.000928
8.025294
6.015141
7.006688
9.012697
9.029420
9.025181
5.000928
8.017627
14.010006
9.048911
10.000928
8.022158
9.012591
9.008235
4.035728
14.022490
9.011219
19.005450
9.032343
11.003326
18.015641
8.029226
9.019832
9.035311
9.009773
4.024977
39.019020
9.033275
9.009526
14.043337
9.024872
9.011059
14.029359
9.039736
59.006529
9.040393
19.011681
9.007082
14.011118
25.000928
28.015609
19.010326
9.023970
11.004603
17.025607
40.011401
4.006383
8.012757
9.033538
29.008654
9.012451
19.005630
14.009105
4.037533
14.023704
31.008261
17.016125
30.004363
13.020868
5.012817
4.000928
13.027560
4.033953
19.015489
9.020830
19.027694
14.016078
14.012573
4.048337
19.029590
14.034292
10.000928
19.000928
13.007342
9.013390
24.009586
14.027808
9.026686
14.010366
14.045930
11.002366
7.013437
14.010531
9.037133
14.014545
9.023948
9.022738
9.007282
34.007342
14.014203
9.029491
9.019092
14.012779
14.031675
19.005470
14.008994
9.033142
14.027120
19.012311
9.023855
14.027214
9.030107
25.000928
14.000928
8.011379
19.006862
14.047527
9.031507
24.021704
9.025168
14.009708
14.006922
9.012651
9.016597
14.028113
34.005810
24.005590
9.016649
9.044074
4.042810
14.006983
29.010067
14.041227
9.030032
39.007895
7.004663
11.009986
19.028257
24.038332
19.006462
14.015895
19.017781
9.022970
9.012877
14.005570
9.021090
14.012971
14.016781
14.021168
59.032185
19.028011
9.019539
19.006902
14.015073
7.004990
12.003166
19.000928
13.009652
9.025268
11.004638
8.004084
15.004012
8.000928
13.020778
9.007022
19.022304
24.030625
14.009059
27.000928
12.005570
8.007009
14.027394
9.008414
9.023947
9.021124
9.034258
19.042731
14.008514
19.029375
14.031783
9.029290
15.009663
13.012991
9.010985
14.007122
9.011625
24.027584
14.036337
9.009532
9.007800
9.005130
24.008614
20.004446
8.024356
29.015804
19.028400
10.009181
9.000928
13.017713
9.015521
24.015595
29.023696
9.038200
4.022916
14.030097
19.020795
14.030805
14.029374
14.047711
9.024349
10.002526
9.004404
8.012571
4.028469
19.019808
9.019610
9.031931
14.027473
4.020358
9.022967
19.012417
14.013277
9.023592
20.011181
23.028537
14.028945
9.012158
14.033599
9.030068
5.005481
9.000928
23.028596
4.033448
4.043397
24.028781
4.020452
24.009606
19.022748
19.018817
14.011126
14.011225
4.038625
34.008355
14.035884
9.023121
9.011552
14.016005
9.031249
4.017980
9.034715
24.037902
14.002220
14.031049
4.042606
9.012402
15.000928
33.035019
14.027308
14.028196
9.018847
14.011349
4.045385
14.014323
14.029480
22.000928
16.011679
13.000928
25.005750
5.007809
38.034588
9.038487
24.030399
9.031892
9.028828
10.014965
13.022662
4.031766
14.026934
24.021830
10.002486
10.013881
7.020938
9.011365
9.037395
4.032064
21.002366
22.009587
14.006942
24.025247
9.031497
14.031981
24.015741
15.015341
8.035851
6.000928
7.023424
9.021464
9.035300
14.015173
9.036214
29.019872
14.022130
14.016221
4.021446
9.022736
9.002220
9.008634
9.049244
14.011722
9.018203
9.003738
14.021623
15.004466
13.030615
9.022755
9.028705
9.013682
4.031777
54.011339
8.000928
30.009727
4.034076
14.012751
9.007142
4.020072
19.020922
9.010667
5.000928
8.033362
5.002606
18.005790
14.013084
9.006962
19.026521
14.013303
14.042230
19.030472
9.037277
14.035307
14.010301
9.011739
9.011869
9.018587
4.038026
24.006802
34.014807
14.007815
9.014248
9.009407
34.009311
9.005676
9.029684
9.024116
19.013864
14.024055
19.013297
19.036072
9.012741
10.006965
18.016127
9.025794
9.043627
9.025846
9.022017
11.000928
7.011718
44.008354
9.007386
9.011158
29.016228
9.038369
9.008514
9.008455
14.018469
15.004370
6.000928
21.006010
9.012152
19.026608
4.035085
9.013171
39.015735
9.050848
19.013263
14.018357
14.008575
9.021134
14.017701
4.029941
39.028166
29.006458
15.000928
28.015729
89.023624
9.022985
14.005190
9.029632
34.048938
14.008455
14.027401
14.002220
14.016331
9.033884
14.007282
9.032006
14.013603
14.007342
4.044900
9.023148
19.024608
14.031304
14.029483
20.014857
23.022880
19.032114
19.007302
6.003166
22.013531
9.042406
9.045893
14.018859
16.004602
17.007002
19.027301
14.010307
19.016507
21.000928
20.004443
11.006862
14.007182
9.008334
25.004284
13.023836
9.012971
9.009692
11.004278
7.022326
9.014958
14.032886
14.005710
9.025036
9.025109
9.005510
19.011205
14.007363
9.026540
20.004602
13.015865
10.004242
13.013031
14.029215
14.035076
9.025399
19.017418
9.026428
14.024699
19.024812
19.016193
9.008061
9.030983
16.000928
7.038251
4.024409
19.006962
19.021496
25.000928
8.009707
16.004542
7.036904
9.025325
9.016187
19.007288
4.025501
5.000928
8.022755
24.040607
19.028265
14.016215
34.012449
19.010979
16.000928
12.008441
24.023837
4.051071
34.024526
34.026207
9.005850
14.011219
14.018253
9.007363
9.026401
14.013231
25.000928
4.005595
8.019752
9.027967
14.039988
9.012251
4.032665
9.008514
34.026199
9.011479
14.019712
9.019117
9.035503
19.021805
9.027634
19.013137
14.011939
9.008965
9.011379
9.020738
15.000928
18.023408
5.009821
23.013170
14.017981
14.010252
9.021546
4.033933
9.015533
14.007734
14.029939
15.000928
8.007732
14.028713
9.027604
14.009927
4.037145
14.010699
9.020787
31.008161
32.012397
19.025034
14.009666
9.009806
14.034240
15.007647
13.011519
10.012325
18.011272
14.020104
10.009083
18.028911
4.042296
19.012163
19.015101
24.030789
44.019880
9.037031
14.036758
4.026681
19.023821
10.000928
10.000928
8.008230
18.030156
9.014063
15.000928
10.000928
17.010845
19.034633
14.021862
14.029882
14.032607
9.032609
9.016823
9.012385
9.037821
14.026583
20.000928
9.006285
68.006562
9.020071
19.020119
24.031529
14.022904
9.028142
5.000928
53.019159
19.017210
9.030285
24.023316
19.036559
9.024235
39.024167
24.009627
9.013477
10.010101
10.008581
7.021377
14.036695
14.032232
9.011379
14.017635
11.007256
7.012759
9.029140
14.005390
84.021830
9.025020
19.020072
10.004787
13.018348
9.008394
20.005216
8.005210
4.036803
9.034781
24.022691
19.005450
24.026497
14.008535
39.015527
19.020804
19.010859
9.039223
29.025236
14.020984
10.002466
13.021998
9.038989
14.020923
9.016421
24.010603
16.004463
7.027491
12.000928
17.004562
15.003290
12.017115
4.035481
9.008595
34.029294
9.012509
14.011705
15.004162
8.019670
19.028341
14.009054
16.000928
7.020621
6.004602
7.049762
9.023618
5.000928
8.030126
20.008141
8.013071
29.010402
14.017387
19.027152
6.004603
12.005570
9.018181
26.015541
13.000928
8.024784
9.020072
24.021707
9.013151
9.017395
24.008335
9.017667
15.009801
13.016747
14.033178
9.023995
34.011717
19.022155
14.026359
9.009215
19.037905
19.016747
4.027133
15.000928
8.041897
19.032522
10.012425
13.008515
19.022963
19.010415
24.023514
19.034120
15.002886
28.037857
14.014843
12.000928
16.033110
9.029972
24.035815
9.024609
10.000928
18.030343
30.004103
14.004806
3.035621
14.021538
14.011259
19.018304
14.031565
9.037845
9.020988
20.004643
15.010841
17.020744
9.011665
9.034921
16.000928
7.020218
9.026130
9.008574
9.011251
9.036858
9.007442
19.022696
9.017597
15.000928
8.027866
9.026390
19.012551
14.016940
9.035027
14.010601
14.024180
19.005510
14.025383
45.002970
18.016437
39.016125
19.047271
4.031473
34.018413
9.036461
9.023976
9.031994
9.010066
9.022078
14.055339
9.018413
9.026084
19.052558
14.029111
9.024208
14.005430
34.038061
9.021298
9.007262
39.025841
30.004662
13.005830
54.010307
24.012617
15.000928
8.043753
18.000928
16.002486
23.024868
4.040130
12.004618
6.035954
9.012959
9.018759
14.023978
14.025984
5.004846
18.012451
4.022090
9.015301
19.030131
19.018745
14.012991
14.010741
24.030136
14.022290
14.023694
19.005870
9.032966
9.032851
12.004303
22.012433
13.007143
14.034813
19.038517
14.028262
14.010007
9.040300
14.011584
19.040845
4.021910
39.010252
9.021958
15.000928
8.038593
17.000928
16.019614
5.004302
13.011039
19.012654
9.016995
9.032713
9.005550
14.016588
9.035853
14.035258
29.018999
14.012691
9.050659
9.013443
75.003346
14.000928
8.020592
54.031631
34.029881
9.015093
19.015436
9.014337
19.013563
9.021584
9.034440
24.030616
19.020768
9.021963
6.004663
12.011439
11.007961
7.014463
24.032313
19.019626
9.026792
19.011859
9.015785
14.008815
14.022076
19.043763
29.052394
10.000928
4.000928
13.041167
9.002220
14.008975
14.007342
14.017661
19.029041
29.025641
24.046608
9.006962
19.031106
9.012712
10.000928
8.034083
9.032742
14.017267
14.040431
14.032873
15.005939
23.022692
11.004163
17.035921
14.014071
9.025394
19.028228
14.010667
9.022160
15.004487
14.000928
8.026181
24.010877
14.029642
19.030217
19.024828
9.012235
9.042127
9.030994
10.002446
13.030106
19.008434
14.030483
20.000928
8.005330
24.034549
14.015611
9.020731
9.006763
19.008835
11.005635
12.039980
14.018282
14.051674
24.027388
24.016167
14.006802
9.008195
19.014997
9.018966
9.031651
9.043703
14.006962
9.007222
9.009767
14.012751
9.029558
