109.000928
18.007004
28.017667
10.000928
13.025874
10.000928
33.005476
10.004686
13.018022
9.011735
14.016667
25.000928
8.035875
14.011238
24.034526
10.000928
9.010908
38.006070
15.000928
13.008894
20.000928
8.021128
19.024354
20.000928
13.008043
14.007028
15.000928
14.000928
4.000928
9.000928
18.002220
20.000928
5.010621
17.021880
9.010226
5.000928
9.000928
9.000928
14.000928
18.015755
20.012210
14.006334
13.026526
20.000928
19.000928
8.016961
25.000928
20.000928
8.000928
9.000928
18.012671
9.016453
9.039186
20.000928
9.000928
13.005570
9.055960
10.000928
8.049954
9.031751
9.006828
34.007168
9.008747
20.000928
8.011785
10.011170
13.039613
4.047946
14.007622
9.005310
9.020075
9.024623
9.020946
15.000928
33.040527
22.000928
12.000928
8.009927
9.016653
9.009882
14.027897
10.000928
8.006783
5.000928
13.005470
8.000928
16.000928
8.025510
18.000928
20.017180
15.000928
23.007322
9.006820
12.004623
11.012966
19.025314
9.011879
5.015269
19.000928
23.031777
10.000928
8.026096
14.009448
10.000928
13.007008
24.032591
24.005110
11.013121
8.004058
16.014601
11.010547
15.000928
8.047153
9.020520
19.052267
9.028334
14.020351
5.000928
13.020365
9.025014
5.000928
13.021561
30.000928
13.010947
9.019864
9.019337
30.010850
8.029486
20.000928
8.012438
9.010066
11.000928
33.000928
9.000928
8.019160
14.005990
19.005890
9.019488
14.009174
27.000928
11.020174
15.000928
18.015333
14.005650
14.018146
25.000928
8.005570
20.000928
14.000928
24.000928
13.005270
10.000928
8.021096
9.016215
29.007920
14.032243
20.000928
13.022687
14.017165
9.032143
21.014221
27.010281
14.030940
21.000928
33.000928
8.021667
9.008841
10.000928
18.007855
19.013539
40.000928
13.008188
9.029493
19.019220
19.014303
19.005070
14.033539
14.007828
29.005730
25.000928
13.007362
9.009687
20.000928
13.044322
25.000928
18.007922
20.004483
8.025632
30.000928
8.015595
9.024940
9.013137
14.031009
10.006019
8.006583
9.015835
20.000928
14.007574
33.016127
10.000928
8.005910
8.000928
20.014369
4.046937
30.000928
13.018506
35.000928
23.034343
5.000928
19.000928
14.000928
4.000928
13.021973
9.028974
9.017640
20.000928
29.000928
13.012883
19.008581
30.000928
18.007662
9.032632
19.020461
11.000928
7.019660
44.028526
14.008495
9.016391
5.000928
14.000928
8.029649
9.045767
15.000928
9.000928
9.000928
18.012451
19.012833
14.010923
34.041750
10.000928
8.018406
20.000928
14.000928
9.000928
14.006930
8.034314
5.000928
33.006928
111.000928
17.023678
15.000928
14.000928
9.000928
13.013727
5.000928
14.000928
9.000928
13.030304
9.020888
4.034033
10.000928
4.000928
18.035243
20.000928
14.000928
8.029684
9.034304
24.002220
10.000928
23.044771
5.000928
8.018992
15.000928
13.016029
20.000928
8.018082
10.000928
13.022231
14.023413
9.011359
24.031554
10.000928
43.047444
29.007043
9.027788
29.006988
14.006769
45.000928
8.012731
9.020152
19.013131
9.021964
19.005870
5.000928
28.005370
14.006049
5.000928
12.000928
15.022524
10.000928
4.000928
5.000928
22.017215
4.039475
24.021508
14.038612
14.007602
130.000928
23.006209
9.037005
9.030862
25.000928
8.007402
4.029505
9.051949
14.033777
19.031104
6.006765
8.000928
8.049785
15.000928
8.052078
20.000928
8.050235
5.000928
16.000928
11.016743
9.031744
9.016619
9.024107
9.046865
15.000928
14.000928
18.015996
15.000928
8.042594
35.000928
9.013301
14.000928
8.041463
10.000928
9.000928
14.000928
18.007408
11.007361
7.024316
107.000928
6.034867
10.000928
14.000928
13.039033
9.038177
5.004770
18.009273
10.000928
13.039530
14.006562
9.005610
20.000928
13.017959
19.016185
24.036660
10.000928
23.005870
14.031765
10.000928
20.000928
27.007482
5.000928
18.005790
5.000928
13.008486
11.000928
13.000928
24.000928
18.007166
10.000928
24.000928
13.046739
9.007402
34.029342
9.014579
15.005890
8.013844
19.030435
14.011271
9.025569
9.005210
9.009433
9.007254
15.000928
13.026832
9.040280
10.000928
18.022008
20.000928
20.000928
9.004322
17.026620
10.000928
8.014693
14.029284
24.045048
9.037901
10.000928
13.012221
111.000928
7.027464
9.026934
29.008828
15.000928
8.017391
10.000928
13.014375
25.000928
9.000928
9.000928
9.000928
13.021986
9.017871
16.000928
22.012423
31.000928
12.037991
10.000928
8.025555
19.025434
14.027414
54.005590
15.000928
13.023977
10.000928
8.008760
5.000928
13.031475
24.030657
16.000928
12.038176
116.000928
23.000928
14.000928
13.013588
10.000928
28.009775
19.007908
10.000928
9.000928
33.008706
14.015801
19.028128
19.005690
10.000928
15.000928
7.013065
14.039561
25.010910
9.000928
19.000928
9.000928
9.000928
18.036724
5.000928
24.000928
13.029373
20.000928
8.010199
20.000928
9.000928
9.000928
25.000928
22.007502
19.008594
10.000928
14.000928
8.016127
20.000928
8.018852
26.000928
13.000928
28.007102
9.032338
20.000928
24.000928
8.020574
16.000928
17.027538
9.019003
10.000928
13.014117
24.005910
24.005990
10.000928
10.000928
12.025312
29.007162
29.005590
19.032341
19.030498
26.007130
13.000928
18.022985
5.000928
28.011458
24.005550
25.000928
21.000928
6.010721
24.010147
25.000928
48.035290
14.022404
14.034073
115.000928
13.011258
24.005990
19.007522
14.011380
4.024661
9.038016
14.010587
21.000928
17.007521
20.000928
8.010939
34.007282
14.008596
9.009268
14.028173
115.000928
18.005830
14.018314
14.020330
39.007322
24.008048
14.008687
9.043484
6.000928
8.000928
8.011597
9.043810
19.022304
20.000928
24.000928
8.017760
9.019188
5.000928
18.005510
10.000928
13.009678
9.023471
19.030139
9.038945
21.000928
12.018974
32.000928
17.000928
23.005670
30.013961
19.000928
13.025228
19.054172
10.000928
28.005730
14.005710
9.024886
15.000928
6.000928
41.021554
25.000928
8.026446
4.046101
19.011006
14.002220
14.021530
19.009000
39.011127
10.000928
19.000928
20.000928
12.037821
9.010127
20.000928
8.010787
19.043052
10.000928
23.042262
9.052418
10.000928
14.000928
8.035976
15.000928
4.000928
9.000928
23.006570
19.007974
14.030481
5.000928
8.012923
5.000928
9.000928
4.000928
4.002706
8.010100
15.000928
13.036939
15.000928
4.000928
8.019423
14.005922
9.053235
15.000928
13.028882
9.034027
9.007323
9.026452
14.028499
19.019618
20.000928
8.014003
5.000928
4.000928
9.000928
14.000928
13.031352
20.000928
13.010013
35.000928
8.009907
19.026333
15.000928
4.000928
13.018706
9.007362
14.030033
10.000928
14.000928
8.015361
11.000928
17.007462
9.025754
14.006648
5.000928
4.000928
14.000928
8.026786
9.049404
19.005470
14.026725
9.028770
5.012300
90.000928
18.000928
14.000928
13.008722
9.008819
5.000928
4.000928
8.029302
14.024548
10.000928
18.002220
5.000928
8.005630
20.000928
8.023794
30.000928
13.008041
9.015361
20.000928
8.024334
9.010587
9.029424
9.015261
25.000928
8.022269
54.007329
19.041373
20.000928
14.000928
8.006842
5.000928
28.042846
10.002706
8.011291
25.000928
24.000928
39.008210
34.000928
8.036812
14.014089
9.015875
10.000928
24.000928
14.000928
18.012977
39.036055
14.006090
20.000928
13.014757
24.012551
10.004586
8.053751
21.000928
12.007022
24.008928
5.000928
8.007182
5.000928
19.000928
24.000928
14.000928
25.000928
13.000928
24.000928
14.007691
18.046007
19.029410
9.008660
29.008008
9.020263
5.000928
14.000928
13.007286
9.049044
24.023648
9.015709
15.000928
8.008841
6.004586
99.000928
22.011560
15.000928
19.000928
8.021891
9.022754
50.000928
13.009086
35.000928
13.015437
9.008028
9.017294
14.010613
14.017193
10.004422
15.000928
8.000928
13.013035
15.002770
24.000928
8.009946
25.000928
14.000928
11.000928
26.009979
19.029894
10.000928
14.000928
13.013223
9.042813
9.035219
9.008168
26.000928
13.006605
14.000928
9.008381
13.048952
10.000928
14.000928
16.000928
6.009587
9.005416
129.026759
9.012057
14.039951
14.031771
19.013629
15.000928
8.025454
35.006119
14.004542
8.010833
15.000928
9.012533
11.012621
21.014926
10.000928
8.008293
14.020610
9.015183
5.000928
18.026499
20.000928
14.000928
13.025805
40.000928
8.021184
19.032610
9.021536
10.000928
14.000928
24.000928
13.005270
26.000928
17.005430
16.003592
12.012317
10.000928
4.000928
9.000928
18.006030
9.023332
9.010047
5.000928
8.027176
14.026080
5.000928
9.000928
15.000928
22.006902
5.000928
13.010992
14.022828
9.013198
9.027784
9.006074
14.023808
4.034186
10.000928
13.005990
14.008220
9.033196
10.004562
8.005410
27.000928
12.000928
24.000928
43.007282
10.000928
8.008808
9.029254
10.007150
9.004342
14.000928
13.017225
14.027867
14.045671
14.021902
25.000928
4.000928
33.009040
14.007782
24.040356
5.000928
9.000928
8.011571
10.000928
21.004310
17.000928
8.012131
10.000928
9.000928
43.047220
9.016837
15.000928
115.000928
12.010582
14.034892
44.006150
21.006905
23.000928
13.032251
34.036161
10.000928
19.000928
24.000928
24.000928
39.000928
13.005710
19.023037
15.000928
13.012546
14.020070
125.000928
34.006705
13.031743
30.005435
