108.004443
10.000928
38.000928
18.029866
4.017068
14.011691
5.000928
13.013912
9.022172
10.000928
18.037455
24.009807
30.000928
8.022038
14.033045
6.002806
22.018966
15.008821
14.000928
10.000928
12.020504
9.018277
9.041417
9.027991
14.043459
11.004463
7.026832
24.059570
14.013869
19.025540
9.009960
19.033284
14.025475
29.009799
9.016312
9.024177
9.016221
15.005227
23.015925
14.010073
34.032811
9.041793
24.006070
19.027613
14.019481
29.014043
14.020046
14.034269
9.013331
14.013615
10.000928
13.043330
14.013063
14.045298
19.017222
9.029723
24.011099
19.025036
14.008255
12.011761
16.023021
15.000928
10.002906
20.003426
16.010191
14.016588
11.003126
33.005064
10.000928
12.017081
30.004592
18.012423
18.000928
20.007669
9.029379
9.033366
9.013349
19.034845
9.023262
9.019411
4.032689
9.035392
14.037753
14.030529
20.000928
8.039940
29.007003
4.022188
55.002871
20.000928
12.029089
9.016482
29.025130
19.011513
14.009767
9.033879
9.025910
15.000928
18.018936
9.023987
14.011139
29.017040
16.000928
8.000928
8.011825
14.035957
19.007323
7.000928
23.004562
17.011185
9.032568
4.034809
10.000928
13.018234
24.009040
29.009773
35.003066
18.045532
10.000928
23.027814
19.010453
19.036179
14.016588
12.004282
16.010819
24.026873
19.035796
21.004583
7.027499
39.010845
14.008017
14.023692
9.033393
21.004558
27.008606
9.032420
14.031683
19.026170
24.014704
19.034237
4.048078
29.009973
4.025846
14.043470
14.011386
19.007162
9.012165
14.016390
14.005631
10.005357
5.009030
7.040178
14.009847
29.021680
9.043467
14.028784
6.002346
12.044840
9.018206
6.000928
12.019410
11.000928
17.025374
14.029883
9.017980
17.003266
11.046461
6.000928
28.000928
8.044333
11.000928
15.004222
21.013097
15.000928
18.030364
9.023590
19.017595
4.030891
29.005896
14.022549
24.044669
19.021283
9.007335
9.012025
11.000928
15.010901
14.000928
21.005630
21.000928
7.044333
14.014271
9.025514
14.024530
29.028749
6.000928
17.009946
11.004242
22.027297
10.000928
9.004403
13.020698
9.020470
15.000928
8.006908
24.012631
14.029718
9.021583
21.002486
22.017460
9.023971
19.015821
9.054267
20.000928
18.012811
9.025799
16.005065
7.047784
19.008235
9.008535
9.048517
9.023362
9.011185
5.000928
10.002846
20.000928
16.022107
39.020919
9.010107
14.010206
14.014003
4.046488
16.002486
17.023662
6.000928
8.002506
38.006923
29.023244
29.042092
9.019536
25.000928
13.037602
29.016955
14.024386
19.031523
19.016308
9.023462
19.016886
20.004522
13.039593
19.023158
9.013448
14.044472
24.014638
14.039242
34.016089
9.020896
14.016471
4.027530
9.024689
19.011199
9.035361
14.028101
21.002486
7.026040
14.032120
14.037161
14.024111
9.022453
9.018945
24.013783
14.008629
4.021164
9.026527
19.047300
14.008455
4.041649
9.024512
14.043519
10.004183
8.015176
9.044688
14.010007
15.006461
9.000928
8.011265
19.011305
9.019811
14.010421
10.013961
18.034898
11.000928
7.025552
25.004418
8.008800
9.026560
14.010873
11.005170
13.014401
9.000928
8.033919
9.031495
16.004698
17.011669
10.000928
18.022016
9.036888
9.033402
15.000928
18.010397
14.032664
14.019812
14.024504
29.029652
24.008375
14.009527
14.034878
9.014433
20.004503
14.000928
43.029060
9.012973
19.011831
15.003733
13.036595
9.024834
4.039213
24.019743
9.027676
9.018186
9.016186
9.024148
14.030204
24.019862
6.004264
17.009055
4.041640
10.000928
33.011575
4.028272
17.000928
11.023313
7.000928
16.015131
9.016948
24.005956
9.018342
24.012471
14.020114
9.023236
9.006989
9.032372
9.033949
19.006382
9.039000
10.015697
13.008215
9.026248
14.017549
15.000928
18.029738
9.039385
5.000928
28.029358
9.021358
14.008741
14.011805
14.025301
9.012817
7.000928
31.007881
14.035102
20.000928
9.000928
13.037420
7.000928
12.000928
4.000928
18.039655
19.016821
9.016049
24.006948
6.009481
17.031874
14.011405
14.008541
10.000928
8.023835
34.017885
9.036599
10.014881
28.013117
9.022488
14.019272
9.009967
16.000928
12.009034
14.023368
24.018945
9.048707
14.025367
20.000928
18.008161
9.016075
39.015352
14.017247
32.004562
21.035120
19.015015
9.008548
14.017473
10.000928
13.042046
14.030870
4.038551
24.016628
9.052745
14.024352
11.000928
7.027134
14.015637
19.027671
9.015679
4.043780
9.017106
14.026009
5.002626
13.026375
4.035703
19.013895
19.006543
4.048156
5.004666
3.033410
15.000928
13.043548
14.017457
19.005351
4.027688
14.010959
9.037382
24.004078
9.026962
19.020877
16.000928
7.032191
14.023029
34.023942
7.000928
11.005470
19.024032
15.000928
10.004622
7.023220
19.049838
19.007840
24.032947
14.021474
14.032102
14.008815
19.009587
4.031915
24.033178
20.015625
8.037565
14.009786
14.019726
40.002666
25.000928
14.004043
12.051807
29.031011
9.019540
10.014021
8.029190
14.025909
15.004203
8.025311
11.004383
7.048303
19.016101
5.000928
13.016215
29.022797
9.026271
14.053534
29.014757
21.000928
14.000928
12.035054
14.025434
14.021344
9.035020
14.009973
25.003026
18.026552
4.024085
9.038924
24.007543
11.000928
7.034701
9.023469
20.004901
23.034734
4.035902
5.000928
8.046001
14.019610
4.030983
19.006110
9.016434
4.035395
19.034549
14.032429
14.013843
9.014908
15.004282
8.011045
10.000928
18.013903
9.034595
9.008555
14.010913
21.004518
12.010483
14.030800
9.030179
14.038248
14.012711
9.033330
9.030964
11.004283
13.004542
13.011299
20.000928
18.003738
14.022730
19.015561
20.000928
19.000928
8.033255
9.023596
14.037273
11.004652
22.017103
9.014703
5.004024
23.046590
24.015709
19.008435
19.039674
9.033988
14.017988
16.000928
7.007043
14.015849
24.042682
12.003386
16.024274
11.003466
17.015615
9.019112
19.015222
14.012611
43.000928
25.009368
46.013301
18.000928
13.034697
14.029241
4.039640
8.000928
20.028613
9.023276
9.026498
9.028654
39.011539
19.005930
14.006628
19.028015
9.043041
6.004483
7.017055
17.000928
8.003466
17.021604
19.038163
34.035264
9.031235
15.000928
8.032495
6.000928
9.004062
12.026718
9.028249
9.027547
7.002406
11.048514
4.037589
4.049614
35.000928
8.025234
14.030920
6.000928
7.026829
9.010599
9.018243
9.041915
10.000928
13.013377
4.028316
15.004503
13.023216
14.030436
10.000928
18.019358
9.025773
12.000928
6.022594
24.015795
24.008606
19.020681
29.020964
20.004642
19.000928
8.036736
35.006645
8.041646
9.042439
9.042830
9.031911
9.028952
9.023651
9.029386
9.031054
14.031870
9.017527
9.036056
15.014125
20.009070
22.011719
14.024872
14.014843
15.004603
13.013887
19.019380
24.042407
9.025988
19.030899
19.011139
16.012481
12.020646
14.021471
9.021769
24.026960
6.002786
12.022922
15.000928
13.026086
14.014269
16.002546
12.035556
19.037865
14.010093
14.016590
35.000928
13.024918
15.000928
8.042362
14.030879
10.007831
13.005230
14.012685
29.017785
34.007149
14.023157
14.024474
25.002726
8.030441
9.028511
14.019140
9.010061
4.024915
9.024348
14.012351
29.013171
9.015396
10.000928
13.013811
10.000928
23.017494
14.009947
39.002220
9.023537
24.010919
19.013677
19.023042
9.044612
19.027707
19.011699
9.028622
14.029976
14.021782
19.012937
9.028029
9.051811
15.000928
23.026627
4.022732
14.021224
10.000928
18.005356
5.000928
18.026460
9.030509
20.000928
18.025151
19.012971
14.011319
19.011271
5.000928
13.025144
9.005630
9.036441
24.024855
24.013061
14.022463
19.012151
9.009579
14.006829
11.000928
7.005430
9.048657
5.000928
8.044432
29.015971
9.020384
14.021356
24.015495
9.035317
9.042289
14.016396
14.014263
14.025548
4.049556
9.019131
9.013357
9.028740
9.023176
29.009369
9.022619
9.019114
34.019404
25.000928
13.019155
15.000928
5.000928
12.020676
14.008755
9.037071
9.033968
9.036433
19.025448
14.017638
9.011957
14.024117
14.005516
4.039098
14.022516
4.041693
9.043309
14.034890
9.008215
19.009713
11.003126
8.000928
33.023240
5.000928
13.039995
12.004684
7.003792
13.020664
14.020011
24.022745
10.000928
13.026287
9.014004
19.026919
5.000928
4.009619
28.023102
4.037612
9.021037
19.015735
9.041078
19.035930
14.011365
19.035305
9.020669
34.020627
14.016948
9.010279
19.023713
10.000928
13.009567
5.003266
24.000928
4.000928
28.053461
19.007683
15.004642
3.035079
14.035179
24.007043
4.024336
14.008581
29.036107
14.012937
20.004302
8.018399
20.003250
15.004363
12.010087
14.042596
25.000928
3.031963
14.040324
14.015595
9.021304
19.008880
14.019483
9.029852
12.000928
16.007068
14.011365
19.032074
24.026368
9.027689
9.011993
14.016561
14.029732
24.038129
9.011795
9.023254
9.026559
4.020832
19.032421
14.006110
9.008829
10.000928
23.005416
9.016387
11.000928
12.043754
24.005250
19.015823
14.026181
14.013649
9.039245
14.029742
4.044279
24.029138
14.005770
9.019014
10.005615
13.036265
19.039980
9.025737
19.027070
24.020720
9.027706
9.037685
19.009215
24.017746
19.016807
9.018906
9.021370
31.000928
17.012959
29.003798
20.000928
24.000928
18.019398
9.035356
19.012871
9.018083
14.007142
24.014453
14.019596
14.016834
24.016560
14.014961
9.014034
4.033426
39.036295
9.030489
14.018422
9.007988
5.000928
13.016120
9.014648
29.036062
9.016799
19.017761
34.025788
19.013629
9.014135
24.033575
14.031093
29.013027
9.022316
14.012925
14.041692
9.036966
29.028585
4.039497
16.000928
15.000928
21.031467
29.016728
9.007282
19.008774
9.032338
24.012097
9.031960
10.000928
5.000928
7.016419
4.032758
14.015507
14.011499
5.004772
103.016469
9.010899
34.002220
9.019586
14.029623
9.036100
24.018617
9.013945
14.028133
14.013724
9.024753
14.011279
14.035385
14.029669
11.002606
12.021176
14.011673
5.004323
18.023850
4.036800
14.023297
9.043018
9.016054
15.000928
29.000928
13.013317
14.037863
19.007128
19.017185
14.024937
9.045429
9.025652
19.029335
9.042010
10.000928
18.014749
9.025600
9.016701
20.000928
10.000928
22.029925
9.030605
21.000928
23.000928
8.013717
34.039625
10.000928
10.000928
12.020660
16.000928
17.030269
9.034368
9.017427
12.000928
11.031440
19.008335
9.036172
21.000928
18.000928
13.005210
24.015135
9.005690
19.034616
14.017115
20.008921
14.000928
15.000928
22.027128
14.036989
9.003798
14.028818
14.019425
9.031858
21.000928
97.031458
9.017600
5.000928
15.000928
7.014734
14.023754
14.008402
5.000928
13.007103
14.036802
26.004312
7.043259
9.028859
21.000928
7.038749
14.019784
14.028567
9.012507
15.000928
8.029436
25.000928
9.004552
8.027988
9.020017
24.010505
9.024429
14.014549
21.004603
8.007901
8.021501
19.032113
9.037331
14.038120
14.022944
11.002346
14.000928
12.037085
5.004203
8.014593
14.021164
14.022270
20.000928
18.009527
19.041890
35.000928
8.017048
14.042105
10.000928
8.019028
10.000928
8.025654
24.028970
9.026821
14.020791
11.000928
22.011179
19.010167
54.007981
19.010731
19.025621
9.042166
29.019558
14.010221
14.016687
9.025588
10.005795
29.000928
9.000928
8.036192
9.052840
10.000928
8.022279
9.054305
9.011171
24.042756
9.044641
16.000928
12.015678
15.005635
8.019004
24.029621
4.044659
20.000928
