14.000928
17.008975
21.000928
17.010567
36.000928
22.015783
11.000928
22.013659
31.000928
17.022403
9.010819
30.002366
18.008094
34.010213
31.000928
9.000928
12.014311
9.018857
46.000928
22.008694
41.000928
12.010618
19.011789
50.000928
38.011087
14.011979
12.000928
22.000928
23.005950
69.013937
16.000928
22.021041
20.000928
18.022227
9.029488
19.017901
14.013351
19.005310
39.005470
69.002220
34.013385
50.000928
19.000928
20.000928
9.000928
47.007822
26.000928
33.000928
15.000928
34.000928
18.000928
4.000928
14.000928
16.010030
11.023404
30.004606
23.007328
16.000928
12.011879
41.000928
17.016397
19.020897
24.011819
9.008961
25.002846
14.000928
88.013925
31.000928
34.000928
28.000928
14.000928
28.013431
26.000928
18.000928
23.010067
36.000928
12.011611
19.013471
21.000928
19.004162
32.009375
19.011285
24.010047
36.000928
15.000928
18.000928
14.000928
37.009747
29.010633
9.031670
12.000928
27.000928
35.000928
27.018117
59.013451
9.024622
46.000928
18.000928
18.030750
21.000928
7.020091
10.004483
13.005330
16.000928
12.006010
49.011326
119.010047
40.004130
8.012929
21.000928
9.000928
22.005350
56.010050
22.015371
19.014191
21.000928
23.000928
28.014403
34.016041
11.000928
17.009001
19.011659
61.000928
17.012824
39.015147
19.009827
10.000928
18.013281
31.000928
14.000928
44.000928
9.000928
37.005870
50.000928
23.005930
45.000928
13.009526
30.000928
18.005370
24.005790
9.016577
30.000928
50.000928
17.005384
29.007142
6.000928
22.009799
14.025802
25.000928
35.000928
9.006770
23.000928
15.000928
22.008874
14.005750
46.000928
98.000928
18.010985
29.010107
29.008101
44.006822
7.000928
41.006982
14.007521
14.013943
9.020999
24.018893
9.006803
31.000928
9.000928
57.007282
19.005184
24.032653
9.023381
9.005676
26.000928
22.010147
11.000928
8.000928
8.021703
24.011299
25.000928
13.008975
16.000928
22.005810
10.000928
10.000928
18.000928
15.010370
27.008621
24.008674
14.007263
41.000928
27.012045
50.000928
23.008514
14.010431
49.015223
35.004422
10.000928
17.010047
21.000928
24.000928
23.000928
24.000928
15.000928
44.000928
14.000928
13.000928
23.018425
20.000928
10.000928
24.000928
12.007529
29.006728
6.000928
7.008935
19.005190
14.009001
40.000928
20.000928
12.007342
14.015735
31.002226
107.014125
11.000928
42.015205
39.010787
9.028176
16.000928
19.000928
28.000928
25.000928
17.014763
26.000928
12.012901
20.000928
9.000928
29.000928
9.000928
19.000928
19.000928
13.013665
30.000928
123.008574
6.006135
32.005730
11.000928
7.006655
59.007302
31.000928
22.010047
9.023408
9.023918
25.000928
28.012691
16.000928
27.013211
47.000928
42.000928
14.006850
38.011073
14.015173
14.015963
19.011347
14.013157
41.000928
12.011139
15.000928
23.022845
6.000928
32.010539
30.000928
8.011399
35.000928
10.000928
12.011121
11.000928
17.015759
19.006722
36.000928
38.000928
43.011689
24.013819
24.007254
27.000928
48.000928
38.000928
53.010587
24.009687
20.000928
19.000928
15.000928
9.000928
13.000928
13.014629
44.014255
49.011305
19.005930
19.009687
29.008434
10.000928
15.000928
19.000928
38.004102
40.000928
23.000928
14.000928
8.017878
29.009707
19.012039
20.000928
18.011007
25.000928
50.000928
32.013883
11.000928
17.014055
29.005510
45.008150
8.019347
55.000928
35.000928
19.005910
12.009967
19.021250
25.000928
28.011879
19.009487
29.011925
11.000928
8.000928
43.006642
9.011707
24.023687
35.000928
8.005324
19.006982
31.000928
32.008001
34.021159
26.000928
8.000928
15.000928
67.007162
20.000928
13.006503
29.011539
16.000928
47.006396
29.013717
20.000928
8.011185
19.014963
24.011965
14.012971
49.015557
16.000928
22.019597
29.016789
19.008355
19.015901
14.023327
20.003370
33.011721
7.000928
11.008054
41.000928
24.004970
24.000928
13.000928
23.024658
29.008761
36.000928
22.016391
39.007562
61.000928
30.000928
17.000928
25.000928
27.016550
14.014877
11.000928
22.008477
24.009766
49.011359
24.007022
36.000928
14.000928
12.005870
39.005670
34.009287
25.000928
20.000928
14.000928
17.008448
6.000928
14.000928
14.000928
19.000928
12.019144
125.000928
23.008040
31.000928
7.026785
10.004323
38.016701
39.011559
26.000928
17.027263
14.014689
25.000928
8.002220
20.000928
8.011393
15.000928
15.000928
13.000928
28.025740
35.000928
14.000928
9.000928
38.009295
11.000928
27.011369
30.000928
10.000928
8.000928
8.016367
16.000928
23.000928
23.009987
19.024618
59.019269
15.000928
23.008649
29.010047
16.000928
22.005830
24.011245
19.010887
30.000928
70.000928
24.000928
27.011678
14.011713
29.013843
11.009350
32.013159
19.009114
21.000928
17.009074
45.000928
23.008495
34.002220
34.010825
10.003230
84.000928
33.007222
10.000928
34.000928
33.008195
25.000928
18.011759
30.000928
38.017815
89.016551
29.010805
9.012643
15.000928
40.000928
18.000928
9.000928
18.025027
39.013477
31.010750
32.020794
16.000928
47.008515
10.000928
20.000928
12.007482
24.011211
29.007143
34.011339
9.009255
19.007882
39.007622
19.007755
24.008685
9.026520
44.022310
14.009567
10.000928
13.022898
29.014965
20.000928
20.000928
12.010209
20.000928
5.000928
9.000928
34.000928
42.012019
34.012911
35.000928
8.013251
11.000928
32.028446
24.012445
24.005630
14.016375
44.028342
6.000928
23.000928
9.000928
16.000928
17.000928
8.016883
19.019984
14.008114
25.000928
20.000928
14.000928
7.010601
50.000928
10.000928
14.000928
40.000928
23.006414
18.000928
48.015143
41.000928
32.008314
39.008400
16.000928
38.000928
15.000928
23.004402
8.007434
69.009566
20.000928
29.000928
48.010607
10.000928
23.005182
21.000928
23.000928
40.000928
17.008555
14.007949
26.000928
9.000928
13.004686
14.000928
14.000928
18.015143
24.022663
15.000928
24.000928
25.000928
17.010747
31.000928
37.022587
16.000928
28.000928
29.000928
24.000928
15.000928
18.004283
20.000928
14.000928
22.021404
37.000928
36.012903
19.010725
14.012577
15.000928
33.020805
24.008534
16.000928
12.009567
100.004543
13.019816
15.000928
29.000928
13.013403
29.012264
9.024870
39.014343
31.000928
17.015993
15.000928
60.000928
22.017137
20.010030
18.009687
21.000928
12.014789
36.000928
12.009767
31.000928
17.007248
74.015333
36.000928
22.009932
25.000928
10.000928
33.000928
38.016969
19.005284
14.008228
10.000928
28.008660
24.018987
21.000928
18.000928
15.000928
28.000928
33.008175
9.010451
36.000928
12.016465
24.010287
49.019157
51.000928
27.014129
19.012256
34.008295
21.000928
9.000928
22.006110
15.000928
13.009867
14.011313
19.025464
15.000928
25.000928
23.000928
19.000928
15.007090
5.000928
22.000928
24.000928
9.002466
14.000928
18.009609
16.000928
22.007283
19.025078
46.000928
27.011871
9.017523
25.000928
5.000928
5.000928
16.012877
19.005710
34.010227
29.009787
31.000928
8.004543
80.000928
35.000928
22.002986
23.008695
36.000928
17.017687
39.015169
30.000928
108.008180
19.010659
11.000928
27.009913
45.000928
49.005935
10.000928
18.000928
28.011085
120.000928
14.000928
23.017287
24.015429
35.000928
13.008682
19.006742
19.031624
9.021172
6.000928
14.000928
14.000928
28.000928
28.005012
19.009707
35.000928
13.022434
39.008634
37.000928
21.033580
34.005442
19.011371
49.005590
20.000928
18.008655
29.014273
64.006642
19.004696
29.010845
6.000928
18.000928
33.011905
16.000928
23.008810
20.000928
14.000928
34.000928
17.023625
24.006822
19.011739
15.000928
5.000928
18.000928
63.011719
24.019354
21.000928
37.009967
19.012579
39.011065
47.000928
12.000928
34.000928
20.000928
10.006750
12.000928
10.000928
9.000928
12.022970
39.014509
20.000928
28.005244
45.000928
40.000928
22.008562
29.011533
15.000928
43.005750
59.005671
14.005790
26.000928
9.000928
12.008414
31.000928
19.000928
14.000928
107.013501
34.010061
30.000928
30.000928
9.000928
12.014199
6.000928
42.020279
19.011605
14.019059
26.000928
27.008034
9.014463
20.000928
48.007302
6.009890
14.000928
52.011459
25.000928
33.011147
6.000928
24.000928
17.013263
11.000928
17.015571
50.000928
33.006010
19.008214
29.011739
44.016979
14.011399
44.015329
35.000928
15.000928
12.008855
35.000928
11.000928
37.000928
38.005384
20.000928
30.000928
19.000928
27.011259
9.009853
16.000928
7.006703
21.000928
12.012857
51.000928
12.007203
26.000928
13.000928
23.018254
54.018509
16.000928
8.000928
15.000928
62.016695
34.013757
16.000928
12.014043
24.008807
21.000928
17.011147
29.008341
29.013381
9.011219
16.000928
28.000928
9.004018
8.013721
34.011979
10.000928
13.009589
34.012169
31.000928
19.000928
34.000928
12.016445
19.032108
15.000928
15.005810
22.013267
19.013821
49.008274
40.000928
5.000928
22.010567
30.000928
15.000928
27.019971
19.011447
19.010007
64.009341
9.008261
34.010113
21.000928
10.000928
16.009707
11.000928
14.000928
14.000928
9.009030
13.010090
38.016029
9.016927
19.005091
9.009486
10.000928
19.000928
8.009446
16.000928
33.003090
20.000928
12.016039
31.000928
28.000928
29.000928
13.013969
14.021378
19.015269
26.000928
13.000928
34.000928
5.000928
23.000928
25.006394
7.019678
19.015073
15.000928
43.010007
9.015329
34.010347
24.016005
11.000928
15.000928
11.011685
26.000928
37.006214
31.000928
23.000928
10.000928
18.000928
19.000928
20.000928
32.006943
34.007709
60.000928
