5.031782
16.022030
4.049580
19.026646
24.035277
19.051889
10.002806
8.015875
9.035839
34.024495
11.000928
7.013171
9.034783
9.008687
15.000928
3.036219
15.004732
8.021176
10.006956
5.004662
7.017422
29.013973
14.033295
19.031205
5.000928
8.016488
5.000928
23.022618
19.019326
9.043345
11.003693
22.005490
14.008635
24.028255
24.031335
19.028094
4.061197
29.015827
14.021704
9.020170
19.009407
19.013059
9.020994
19.023548
19.033543
4.026753
15.009041
8.031852
9.015041
9.021830
9.014623
9.023132
21.004262
7.044752
10.003146
5.000928
12.023705
4.027606
15.002846
9.003386
8.018530
4.024094
24.013989
9.022634
9.017447
4.026168
15.019903
8.024969
9.006823
4.059028
9.022916
9.037267
4.049989
14.007148
19.033771
9.015521
20.012101
13.049200
9.011033
14.005610
9.044551
29.030438
14.019175
4.040602
20.000928
13.010027
4.024969
24.019508
14.025292
6.000928
7.030016
9.015249
19.029124
4.035035
19.019172
9.015375
5.000928
8.016841
11.012741
12.011185
9.029729
14.032896
4.029512
39.023658
9.023741
14.040731
9.005690
15.004662
19.021721
8.040939
9.021642
19.037181
9.021036
9.018980
24.020022
14.034238
10.000928
8.029337
19.025042
29.024416
29.017021
4.022236
14.048423
14.008095
15.000928
13.022131
24.008055
9.006702
9.027585
10.004442
13.031976
19.028674
9.006423
4.033684
19.011745
4.031242
19.021718
9.032489
24.039296
9.020032
10.003446
4.000928
13.017334
11.003818
12.014155
16.004642
17.035477
14.021859
9.020578
9.017003
9.025344
6.000928
17.034971
9.009633
4.026618
9.043495
14.028668
9.014357
9.011559
5.000928
13.022996
9.041135
11.005970
22.021876
9.034483
35.011065
7.000928
10.021601
9.014143
24.019106
19.023453
4.031117
26.011401
12.028190
14.035254
19.020577
9.013157
9.042827
14.013723
9.026317
14.008315
9.011996
9.015487
19.029170
24.010519
15.018250
13.021270
4.034223
29.011887
9.012731
19.039267
14.011405
19.040289
4.030163
24.027144
4.021430
9.015217
19.013361
14.042972
9.025970
14.012685
29.006462
20.003732
23.009647
9.014398
9.026726
10.004343
8.013325
24.017034
24.019780
9.016839
4.031988
17.006661
6.036220
4.023768
9.020254
20.005814
15.007042
12.028991
34.015865
9.024314
9.010729
4.038349
14.029779
5.004344
15.007889
17.017268
9.027805
4.015841
14.009387
9.020804
12.000928
11.021252
20.004442
9.004243
16.000928
26.023352
19.016945
14.029448
4.014911
14.022182
14.022016
14.018422
15.002886
13.007008
9.027651
9.014143
7.008010
11.018286
24.025208
4.023582
14.028923
21.008281
8.000928
13.024006
9.013665
14.032283
6.000928
17.028001
14.028712
11.000928
8.010833
8.019744
9.008169
24.007083
9.006423
9.005510
9.005302
9.002220
20.005914
8.032513
9.018408
14.005950
14.009927
24.007514
9.011299
5.000928
8.008935
9.020484
10.004378
13.023131
7.002606
11.014555
4.033551
15.000928
13.033831
9.029080
6.000928
12.011359
14.037361
9.037277
39.007695
9.030086
5.000928
13.018120
19.028662
9.015141
4.052090
8.000928
15.035115
19.015781
10.000928
13.012797
4.037754
4.026625
24.013071
9.027993
9.014125
14.014669
14.014561
24.044474
14.023889
21.000928
8.000928
18.016705
39.040188
14.031196
9.021726
14.036753
24.012497
14.030687
24.014443
4.027230
24.017307
9.015236
5.007070
4.000928
23.011119
24.006842
14.021958
4.026466
9.016741
12.004463
6.016937
19.021961
14.023504
9.017748
14.006842
14.032415
19.024757
9.017473
9.022970
9.034110
24.016329
14.030250
9.030810
14.011039
4.025526
14.035087
9.008841
11.004483
22.017988
9.024954
9.016573
20.002266
8.031413
9.022049
15.009253
18.018109
19.012439
9.028633
19.017520
4.044598
4.028373
24.026155
14.009149
11.012261
7.038812
4.023288
16.007395
9.004283
7.018942
10.000928
4.010090
6.000928
7.000928
4.000928
14.000928
26.006241
11.025760
4.028705
14.022468
25.000928
6.007025
3.003246
5.000928
6.022165
19.026494
4.032906
19.037337
19.016905
29.038677
19.011159
4.034096
4.018698
19.015681
9.023680
19.033876
24.033426
9.021510
19.012721
9.015615
5.000928
13.008095
14.010027
14.025866
9.007995
9.022620
9.025423
15.004304
13.022193
9.017671
24.008174
14.016075
4.035926
14.006803
9.024898
9.018985
29.015423
9.014272
24.010999
4.027584
9.024965
14.015801
19.022822
9.032214
9.039543
19.027805
15.011525
18.037080
4.026689
29.017945
19.018500
9.015815
9.038153
10.014813
4.000928
18.024304
14.024502
5.000928
5.003932
12.017598
19.020924
9.037676
9.008695
4.029823
14.012429
4.022850
19.024372
19.021060
34.005696
9.013035
4.026516
14.034698
15.000928
13.022478
10.000928
12.004503
10.027435
24.031520
14.009207
10.000928
13.014729
9.012171
6.000928
17.031412
9.026768
29.042510
4.040412
21.002306
12.018693
15.005995
13.020435
14.015074
12.000928
21.011225
19.016753
14.012977
14.018300
9.029555
9.038979
25.013340
18.027703
29.008380
4.044604
9.018135
14.021518
9.028971
24.019859
9.019916
10.016875
13.015961
19.013391
19.006903
4.022490
4.033498
24.011191
4.026170
20.016368
23.014683
19.015762
9.022636
14.019108
9.006602
14.028897
9.011159
9.014149
25.000928
18.017153
9.028196
29.015389
14.015247
14.014263
24.039941
9.015912
5.006970
18.008080
9.027244
20.000928
8.008675
9.010685
5.013541
8.022406
9.025025
6.000928
12.015604
5.000928
25.000928
7.027193
29.044881
10.010179
5.004562
6.000928
25.010679
19.019700
14.015302
24.026800
19.013297
4.026088
24.017932
9.016687
9.013707
25.004543
18.009407
9.023782
14.010659
9.028625
4.015044
9.025887
45.009954
13.043377
29.022104
22.003474
6.028994
9.032203
6.006195
12.014651
14.011779
9.017930
14.025364
10.022000
4.005510
13.022196
19.028872
9.017155
5.007383
8.043434
11.004418
12.045448
14.007089
4.026470
39.028690
4.031133
34.006923
9.006883
9.013883
34.029944
15.000928
8.032181
9.007242
9.012743
9.015336
5.000928
8.013383
9.032717
9.015745
5.003466
8.027433
19.027351
9.032325
9.025532
9.043811
20.000928
8.014893
14.030361
9.013077
19.005502
11.000928
7.029471
14.032956
9.021816
9.021468
24.023056
9.011999
11.000928
22.008175
4.042518
14.015436
16.012010
7.033016
19.028959
24.007974
34.038343
14.008635
14.021856
24.024610
14.018707
9.037484
9.022814
9.006563
6.000928
7.025826
9.022203
14.022236
9.005570
9.018466
14.033907
19.026268
14.005930
9.011045
9.018418
34.031700
14.027943
19.018538
9.014517
4.036913
14.027898
4.031061
14.026718
14.016687
24.022024
4.023036
4.055487
10.000928
18.019259
19.013069
19.018603
17.000928
6.025152
34.028768
9.017493
14.027404
14.044891
14.014143
4.030170
9.035437
9.021677
9.036767
14.011701
9.016654
9.025600
14.020470
4.038886
10.000928
8.012351
10.014341
18.027231
4.028414
29.032308
4.022348
24.027556
11.004183
14.004364
12.025908
25.002466
8.018281
9.038233
14.013285
9.021390
4.025198
9.007143
19.047627
15.005525
8.027026
5.005855
5.003904
22.007043
19.025038
14.049322
14.018208
4.037906
20.016974
13.027550
14.011205
19.029147
14.008680
19.022110
10.003086
18.018269
9.017247
9.031450
29.016339
9.028175
6.002266
22.021243
9.014801
9.035299
9.011385
19.016548
9.022150
4.029137
20.012073
18.016854
14.007868
47.000928
11.045698
14.018852
19.040267
5.003832
33.022914
16.007901
7.025828
15.006544
23.016195
14.016167
9.032910
9.026025
6.007236
17.039409
9.022522
10.004643
28.013183
14.021010
14.015586
9.030058
9.037059
13.002266
20.029456
24.028049
14.026766
9.008347
9.025038
14.013989
9.024920
9.019306
9.022659
14.005390
9.049997
30.002526
9.012840
13.008175
9.021800
14.024554
29.020884
14.012751
14.017694
9.027007
15.015341
13.009547
11.004618
8.010259
18.005670
14.012071
9.016734
9.027725
14.035404
14.026287
14.021570
9.024188
14.033993
14.008475
14.018860
15.000928
9.016771
13.013836
5.000928
8.031083
15.000928
13.013725
9.037093
7.007030
6.030758
29.011225
9.030438
19.045944
9.028961
25.011230
3.039145
19.011045
4.029225
35.003026
18.032905
9.018946
4.010587
21.000928
18.000928
8.020000
14.024574
5.000928
8.029316
9.020842
4.010939
14.050335
9.023696
7.007149
11.021250
9.026011
15.003850
8.017845
14.019327
14.041452
9.006108
19.033629
20.013181
4.000928
8.022180
9.015341
14.011831
9.017027
4.021995
24.033323
14.018743
5.006137
18.011441
9.016222
20.014281
13.016828
9.008035
25.013715
8.009953
14.029469
4.029435
19.033429
9.018300
19.011925
14.013943
14.012497
14.035764
14.017894
9.013369
14.010682
19.023576
9.035849
9.020004
9.008721
19.028960
9.011079
9.021440
19.011147
9.025798
14.018359
4.020541
14.008735
9.023678
14.015603
9.024786
19.005590
14.010738
9.024495
19.051076
9.032674
9.008155
19.024209
9.013956
4.028570
19.021602
20.006810
8.011119
14.018526
14.026683
19.023618
9.013051
14.026431
13.004618
16.015607
18.014177
14.020820
4.026839
9.026688
5.000928
8.010639
14.034349
9.041618
9.017048
9.025087
19.045927
21.000928
7.019880
19.008414
24.011359
9.031178
9.006390
4.018558
24.022617
15.008463
8.030924
19.007841
9.036439
9.018671
9.019211
15.000928
18.014641
9.009627
4.027419
24.018229
7.002526
11.025625
14.027568
9.015175
14.030295
9.010213
9.023180
19.015615
14.025393
19.011547
14.043993
24.006443
9.025333
9.024680
34.019844
14.021214
9.024163
14.009967
39.014737
19.016572
9.028287
14.005270
14.026992
6.000928
8.000928
23.017840
14.034713
9.019840
9.008001
9.021534
10.007067
18.022516
9.025317
9.015627
19.033168
19.023562
9.022604
10.000928
18.028070
9.023434
6.010030
12.017428
14.012971
24.028471
5.000928
8.026553
19.022002
9.024142
15.005081
13.020964
14.004950
19.009135
9.022740
9.012377
9.018312
14.006963
9.034287
9.015316
14.022180
9.032300
24.016933
14.020364
9.032758
17.000928
26.019620
9.022152
9.009373
4.054700
9.017207
4.052748
14.022960
10.015878
6.000928
15.002666
12.005770
2.039984
29.024966
24.009707
11.004443
8.005376
28.007975
34.013945
15.013541
8.017404
9.020483
27.000928
21.003638
24.005591
5.004604
13.032728
14.014263
4.052386
39.022630
14.018146
26.002466
13.000928
13.028598
14.018946
10.000928
13.016803
14.013549
9.034274
9.026830
14.007955
20.003406
18.005590
9.024242
14.008935
17.000928
19.000928
21.027681
4.013137
4.016724
14.014609
9.034886
8.002286
17.004422
12.034654
9.008309
19.010993
9.005450
9.017668
4.038424
23.003346
20.006863
14.012999
9.045110
14.005290
14.030237
14.039692
34.010859
16.000928
12.031805
9.002220
24.041001
24.006982
19.018226
24.027128
4.025874
14.032088
11.000928
7.059443
19.021542
15.002726
18.016140
19.051858
14.005470
10.012201
8.035000
14.020057
9.019458
14.039817
24.040902
14.015732
14.008815
29.019232
9.023116
11.006455
13.000928
13.010473
5.009927
8.013383
19.040012
9.021943
17.004402
21.039965
15.014930
13.015861
14.020342
9.009787
13.000928
25.011151
9.031156
29.025479
6.012821
7.021184
9.024769
5.003512
8.026804
14.002220
9.020506
14.010372
14.006010
