42.016987
9.014535
24.007795
29.028418
14.023668
9.022152
9.009887
14.023598
14.008735
14.012039
19.020684
9.010293
14.014270
24.035507
14.029401
14.041898
9.014323
5.004772
23.018199
9.022609
24.037194
14.049094
10.007253
19.000928
13.027060
9.025194
29.025186
11.005610
17.028104
14.011979
4.026052
9.023642
5.011130
13.023797
40.000928
18.014163
14.019118
9.019964
24.010745
9.023930
29.005130
19.021298
35.004290
13.023618
9.019011
29.019763
10.000928
8.014369
29.023736
10.000928
19.008613
8.021520
14.013051
11.004562
11.000928
15.039301
19.020898
14.010573
14.016977
9.009035
9.017033
14.018537
5.010250
8.022626
9.017174
14.015401
24.017964
5.009234
8.019172
24.019492
15.014145
13.031616
9.029371
14.018593
19.007163
14.017180
14.019533
9.013149
9.015895
17.012981
26.029850
14.022624
9.028133
19.018774
24.014483
24.021402
16.000928
7.014143
14.012697
29.016675
4.015795
14.015555
7.000928
21.032759
29.012972
24.012832
9.016041
24.036253
14.007242
9.024856
21.005991
12.013651
14.014521
14.024748
34.040181
6.000928
7.014701
9.054530
9.017933
9.018517
23.000928
35.046023
14.008015
9.019072
10.004487
18.017533
15.010050
23.032433
14.022042
19.013601
14.015891
9.015401
14.025014
29.010067
9.013689
14.014295
9.015615
19.010393
14.022801
14.016507
24.024455
9.031406
19.013979
14.007621
14.025880
9.010539
15.010820
26.000928
24.000928
46.010055
16.006064
10.000928
22.004483
14.006314
10.006585
7.012599
14.018665
20.000928
18.018512
19.011399
19.016301
24.019131
24.009507
9.032468
16.005944
9.000928
17.005130
19.015422
9.020143
19.035761
16.012521
22.015295
9.017154
16.000928
17.016648
19.030210
34.030662
14.017294
7.000928
16.018235
24.006623
14.025111
17.004483
11.009807
14.031036
12.000928
13.000928
13.002806
13.017459
10.000928
28.008414
19.022948
19.021075
14.013277
25.004502
33.007188
14.020734
14.003578
14.025850
4.023056
20.000928
12.000928
21.000928
23.012903
24.015297
19.023040
14.008115
19.016695
25.006095
10.000928
10.005186
21.009693
34.012385
8.000928
15.027971
14.024362
14.016035
9.006036
14.024408
8.000928
30.016787
5.002926
8.022770
9.021810
14.015821
14.035120
9.035205
9.038067
9.023984
29.028206
14.012717
14.021950
29.018345
14.015454
24.016813
9.019952
9.013885
19.036435
9.034119
14.020457
9.015275
14.008759
14.007269
14.012045
19.052482
14.023464
9.020587
21.000928
12.028172
11.006030
13.000928
8.018384
14.006703
15.005724
13.010073
9.028120
9.028479
14.007871
17.002726
11.012617
24.011865
19.034196
9.005271
16.004112
22.018203
19.024576
10.004382
8.010919
29.012831
21.005137
17.026556
9.022508
9.022036
10.002406
10.000928
14.002386
17.014777
9.007661
14.024196
44.011365
19.011605
14.020151
11.004543
17.017160
9.022470
9.027022
9.006702
20.004604
18.016101
39.011759
9.017240
9.008733
19.012217
24.027138
19.019432
19.010167
19.031840
9.017265
24.046948
9.025582
14.005590
29.009947
9.019266
21.006320
12.014561
24.025420
24.017966
19.009049
21.000928
12.014644
30.004542
18.009201
29.019354
10.010841
28.022482
19.018599
19.016525
9.021568
19.014549
14.025926
14.018206
19.020656
10.002506
13.033974
19.027565
34.025280
12.002286
21.016255
4.041930
9.022280
9.031614
29.004970
9.038625
9.012979
9.026106
14.005370
14.023762
9.032617
14.020084
24.011005
11.005664
17.016400
24.025101
34.022669
14.019394
19.019878
14.022396
14.011185
10.004123
13.040359
9.010543
19.035201
9.024982
19.011565
34.007042
25.002606
13.019445
14.014163
11.000928
32.013753
7.000928
21.007648
19.028259
19.016967
19.020915
14.026681
9.024845
21.005915
23.004623
18.027968
14.020608
29.014310
19.006880
22.000928
16.017486
14.028460
9.017038
24.031799
24.016511
4.022106
14.024702
11.003672
12.005982
9.021716
12.000928
24.000928
8.003673
12.011333
24.028966
44.019804
14.013037
19.023032
24.007583
11.002806
7.016956
14.020384
19.016969
9.020618
9.030622
9.017009
9.010779
9.012843
14.016307
14.034675
19.011585
12.000928
11.021524
9.016279
14.017742
39.027057
25.006334
13.031878
9.019818
6.002566
12.011113
11.011303
7.038897
14.007028
12.005896
16.029983
14.017586
9.027579
19.015589
14.026440
9.024282
29.018155
20.004502
14.004122
13.026448
14.005810
24.021264
19.039177
21.000928
18.003086
18.020678
34.022022
14.017101
19.026616
14.011855
24.014503
19.034830
6.011142
17.015729
20.004442
23.019018
9.007627
9.014770
14.016005
14.022142
24.010253
24.024734
30.004638
33.013457
10.000928
13.016606
9.050013
15.004463
38.016436
21.000928
17.025588
14.010093
14.021658
24.020428
5.000928
8.013017
7.000928
26.027062
19.027571
9.021704
9.013957
20.000928
13.011465
54.020899
9.011637
9.018607
19.029291
12.000928
14.000928
11.005770
10.003386
13.021650
11.003246
12.012139
10.000928
8.022776
14.019438
10.000928
13.020297
9.014655
19.023790
24.016047
14.023602
8.000928
20.020863
9.019424
24.016388
9.005670
14.023690
15.002986
13.031256
14.026236
15.000928
5.009869
12.007143
26.000928
17.011411
9.023316
34.006668
11.003426
22.013217
19.016840
9.018378
29.024234
9.011267
11.006625
12.026874
9.010101
24.003858
5.011090
38.011371
19.008843
9.016949
14.024386
9.016318
14.021886
44.013623
9.012103
24.017906
14.018279
24.013626
9.019113
14.014163
10.000928
9.003314
4.007955
7.000928
10.024846
25.005264
13.005110
14.017614
9.025840
15.012369
13.016474
19.005336
9.015177
9.016315
11.002646
7.024038
5.006167
13.016481
14.015027
14.012803
9.029909
4.022857
24.037189
15.000928
13.017180
8.002426
31.000928
13.027086
19.030600
14.030676
14.041276
9.028007
24.002220
19.012569
9.015813
9.007953
9.030999
10.004084
28.026795
14.012071
20.000928
13.003798
15.006033
13.027604
10.006751
18.019557
10.002526
13.015163
19.016219
19.010558
24.035170
39.030458
9.009999
30.000928
8.019217
14.017474
9.013011
11.002266
32.016906
24.032194
14.010907
24.009645
29.022778
5.004623
18.019863
20.002406
18.006104
14.020925
19.032101
19.019371
17.004583
16.010763
8.000928
10.020278
14.020088
14.024677
24.032469
30.004462
8.011585
14.021290
9.021616
9.030243
10.004442
16.000928
8.004322
17.009833
9.020798
14.013861
18.006095
15.015835
9.016608
9.018704
30.004778
18.012877
5.004098
13.024920
14.024462
14.009867
14.020972
14.022502
19.007132
9.022165
7.006176
32.008061
8.034677
6.002786
12.002220
19.036509
19.008581
19.012511
8.002346
5.034925
24.023854
34.018559
19.042229
14.009627
9.016785
11.000928
7.024574
24.018613
9.020903
24.029486
19.016158
14.011219
25.000928
23.019400
24.009521
9.025853
14.024720
29.005090
9.023736
39.028416
9.031122
6.000928
22.033037
9.030365
19.024385
9.011305
15.003166
8.022114
19.010893
19.014461
5.000928
15.004458
17.008498
9.004906
6.004404
22.020887
7.005990
11.010805
14.008775
21.005616
5.006176
41.009133
19.012891
27.005370
11.038158
19.013809
19.024444
16.002826
9.006725
7.017889
9.014595
9.022498
19.023154
14.005356
9.008715
15.000928
18.013343
14.024874
11.002826
7.010113
19.028324
29.012511
24.014449
14.012765
14.012563
24.022334
14.023230
9.029516
14.014921
29.009215
29.018051
14.018718
29.018212
14.018201
29.018934
19.035161
9.020358
35.004622
13.024034
10.004302
8.019938
9.027044
9.014675
24.019929
14.030285
14.014029
9.005410
9.012971
19.021330
14.027772
19.020057
44.010447
19.029397
24.027205
9.023224
14.015569
10.000928
15.004363
7.045854
10.009148
28.037078
29.014071
11.000928
17.012963
44.020074
9.026782
9.010193
14.031807
21.002546
27.016521
9.028665
29.022518
14.016302
25.004422
18.011619
5.000928
18.032588
9.018505
9.037416
14.006562
9.024546
8.002866
10.027157
29.031411
9.028281
14.023873
9.028211
14.025486
13.000928
25.012797
10.000928
19.009230
23.019539
14.018618
14.027956
9.027898
16.000928
14.013881
17.033083
15.006115
8.022548
14.022185
29.006503
14.012025
14.012531
9.020552
9.009773
14.011619
19.024172
21.000928
7.018503
14.021624
13.002686
25.042647
14.013503
14.019029
9.018634
14.019042
24.010159
14.028374
10.002466
13.039287
21.002766
9.004303
12.019516
14.026806
14.033022
9.008767
29.020902
14.035085
24.007316
10.016083
38.007407
9.022098
14.013011
24.022624
34.024234
24.026310
22.000928
9.004478
21.012489
15.010319
7.003633
15.018812
6.000928
11.009501
16.000928
7.005450
34.017237
14.019378
11.002266
12.025493
14.011853
9.032884
9.030421
39.019706
14.006036
14.032029
14.010565
5.004278
21.005770
11.031895
9.015615
19.011397
6.002446
22.022966
30.005710
8.022836
9.033785
14.021042
10.012421
25.002766
22.048761
14.018713
9.016441
24.014141
12.004418
11.006289
19.035544
9.026406
14.017179
14.027823
12.003594
21.019984
9.022148
9.019388
7.004118
11.012843
9.028208
11.000928
23.004362
15.000928
18.005815
10.003346
7.013577
10.007949
18.011459
10.002406
18.011505
9.021355
44.009639
14.014135
9.034694
9.016400
9.022776
9.031811
15.004443
33.012253
14.049068
10.000928
8.009047
19.024842
14.018532
9.012737
19.017473
14.035122
9.011405
20.002786
8.014449
10.000928
8.015435
20.000928
19.000928
18.028640
20.004522
18.012391
14.025591
14.018566
39.022442
24.009121
9.013491
14.041779
20.009201
8.024714
9.019119
9.015317
9.030743
19.017030
15.015244
18.006310
9.018773
10.000928
23.026560
34.023080
9.005276
8.003066
20.033812
14.046786
9.019505
14.009513
14.022864
9.026204
9.011625
19.025868
19.036821
24.021716
10.008679
13.018060
25.023175
9.003898
8.007223
24.018091
9.042180
14.003924
24.024474
14.012399
19.016093
14.029386
19.015195
30.004322
8.051856
29.026504
9.030746
9.034510
14.017394
9.033512
10.002326
13.029188
20.004382
8.032444
10.007496
8.016305
9.007809
9.020371
9.008555
14.009092
9.024526
19.011111
20.000928
8.019551
19.007070
14.009293
14.021104
9.027110
12.010750
21.017147
10.004378
23.005322
9.017404
20.007156
18.011833
29.020752
17.000928
53.004578
7.012665
9.008661
14.024060
19.012969
24.008141
16.002466
23.004302
14.000928
18.021152
14.003538
19.012783
14.036221
11.015061
17.022302
14.020471
9.020015
9.006943
19.008195
19.022000
9.018932
29.029209
14.013705
19.005989
9.020496
19.002220
24.013143
29.028536
9.013757
11.000928
17.015615
14.015204
9.008355
8.002286
10.031599
14.016854
9.016695
14.018560
9.003838
9.008381
19.030495
9.015790
19.016437
9.021775
19.027932
8.000928
10.011159
7.000928
6.012809
9.014095
14.008681
10.000928
20.002566
17.018575
9.020531
9.036306
47.000928
16.010937
5.003972
8.027854
15.000928
8.030848
10.004736
8.017259
29.010113
9.032414
14.015469
14.039719
14.019297
9.022502
14.012691
10.004062
10.004243
32.036622
39.014251
9.026652
24.010113
24.003898
9.029472
5.000928
9.012840
23.017413
9.012039
9.020581
14.023932
7.003918
16.011285
9.015355
21.005161
12.033106
49.015295
19.013869
29.012951
25.007678
8.025894
9.026182
9.024659
9.011299
14.029886
10.000928
8.010333
19.021011
9.009933
14.023774
14.005442
19.033480
34.022720
9.027368
19.018093
4.015975
24.005282
7.000928
16.027644
14.029144
14.011345
9.025511
14.015113
9.011425
14.008315
14.030722
34.021900
9.020858
10.003346
8.029536
35.000928
18.021470
9.038795
19.012135
14.023114
8.002906
11.000928
23.009415
14.016359
9.018986
9.021010
11.003818
12.017687
19.002220
19.011079
24.014429
14.022606
19.009867
24.019532
34.022776
25.000928
23.006902
39.011539
9.017266
9.026538
19.014141
9.030517
21.002346
7.013463
15.007691
19.005165
23.032289
5.004204
13.025372
14.026672
21.002386
22.023037
14.031715
14.014770
9.029737
19.013119
