17.038574
19.004438
19.024336
9.023097
4.025821
34.011447
24.020352
4.036268
29.027591
9.023683
4.043039
19.005931
11.004623
17.052499
9.011479
9.018631
14.037918
9.036409
9.022268
5.000928
8.049125
14.033666
4.035397
24.018226
9.043607
4.027571
14.033461
7.015461
26.029501
9.030210
19.047965
9.024008
6.000928
7.052236
4.027470
9.041045
19.029987
9.020108
19.018402
19.020036
14.031157
14.034843
9.034444
9.038671
9.023096
14.025327
19.038422
5.000928
18.024000
19.006763
4.056143
10.000928
18.025394
4.034287
25.006525
5.010141
12.049977
4.045138
24.016607
19.030530
9.031443
9.027877
20.007047
8.028578
9.011047
6.000928
7.039241
5.000928
4.005185
8.043447
9.019643
9.029037
4.037610
5.003712
13.025760
9.019432
9.038778
9.030103
9.007935
9.027872
14.038935
9.010039
9.016608
9.032996
19.035445
6.000928
17.047290
14.050937
14.039203
15.009941
8.044163
9.045572
24.007002
4.058800
14.038611
14.037158
9.037751
24.026452
9.011005
19.038610
19.006909
9.038261
9.046354
10.004623
8.007983
20.006428
8.035411
4.039768
19.034245
14.021370
9.030933
9.018799
9.013483
9.024351
19.031663
9.012765
14.049829
9.006663
4.053511
9.028909
9.005475
15.006910
13.008341
4.036114
9.036848
14.031889
9.042389
4.053522
19.027992
14.041352
5.006419
8.007707
14.031425
10.000928
13.037944
4.033740
4.051724
14.034302
10.012617
8.035530
19.037243
10.008541
4.003778
8.013417
4.063640
10.002366
18.025218
9.011505
4.033738
29.037457
49.007089
10.000928
13.029907
9.013810
9.037191
9.053744
19.053616
14.043137
9.069591
9.029297
19.024160
16.012381
4.004058
7.027083
29.037261
34.039172
9.021642
24.029284
9.053639
19.022876
9.022098
24.024298
9.021330
11.009841
22.032502
29.042368
9.020655
4.053522
20.000928
3.037224
9.032971
19.021230
14.031213
9.036287
9.038387
9.024250
9.021048
19.023276
9.012391
9.030077
14.040564
9.021114
14.010685
15.005955
8.034303
9.046560
34.036677
9.018566
4.034586
14.041174
4.035779
14.037501
14.022170
6.007161
8.004798
13.027757
4.046308
21.015301
12.022970
9.034035
5.011437
23.035761
14.026372
9.019532
14.033152
9.032574
19.035888
20.021475
10.004365
12.047754
9.047963
14.007169
9.047019
9.012473
9.020636
5.000928
33.050628
14.024957
9.037544
9.037518
9.036563
10.000928
9.004662
8.022708
9.027730
19.026824
9.014757
9.015978
14.051178
10.014305
6.010421
6.037949
9.028231
9.041600
9.024911
20.004643
18.033165
9.044974
9.040299
6.006201
7.023144
19.026800
9.018036
9.010049
9.006862
4.053058
19.009813
9.005250
14.019278
14.045727
14.015685
9.023854
14.021016
4.033310
14.030373
14.008161
14.017472
9.024568
19.058451
19.031935
9.024244
19.005596
9.014711
19.006622
4.057085
9.008655
9.012279
19.039189
9.018481
4.022416
9.021606
14.036922
19.017401
9.017708
4.021146
9.012171
6.012561
22.039202
14.034531
19.013223
10.004642
8.016728
9.008159
14.042343
19.037081
9.017772
14.042079
14.005810
9.021146
9.006703
19.037359
9.019944
9.007291
9.032712
19.023649
5.000928
8.034304
9.035606
4.029558
14.053734
9.023575
4.053215
19.026619
9.022611
14.030743
9.012549
9.026999
14.013704
14.003598
9.055555
14.005356
9.032967
20.007577
10.000928
22.026887
4.024623
9.013612
9.016488
4.038904
9.053548
7.004543
11.037375
9.027856
4.042370
20.004343
8.041483
9.035951
4.032150
10.000928
8.021470
20.006194
8.061227
19.018878
4.030635
14.034000
9.022652
9.030587
9.011419
9.041981
14.025804
14.038610
19.026916
10.007090
3.044954
29.027599
19.025944
14.054224
9.006036
9.023769
14.027814
9.003678
9.037798
9.043079
5.005650
9.000928
13.013265
4.041960
9.031749
9.031228
19.047123
9.005890
19.026460
9.035109
9.016762
9.019989
4.061378
22.005695
11.031881
14.030178
9.030751
4.035135
14.004038
34.036836
4.044167
11.005204
12.034234
9.025672
9.051691
9.020624
9.048889
4.035867
4.032347
9.054733
9.015136
9.036220
19.047480
10.010761
8.036273
10.000928
13.013423
4.049758
14.025432
10.000928
13.014351
9.051871
9.030142
24.022540
21.004483
17.020778
9.012637
9.032151
4.047289
4.030853
9.026979
9.021444
4.044116
24.049290
14.017640
11.004623
22.037732
19.033427
9.046791
9.059058
10.006051
13.039189
5.000928
8.037494
39.033077
9.028673
19.039610
9.032517
14.028005
9.046114
19.010825
25.004362
6.005795
11.021702
9.034960
9.038556
19.013889
9.033800
4.058312
24.041772
25.000928
10.010161
7.036790
14.034685
9.008333
9.044501
14.049705
9.024614
9.012775
24.064943
9.026660
9.012251
9.024781
12.004382
6.037443
9.037862
24.049221
15.000928
13.028597
9.028992
14.014227
14.027526
9.025439
19.026114
9.014278
19.018998
19.016894
4.045793
14.029907
11.000928
17.023056
9.018497
9.031175
14.030929
14.019810
9.036368
9.036210
21.004543
9.005875
7.015275
9.035766
4.046250
14.024624
9.019532
4.043058
29.023637
4.060028
19.036806
15.004543
13.034891
4.041678
4.040765
14.039410
9.040618
16.004663
12.005336
14.016774
9.057763
9.024548
14.024843
9.042079
9.025321
9.014877
11.004342
12.013959
9.044233
9.036321
9.029089
5.009080
8.040877
19.033233
11.004582
12.038278
4.029257
4.037946
14.030609
9.038676
19.035965
9.033581
19.025862
10.004403
13.035118
9.037414
5.000928
13.026919
5.018646
13.009993
9.028476
24.013897
9.024898
4.021312
9.027763
20.000928
3.039974
9.040063
4.026079
14.010939
11.004602
12.023482
9.025515
9.021630
9.038160
9.021604
5.009441
18.052210
6.005230
12.048884
9.038206
25.020341
8.035254
9.020676
9.037628
14.060918
9.044980
14.034224
14.023032
11.000928
7.014577
9.012389
4.044139
14.021449
4.042325
14.034636
9.042350
19.034864
5.012701
10.014141
12.036507
4.041234
14.030741
9.045958
14.026756
19.019292
14.020902
14.032642
4.023310
14.019887
9.010939
9.008375
4.034212
20.012521
13.053375
14.022160
9.029229
9.005316
9.039442
9.005046
9.040680
24.010745
4.036367
19.008061
14.023390
24.005410
9.037694
9.034519
14.014981
9.046433
14.030689
5.000928
28.057280
12.004342
3.015101
12.027037
4.035725
10.010227
13.020052
14.018286
14.011199
19.021084
14.011407
9.031181
9.031399
10.003126
13.033016
14.028245
14.036469
14.027050
14.035301
19.006642
6.000928
28.013105
8.041678
9.026665
9.022859
14.023742
9.040161
9.020880
4.040870
14.037776
4.039095
24.046772
14.030073
4.046093
14.040151
9.028003
9.033641
5.000928
8.020272
9.006423
14.015277
9.029225
9.025739
14.026076
4.040906
10.017119
13.016773
14.032161
4.027871
9.050988
9.026298
9.017312
24.020206
14.033932
14.044215
34.050614
9.035491
19.012193
5.000928
28.021576
14.009487
19.022360
14.006762
10.015240
8.033301
19.023700
9.014278
9.031166
9.031563
9.053774
24.018261
9.028160
14.023634
14.045152
9.050611
19.034387
9.063665
4.068993
21.004623
7.031300
15.006524
8.020236
9.032403
9.042376
14.014969
9.035213
9.021550
9.039637
4.055354
14.029082
9.052611
19.024177
14.017664
14.022554
9.031589
24.011051
9.029649
9.025763
9.039286
20.014401
13.024494
9.049622
4.045936
24.044189
9.014796
14.034616
14.040789
19.005690
9.034635
9.035325
4.031800
15.000928
8.025088
9.028771
9.041393
14.029670
6.006255
8.000928
8.024896
15.004323
13.034357
9.048911
4.053962
19.006983
7.000928
6.035642
14.044072
19.026489
14.029225
11.009601
12.012491
4.039725
9.023334
9.034646
14.034048
9.027820
14.029363
9.036057
24.035925
9.025876
14.028378
9.046497
14.061868
34.024618
4.052464
9.048399
9.009079
4.036496
9.046290
14.029417
4.066843
19.040247
29.042733
19.011321
9.032035
9.042571
9.019860
14.005210
14.041739
10.011301
13.033524
14.027471
9.011541
15.005182
8.028281
9.046919
9.003978
14.021180
14.022721
5.004831
8.017436
9.019498
9.029296
9.030915
9.046152
9.030563
21.004622
7.045621
4.051988
9.007062
9.026963
19.038801
9.034512
4.025975
20.004543
13.011065
9.031641
19.020350
11.004623
7.046507
9.042411
24.006416
14.058281
11.004443
17.016893
19.040282
4.050756
4.061669
14.036637
14.044103
9.036599
9.025554
19.027957
9.019260
9.029002
14.018500
9.028292
10.004398
13.029875
9.025710
14.009247
19.008095
14.020072
5.011233
9.009419
18.025215
15.010505
8.017882
19.028097
14.016388
24.025762
9.027271
4.058784
5.009447
13.029767
4.044940
9.028777
14.006643
10.012743
8.012497
14.004850
14.035605
9.011245
24.023472
14.026883
9.018975
9.033655
19.024608
9.027206
9.033572
7.006389
11.057204
19.016974
14.046771
9.034799
14.034037
4.029785
9.030155
4.054225
19.019872
14.042903
9.020411
9.021934
19.020724
22.004603
16.014403
15.004442
13.009233
4.060215
14.039988
9.013383
9.035569
14.009813
9.041555
4.038680
20.000928
18.037475
14.018894
14.026224
14.036155
9.027024
14.051368
4.041967
20.007554
18.022366
19.017640
15.004402
3.057358
14.039698
9.032689
9.010939
6.004602
12.040944
19.011099
9.020278
14.043802
19.035416
9.006524
11.004563
12.033970
9.044216
9.041487
14.023954
9.050900
14.026507
14.030272
9.015401
9.038721
10.002346
3.056423
10.000928
38.026661
9.026075
19.036277
16.004502
12.033702
9.016634
14.008068
16.007261
12.028227
9.019281
9.044360
9.029535
4.035969
9.045265
14.012447
15.009063
13.035505
14.028530
14.022610
14.014387
9.022923
19.007901
6.004598
7.040877
24.030397
15.004603
8.041557
14.041515
24.026198
24.025686
9.005076
10.004162
14.004262
28.016309
9.023595
14.033412
4.046326
34.013877
14.032855
9.030935
17.004282
16.027267
19.009947
20.009881
8.039643
9.023957
14.024600
14.018290
9.022058
9.039110
14.032122
9.048021
4.033938
14.028396
9.037577
4.038614
9.021350
6.000928
12.025291
14.045864
29.057964
4.030249
4.036975
9.062694
