7.018316
10.004564
10.004662
7.012823
15.000928
13.035426
4.036169
9.020613
9.033579
9.007823
9.014089
9.011365
9.044451
9.021022
7.000928
4.000928
6.040850
24.012397
5.000928
8.019352
39.018692
9.034697
19.006668
4.025413
9.003718
9.032175
7.002526
11.016121
14.006642
14.036889
9.032080
9.039980
29.019452
10.005246
9.011421
18.038159
9.026028
5.000928
8.006694
9.024654
6.005604
7.041642
9.021810
9.029043
14.040672
4.033351
22.003772
11.017702
5.008588
8.026332
9.014289
14.019352
14.028808
4.031487
11.006983
7.020244
11.009141
8.002910
5.000928
12.017846
9.018640
9.045802
4.033219
9.029503
25.013901
18.009453
9.025072
14.030950
9.007995
4.035101
14.030974
19.031731
9.015515
4.016722
24.035118
23.000928
25.045463
9.020043
9.003578
9.010870
39.007895
9.013845
9.028967
9.028971
10.000928
8.055042
4.045724
14.022354
4.044333
24.032413
7.008155
11.014189
14.008115
9.023906
14.014581
5.000928
3.052030
19.031847
9.037054
39.012305
6.007388
22.037812
4.035733
22.000928
131.024374
9.007388
10.014635
8.024320
5.000928
13.029031
9.026695
9.031509
9.029825
4.031907
24.020026
9.029805
14.020004
4.031182
19.034144
9.038504
10.004830
4.000928
13.031134
9.022397
9.017837
5.012201
8.046169
4.041008
9.011405
10.006030
13.017726
29.004144
7.007025
16.038308
10.009633
5.010301
7.042841
14.016739
24.018254
9.039521
9.006562
9.017442
4.021080
4.012423
9.046501
4.027803
9.034528
7.000928
7.002606
8.017299
4.055725
24.020309
9.028191
11.004462
13.005859
13.017926
9.011261
10.009810
8.025166
9.023558
9.037071
14.031027
4.052889
9.042122
9.021520
6.007541
7.029777
24.043538
24.026317
9.024068
9.030223
9.026900
14.025199
6.004233
12.055901
29.037062
9.036219
44.012351
4.009927
5.025127
8.018032
4.031922
19.041887
9.027703
4.036962
9.024329
4.039646
24.030015
10.006115
38.027573
9.012371
9.026512
9.048410
9.020400
9.029393
24.017659
9.035095
4.037679
9.026118
14.028700
9.016354
9.035396
39.032714
9.033703
9.042392
5.013363
10.015101
7.026362
9.017672
9.012627
4.035430
9.035619
24.022268
4.045120
39.034733
14.029197
9.023988
6.000928
7.032300
9.017720
10.009639
8.016434
9.013017
4.031516
9.025828
25.003573
3.045793
29.035657
19.014349
9.022162
4.030289
29.043966
4.035585
9.023742
9.028737
9.016259
11.004283
7.022945
19.035933
11.006600
7.038306
9.018574
4.053181
19.009293
4.029182
20.000928
8.008151
14.022327
10.004542
18.034486
10.014901
8.035572
4.026505
4.040629
9.028885
9.024260
9.031289
9.017416
39.009613
9.006164
9.026506
39.027591
9.021576
4.018420
24.023494
9.015177
5.012595
8.018152
9.035604
9.012199
9.039743
14.025810
14.021184
9.017786
4.043558
9.034933
9.016088
14.026320
9.029747
9.028334
29.030813
9.030804
4.023908
9.024688
24.037171
9.021730
14.033925
4.050282
24.027592
4.026948
5.000928
13.023121
10.002386
8.015261
14.033315
9.023700
19.016673
19.038317
5.000928
8.013787
14.020930
5.002826
13.007667
4.054112
39.032734
9.032013
16.014001
9.009981
12.031559
9.020644
10.000928
8.036883
4.045390
9.021318
14.014893
9.012777
9.018956
19.024670
9.025228
9.015467
39.027013
4.044573
54.025317
9.025671
9.035217
24.041171
9.033969
4.054151
14.039137
26.000928
7.040165
24.023156
5.019773
13.020612
9.016768
24.019276
4.054984
9.033317
24.021789
4.043596
24.031543
5.006404
15.005815
7.019258
9.025227
14.011365
11.004172
12.012571
9.016614
4.032639
29.030197
5.004786
13.039714
4.021141
24.032241
4.055207
5.000928
19.002886
8.029797
9.030323
14.053679
4.033525
9.025628
19.002366
4.033149
10.004462
8.032030
10.004672
8.047353
9.025608
9.034740
9.041489
19.018376
19.014284
9.015807
4.046001
19.016656
24.028057
22.000928
6.023160
9.015382
5.000928
8.029676
9.028119
39.036118
10.013501
13.019275
6.004862
12.024278
4.027064
19.033648
6.013861
7.020932
9.033927
9.022758
32.004312
31.035903
16.008721
8.006983
3.039008
14.029077
9.024958
9.021874
9.027473
9.011325
37.004738
6.030003
9.034445
14.032121
4.034207
14.044280
14.028917
10.006155
13.020310
9.016468
4.031947
19.034451
24.007294
14.041212
9.004326
4.035825
45.000928
18.038814
4.057850
9.030981
9.015381
9.028499
14.014469
4.070614
9.022305
9.035085
5.004298
13.027601
14.020162
19.009327
4.050661
19.022272
9.022190
9.020216
6.011641
12.031417
24.024647
9.015135
9.006742
9.060583
11.009281
7.015446
14.020776
4.047459
9.021884
10.004483
8.048554
19.014307
14.028925
9.025120
9.012826
10.010261
23.018885
9.018320
14.016453
9.012423
19.026441
19.024785
14.035234
9.044410
11.000928
22.026180
10.012301
13.032680
9.043527
15.007107
18.028937
5.006948
13.038349
9.047064
4.026632
14.006903
4.047477
24.011239
9.016993
9.024332
9.021632
14.009845
9.030134
10.007810
8.049854
4.038111
9.029883
9.041734
9.029285
19.033291
9.029627
24.020598
9.022542
9.009567
6.010261
22.030453
9.005790
5.004032
9.000928
13.017034
7.005830
11.028363
9.023042
14.032621
9.027699
9.032863
9.022948
9.007108
10.000928
8.019426
14.019418
14.029877
9.012171
19.015035
10.000928
5.004482
7.033741
5.000928
9.000928
18.034745
9.041927
14.029817
14.009207
9.034189
4.033989
14.024924
19.012975
9.033029
15.008921
8.042019
11.008861
12.033133
9.017801
9.032316
24.011893
15.013481
13.043431
9.035808
9.027800
14.006968
6.004422
7.037620
44.021559
4.046165
14.005330
16.013601
17.016494
9.022142
10.025437
15.010010
12.017966
29.019512
9.007555
9.005656
4.026559
9.041998
29.022706
4.051781
29.030961
24.006994
9.013123
4.026756
19.066252
9.005210
5.003892
8.032651
15.000928
13.025326
9.031135
9.019277
9.040370
9.057699
14.034688
19.030050
9.039861
9.003738
9.039724
14.021070
9.021801
19.027425
24.031731
14.028780
4.033754
34.035005
4.041417
14.035505
14.033204
10.006155
8.011931
4.041282
24.034395
9.025188
9.006683
9.028013
9.006889
14.020152
4.042459
9.026939
9.024680
34.021694
4.035482
14.031535
9.023968
9.016945
9.026087
9.030449
19.027809
4.030023
44.026902
9.015921
5.002246
13.036199
14.016634
24.020884
21.011921
12.035209
9.033163
9.052751
9.024714
4.063355
14.042228
9.032015
9.027004
9.006902
9.020768
6.000928
7.027073
9.018199
12.000928
16.029184
4.030635
25.007170
8.027539
4.045313
19.005427
4.054753
9.031907
14.020644
9.038456
4.053790
19.026642
4.031053
9.021130
9.012231
9.031361
19.016053
14.033535
4.038420
9.042187
6.014341
12.024960
9.019702
5.000928
8.009679
9.030688
9.012377
20.000928
3.034275
45.002486
13.025675
9.022328
34.018445
14.040925
54.036851
9.033071
9.030278
9.021410
4.033255
19.018616
4.025429
14.030078
9.024836
19.011089
12.000928
8.000928
17.012257
9.015713
14.026768
9.037453
5.000928
3.036649
19.034695
14.034314
9.041125
10.006609
8.035037
6.004462
17.022448
9.045034
9.034031
9.027438
19.026293
9.043282
14.011951
9.010027
14.025020
9.009393
9.023300
35.007921
8.030837
6.000928
8.014981
23.023087
9.028887
9.029628
4.030582
14.041734
14.020004
9.023152
4.041232
13.030025
10.004602
8.044689
10.034956
8.016248
9.026970
4.038518
19.029351
9.035462
9.026065
9.029231
14.026767
29.017180
9.015036
14.016540
9.019776
9.016235
9.011503
4.035617
16.004252
17.041112
9.015101
9.020288
9.033253
4.043814
4.038460
13.010231
25.041348
14.008474
4.010565
14.023715
20.000928
18.024430
5.000928
18.018385
44.027251
4.039449
5.008190
13.032020
9.006882
4.040801
4.055764
26.004603
9.011375
7.021922
14.028909
7.004543
6.031959
14.045236
14.019698
4.023117
19.035122
14.037803
14.024744
9.028489
14.029836
9.020702
9.024142
9.016459
9.020616
24.029002
4.061240
34.017433
6.000928
7.034579
4.034291
14.031015
9.018872
14.020274
14.059545
29.005690
9.041307
10.007776
8.032210
9.022666
14.013451
9.022196
9.013669
14.020610
9.020808
14.036711
15.011897
23.033321
9.039649
4.034608
14.023694
9.033707
29.031283
9.011189
4.036146
15.004346
8.040186
9.032327
9.012943
10.008905
13.021574
10.006257
23.039083
4.034678
40.006601
8.021440
9.034547
9.030035
11.008180
12.031721
6.004542
12.017049
9.044305
14.034348
4.036361
15.004442
29.003732
13.025411
14.014779
9.019932
9.047204
9.009307
9.024310
9.021662
4.037909
29.038023
5.000928
8.034801
9.033343
9.024860
4.039081
20.000928
18.047412
9.015043
4.039596
9.013895
10.006095
43.041743
9.036615
9.036063
4.029179
30.002286
8.008181
4.029160
5.000928
28.018418
4.021014
4.036649
15.005691
8.003704
5.000928
8.037980
20.004332
8.010775
14.014942
9.028187
9.019758
9.029116
9.017642
16.004462
7.047267
14.031884
4.041615
9.029043
35.000928
8.023873
9.019177
9.031095
5.000928
14.006298
18.059072
9.023754
4.046122
64.016534
14.012179
4.038527
29.022553
11.002366
52.022108
39.018786
9.023734
10.000928
8.032349
19.018052
5.006035
8.021546
9.031011
9.012391
4.028227
19.036212
19.013001
19.032377
9.019800
14.022036
4.045944
4.018952
14.023553
9.018060
4.038696
29.026080
9.036618
4.052168
10.003818
4.000928
13.021880
23.004158
20.017394
9.040353
4.023103
9.036717
14.028237
24.009973
4.036308
19.031238
9.024684
9.037545
6.004478
14.004562
22.018420
4.033345
9.031027
9.020566
9.033173
4.026893
7.000928
21.036895
9.018286
9.018606
14.005830
9.024408
5.016942
48.026358
25.003552
8.028307
9.031511
9.034877
9.021925
16.000928
