17.007142
24.002220
44.002220
19.002220
14.016509
24.007910
10.000928
13.012731
9.023857
9.025888
9.033793
13.004458
10.027090
6.012201
12.012265
5.004382
23.006582
6.000928
12.016202
9.026573
19.005556
9.019638
9.031569
14.036772
9.007382
9.027645
24.042277
9.028939
10.004558
8.025109
14.024028
20.004123
9.000928
4.000928
8.014935
19.015762
5.007979
8.035965
9.034251
9.006863
14.039207
14.029531
9.019858
11.004563
17.027568
19.034803
9.015276
14.002220
6.004643
14.004458
12.046514
9.034862
4.041196
9.002220
4.045779
19.046677
9.029717
11.004603
7.011325
14.009933
14.019108
14.027952
11.000928
12.027169
19.029949
9.059664
19.012398
9.031515
15.000928
8.027793
5.004032
8.044645
24.062070
19.013463
14.021324
19.036753
10.009585
8.050767
14.012085
19.047392
4.036013
9.051603
9.026360
14.005730
9.017841
24.012858
9.015251
19.030937
4.014297
14.020962
14.025775
9.024008
14.012052
14.025486
14.032844
9.012895
9.008708
9.035359
9.018380
14.007063
14.032098
39.019383
9.018880
6.007940
12.002220
14.006350
9.025380
19.009841
14.035263
14.024819
9.023140
24.046055
9.029620
14.018051
9.038181
14.012588
6.014121
12.005577
9.034919
9.019714
9.016809
9.013271
5.003958
29.004463
8.040894
9.039442
9.036745
9.035299
9.014553
14.039426
14.009467
10.004403
10.004542
27.012226
14.046968
19.020072
9.006708
9.061408
9.008695
10.000928
18.011099
9.011279
9.030219
14.007669
9.006462
9.018548
14.013117
14.043755
4.048871
9.025800
14.035555
4.052369
39.034025
19.030906
25.008861
13.014949
24.025851
14.021898
19.009832
9.019902
14.014281
9.053705
14.007254
9.008228
19.006370
14.045904
19.048078
9.020378
9.017208
9.048977
14.020344
9.014590
9.018366
11.006145
17.028931
24.007082
14.025218
24.020062
44.033160
14.008235
5.010689
18.005550
19.012031
9.025214
4.017548
9.044901
14.024526
9.019632
4.059347
9.025213
14.005190
24.008674
9.022688
19.010393
9.006642
4.045678
9.026045
19.008281
4.040910
14.002220
10.010440
23.052933
24.025908
14.019534
9.031143
6.004502
32.034129
11.009420
8.004393
13.026248
19.006935
14.033629
14.007382
9.032685
9.026572
4.057963
11.004283
7.018108
6.008900
22.007688
15.000928
28.006942
4.053280
9.027113
19.007428
9.043049
14.037750
6.008660
13.004506
18.041054
9.023632
9.010640
14.021094
14.012517
12.004603
26.011039
9.019858
14.014834
4.029545
14.031829
9.009887
14.024977
14.020724
4.044316
10.004925
8.008761
14.011842
9.024009
9.036503
4.037919
24.005810
14.027147
14.023788
9.023812
6.011881
17.008534
4.041905
19.026615
9.039445
9.032311
9.020052
20.004242
23.018179
9.010853
9.012546
10.015440
9.000928
13.006642
14.010127
14.021048
9.034331
29.020831
9.005616
14.012279
19.027739
9.025930
19.014343
14.007222
14.030470
19.012807
9.008215
9.015922
9.012997
14.021350
11.007801
12.045638
14.008342
9.022716
9.050048
9.022210
9.019260
24.055595
9.021561
14.033134
5.000928
13.007542
24.010400
11.004463
12.010900
14.026604
14.016900
19.029955
4.021788
5.000928
18.032441
19.020938
14.024423
19.013566
9.005650
9.023084
14.052965
9.045179
4.041631
19.029065
9.015481
9.023084
14.030775
4.034130
9.040726
9.007548
14.015577
9.028419
14.005251
9.010813
14.026898
11.000928
7.036545
14.002220
20.004403
14.004223
13.052278
9.028543
9.020391
14.006542
4.032071
14.042223
4.031625
19.048818
9.034333
14.030492
29.031599
19.015961
5.000928
13.007436
19.011771
29.015215
10.014201
8.017128
9.032385
9.022256
19.015403
9.042028
9.040106
4.049281
9.007628
24.030199
9.016311
39.008655
14.019466
44.014183
24.005610
9.005857
9.032325
34.047027
25.004443
23.011432
24.015641
11.004583
7.020266
4.029251
14.008880
9.036366
9.012518
4.043601
30.005955
13.010740
9.031217
14.028533
14.030573
19.023356
14.021566
9.032121
24.020904
9.009080
10.007471
8.020584
9.025608
9.042264
9.033025
4.051357
5.004920
8.008548
20.004422
8.052039
10.008829
13.035921
9.042687
9.036919
15.000928
18.028251
19.040067
14.015615
14.019310
15.005324
8.006862
9.007103
14.011465
24.020272
9.008255
9.017622
14.005530
26.004583
7.031542
9.009073
9.021464
14.039666
14.006282
9.036253
9.017918
24.045406
9.036381
10.007083
8.010240
29.009695
19.028194
14.023260
4.055901
29.019781
9.008815
14.023726
14.017931
19.014109
9.034697
9.042448
9.011059
9.019311
19.030669
14.005770
9.012129
29.025264
14.011279
14.013009
4.058479
9.035131
5.000928
8.035119
9.008335
24.006250
10.004262
8.008475
14.017892
14.006964
24.008081
9.011472
9.055672
9.047734
5.002546
13.027470
14.028419
19.033259
14.019273
9.034803
14.023222
19.045240
24.026942
14.016467
34.007528
9.025522
9.040210
9.011711
14.011265
19.006743
4.043312
9.043490
9.007103
20.005934
23.009487
9.029120
24.013287
9.008154
10.005045
8.036587
29.010932
9.024522
4.036824
14.031555
9.020351
14.011285
9.008721
9.014235
11.004463
12.033209
14.006090
9.011445
4.032619
9.034555
9.018949
4.050561
7.004523
16.027053
29.014621
24.032396
9.027079
16.004602
17.011325
7.000928
6.032619
9.054597
19.006943
9.021556
14.007681
9.018606
25.004562
18.037342
9.012287
19.023328
9.008427
31.004523
12.009180
4.032622
14.016751
19.017720
9.029613
4.031317
24.029233
9.041231
9.011191
15.005181
13.041138
10.000928
13.023186
19.006608
24.017205
9.039156
9.036113
15.007701
18.007795
19.019286
9.027312
14.036364
14.007823
9.023357
9.034981
9.011599
24.036329
19.013977
29.007283
14.017104
14.007728
14.008534
9.009154
4.038278
4.053109
24.047723
14.043359
9.014579
19.038163
19.010579
19.053053
15.009733
8.025010
14.019560
14.032922
19.012027
19.017994
9.020480
9.019190
14.023968
14.053125
14.008166
19.036722
19.021310
9.045568
9.025560
14.015255
19.039515
19.007342
14.030101
14.008685
14.007262
9.025396
19.035508
9.029211
14.040333
4.036267
19.038439
14.048155
4.018932
19.007554
9.009127
9.012393
19.023768
14.027737
4.029437
14.019998
16.004443
13.015441
8.033667
14.019847
9.025049
19.048987
10.014141
18.005370
9.019060
9.038876
14.042925
29.005636
10.002446
23.014395
9.002220
25.014941
13.046904
9.025638
24.052483
4.036420
14.020438
14.011405
19.004024
14.028038
6.004343
12.017033
9.027519
9.029363
15.000928
8.028937
9.032029
9.021224
19.014049
19.029436
14.011399
4.064491
19.004044
14.036767
19.025846
14.006430
14.047897
10.009210
13.008154
14.037490
9.045426
14.008675
19.024214
4.015227
19.007083
9.041895
9.015000
10.004103
13.033715
4.039821
9.036629
14.047704
19.033794
9.033959
19.007103
19.038571
14.010279
14.010993
9.003638
4.054344
15.000928
18.015549
4.025158
14.019742
4.030407
19.017846
14.018950
14.021042
9.009307
9.031465
9.048700
14.030003
5.004172
8.028305
14.034331
14.029652
9.007388
19.002220
14.027619
14.022834
4.029929
14.032987
4.051770
24.012085
24.022096
24.026720
19.013897
25.004462
13.007463
24.028719
24.036129
9.015788
14.009769
9.039811
19.051720
9.016533
9.018204
19.009708
14.058522
11.004623
13.000928
18.020444
14.025423
4.054437
9.027499
4.028658
19.031509
14.009853
15.000928
13.054242
9.032817
19.044759
9.036678
9.024962
4.042697
14.033351
14.007682
9.047129
9.005790
24.013535
14.042646
9.033312
4.058927
14.022195
9.036419
24.044847
9.045947
19.009335
14.023208
9.034745
19.054189
20.006841
18.040296
9.018378
19.018186
4.037909
10.005595
8.035361
14.022196
9.021654
9.020724
14.038497
4.039639
9.051671
11.004482
22.016835
9.029645
24.005710
29.007422
49.009573
9.035345
9.005230
14.030265
6.004582
7.031815
4.055904
9.027098
9.043414
6.004543
12.009068
24.019658
10.013279
13.009475
9.022137
14.017089
9.047447
14.024082
9.035267
14.008681
4.027233
9.035142
20.009205
23.022688
19.045243
4.035397
9.012651
4.021264
14.015496
11.004583
7.045125
9.025314
14.028129
5.004860
13.014503
9.040988
9.014243
18.000928
15.036881
14.023024
14.019652
4.027463
19.045730
9.005416
19.041379
24.013572
9.011385
9.036801
9.041907
14.014263
14.015728
9.037988
14.052416
19.005210
14.010183
14.009819
24.028009
9.029443
9.038808
11.006845
12.060123
9.011279
9.008515
14.020130
9.028879
10.011281
28.006230
4.052303
10.004726
13.005017
14.026300
9.029079
14.005750
9.032343
19.013137
6.000928
22.027494
10.004502
8.050740
9.015843
4.018012
14.024298
9.027715
9.036880
4.029609
9.012839
4.022110
9.049704
5.004662
8.017439
9.007582
11.004242
7.023712
14.032193
10.004326
8.036481
19.026854
14.020710
24.054888
9.012831
14.032635
19.033507
4.036496
25.000928
18.012489
29.035995
9.012257
9.028598
19.048794
10.004647
18.011965
4.023276
15.000928
13.027122
9.013889
15.009557
8.031785
9.035292
14.032080
14.010287
9.009766
9.008534
14.009725
9.026712
34.015675
25.014901
8.021970
14.039515
6.000928
42.015049
9.015571
9.021111
14.052242
14.009508
20.007047
18.037331
14.013057
9.027399
9.063225
14.009785
25.004522
13.044755
14.026368
9.016848
14.023888
14.055140
19.009807
29.012211
14.036838
19.047522
9.017747
4.052427
19.045612
24.022644
14.007943
15.000928
13.011003
14.040677
9.040272
9.044096
34.006642
9.016527
14.010595
19.015097
14.026233
9.028816
19.024168
14.030493
9.022204
19.006562
30.006035
14.005181
8.018103
19.048326
9.007354
4.046732
9.055503
4.037166
14.042472
14.044506
9.032219
14.051703
4.032709
19.005530
24.012756
9.007042
19.044845
19.018331
14.002220
34.006662
34.002220
19.020038
19.007382
9.008734
14.007622
14.019632
