17.005410
9.019638
9.009847
26.000928
19.000928
17.010512
24.021730
69.005776
15.004263
53.036467
14.005510
14.007262
9.030408
14.012957
29.007302
34.018345
29.004838
14.020258
34.010360
34.030717
11.003186
22.029049
9.041373
10.000928
8.019606
5.004473
10.000928
27.021294
24.038663
14.029831
9.012291
24.017852
14.024058
14.045195
9.044829
20.000928
13.044882
14.012787
9.023684
10.008077
13.016291
9.020604
24.008921
19.026160
29.021217
14.014549
19.033245
14.020718
19.027491
9.018452
16.002806
13.000928
13.026417
24.028808
19.014469
11.000928
12.005897
20.004444
13.007462
14.025174
9.019787
4.025546
24.016452
9.040331
14.012457
15.002606
13.023896
14.009947
4.049335
19.032132
14.030672
14.020543
24.030530
29.007462
19.010467
24.014842
9.026220
9.022894
14.007342
19.040292
14.011127
14.015215
14.024892
7.006221
16.011903
14.029967
19.015205
26.015500
17.002220
14.034665
14.008840
9.012425
19.007102
9.020212
19.008242
24.010125
9.018651
9.016855
11.004463
7.028489
24.027548
24.005550
4.035669
19.018327
14.016689
34.011711
19.027334
14.024904
9.041292
14.017148
14.028186
19.027391
11.000928
17.028013
19.007489
14.028390
9.026751
14.007363
14.004971
9.038955
24.013317
9.045296
20.004663
8.024350
14.011613
14.008407
9.021789
14.016287
24.010913
14.050217
14.021466
9.016553
9.022566
9.029828
29.019623
9.032128
24.020572
19.026713
14.010032
9.007262
12.003593
16.031534
9.017879
4.037878
14.008381
14.015313
14.008147
14.049012
14.025794
15.004602
13.010281
14.036671
6.005890
12.021430
29.021752
9.016817
9.028484
19.022159
9.005436
19.007562
24.019326
24.008294
14.023742
9.008008
14.027334
9.008401
14.007282
10.002426
28.005550
14.017913
11.000928
7.041592
19.015871
14.034459
4.032517
24.023296
14.019782
24.027019
9.006682
14.007075
9.020521
14.029174
19.016674
9.017179
19.033330
9.018013
14.045905
10.000928
39.004847
8.017953
9.028716
9.017376
14.011031
4.029727
19.016461
15.000928
33.014243
9.019830
11.008130
38.004623
18.008600
10.005914
13.039630
9.007143
9.016913
26.004223
7.020625
9.016007
14.008893
6.004663
12.017113
9.017213
24.007642
14.005890
19.040431
24.016948
24.032865
9.011279
29.019242
9.021898
14.013883
19.023394
19.017608
9.023921
15.004423
13.012572
9.014477
24.008240
14.032840
4.033025
19.022012
9.033617
19.023346
24.011699
9.017314
9.039232
4.043870
4.025256
29.039741
29.040077
27.004443
16.011251
9.036883
34.032229
4.061310
24.011027
4.018727
6.002806
12.005350
9.015037
9.019420
9.026462
14.007322
14.028543
14.018018
19.045394
24.016505
9.010133
12.000928
11.016662
24.027043
24.016170
34.044206
24.007282
9.043309
14.013127
34.022888
14.006150
14.011719
10.005597
13.036798
14.035515
6.000928
27.023476
19.011105
4.043098
15.010181
18.027319
12.004383
16.023542
9.021884
4.029751
9.012346
10.009001
18.019472
15.000928
18.008255
19.009927
14.014044
9.035833
5.003673
23.041194
9.034375
9.023110
4.024110
20.002546
8.035870
19.014063
19.034961
19.013151
19.005051
45.008961
8.029433
9.029120
9.014769
15.000928
18.005530
19.020224
9.023655
19.041618
9.023862
9.006290
19.017486
9.008415
10.002870
9.004782
8.029336
9.013003
14.024456
9.025665
9.026431
14.021748
9.016049
10.005510
33.002220
19.049797
9.028812
14.017587
24.018941
9.010775
14.018965
29.005210
14.013257
9.028386
14.014043
4.025356
24.008694
27.000928
16.044705
14.007542
9.025468
24.021352
29.053371
19.010247
14.030134
10.006415
8.010552
14.017713
9.028279
14.005390
24.029066
9.046901
24.009367
4.042151
19.016458
9.028908
14.020382
19.042052
19.040522
14.024390
14.026520
20.004523
8.034775
14.043887
14.018526
24.035270
9.022488
9.031001
19.007182
9.042218
29.015607
4.029137
45.003050
23.041512
34.012617
15.004643
13.013919
9.052512
19.031433
9.011161
9.008874
14.012631
22.002486
26.047085
19.007342
14.020426
11.000928
7.043530
10.004662
13.008441
10.007323
8.020678
6.003486
17.013131
14.024906
39.030158
54.008221
29.006908
9.018847
9.028393
19.034721
6.011161
17.022081
14.033249
19.014329
15.006030
13.016575
14.016728
54.006849
9.013897
9.037902
9.051363
44.008402
39.037334
14.005250
4.025598
29.034949
19.019895
9.036469
24.034159
24.045969
9.010067
9.025787
9.013976
14.005650
14.008454
5.000928
13.020146
39.022524
9.007322
19.014981
14.010721
14.009703
9.040763
24.006010
19.036178
9.023230
9.026696
9.007262
19.010619
16.004603
7.050697
9.018879
9.046875
19.009155
19.033135
19.043339
19.018062
9.018966
34.050873
19.028220
24.030523
54.006430
20.004263
18.019912
19.026941
19.013583
14.024164
29.016912
9.034485
9.011345
14.016399
9.032209
9.045093
9.019237
4.040311
14.021166
14.018737
9.015257
19.013497
34.018103
11.009567
12.013011
14.010999
14.012214
14.054314
19.024048
24.031755
19.034873
24.012173
19.034817
4.023861
9.014075
30.014381
8.011864
14.013645
14.009839
9.018320
44.012663
34.013669
14.007587
19.016416
5.000928
8.006662
14.009447
4.038115
24.023430
29.040724
14.018712
9.011199
9.010407
39.025316
9.031531
10.018205
8.026449
9.005370
19.021614
24.007029
19.012287
20.002326
28.043553
4.025873
24.041559
4.056322
29.025628
14.007142
10.004523
19.003186
13.010558
25.013657
18.022922
19.006982
9.023363
16.004343
12.016527
14.008215
14.005130
15.007888
9.000928
13.012517
9.030874
29.023838
9.039159
9.017534
14.019614
9.047472
9.010067
15.007650
8.062716
19.011999
19.011779
19.029771
14.008395
4.029327
24.022834
19.028353
14.031669
24.007042
9.005670
34.008054
14.016616
9.023691
24.035226
14.021556
14.021128
9.013103
14.031671
10.000928
13.015935
10.000928
13.019260
9.026334
4.030823
29.011393
14.011585
9.016988
14.025421
9.010153
9.009927
9.029996
21.000928
17.025530
20.004423
13.013649
16.006095
17.018504
49.005914
4.020012
34.012351
9.019036
14.011567
29.040027
14.026737
39.039822
24.010959
19.008135
10.000928
13.007582
19.054447
14.017019
34.036815
19.012583
14.020626
9.015996
4.049579
14.035460
6.007101
7.018660
19.047566
9.025050
20.005935
38.008575
9.017146
14.013017
14.019092
9.020772
24.036989
14.045101
9.015915
9.046186
19.019021
9.038691
4.033613
9.020852
9.005450
14.020041
14.043390
9.039978
19.039815
9.025846
4.046951
14.040125
10.013269
28.023424
14.016354
9.028609
14.025429
19.032815
39.007422
9.021920
9.047756
9.032710
14.023815
14.031031
14.017259
9.016208
14.022734
25.004463
28.005476
9.011971
19.005690
4.037888
9.012611
9.030361
14.043061
14.025484
24.038327
14.016268
9.017333
14.007003
14.006948
9.014363
9.011072
9.007802
39.007382
10.004662
38.016930
14.025995
9.027060
36.000928
17.015281
24.021653
9.030817
9.002220
9.013437
10.007970
8.008927
9.028311
14.033495
14.008621
34.006690
4.046031
24.036313
14.012453
6.000928
7.020385
9.029771
10.016638
18.032869
9.023192
5.006156
4.000928
13.011925
14.005370
14.023045
9.044102
9.018924
9.012199
9.013003
14.018766
24.019080
9.025873
9.021181
24.007994
19.008075
4.039845
9.007042
14.014323
10.004443
13.009613
9.005870
24.031837
19.037665
5.008076
18.008754
19.013781
9.009667
9.015121
14.021852
9.009841
9.049753
29.028401
9.018613
14.039295
24.005690
29.027406
5.004558
18.007862
24.021130
9.006768
9.038257
14.007934
19.006170
19.009593
9.026315
24.034942
14.037283
31.000928
12.013345
4.015381
9.024598
9.037805
14.006522
14.005556
9.010933
14.034118
24.026216
14.008320
5.016448
8.015513
4.046843
9.028352
9.013729
9.014170
29.011439
9.023257
19.005390
14.028803
4.020822
9.016593
10.000928
8.007702
9.032177
9.013989
9.020724
60.010021
28.035803
11.000928
27.014184
9.023816
9.028784
9.019911
14.017865
9.003878
10.021552
8.020552
9.031285
49.012351
24.007482
19.035899
14.011785
19.006583
14.024468
9.029088
29.007282
19.005330
24.007603
19.005550
9.006974
19.008594
9.027553
4.020930
19.006110
15.005895
13.021986
14.030387
24.031604
9.026252
14.010113
9.018974
9.008495
24.016967
15.004993
8.014183
4.030395
19.056019
39.008454
19.005510
9.007794
14.019380
9.026742
14.012079
9.011437
14.021435
19.036808
24.022526
9.010233
19.006094
9.025924
9.054195
14.032247
9.017905
14.024796
10.011821
13.005950
9.016447
14.033225
14.018760
24.005690
11.002746
7.016921
5.005524
18.020084
24.018716
9.016595
9.025946
29.009007
12.005344
26.007542
14.005491
44.022672
9.018074
29.020004
9.018744
9.018507
24.015630
19.012872
9.017439
19.017162
20.004563
19.005975
28.012877
14.005390
14.010175
14.002220
10.000928
8.020266
9.038845
4.025030
24.023154
9.029735
19.023506
14.031564
4.037617
9.021458
14.031365
14.025708
24.005470
9.020047
14.009553
19.042120
9.018154
14.014343
14.017982
9.016541
39.006562
14.006070
24.019924
9.017907
9.015377
4.014849
14.028465
4.040011
14.009833
5.000928
3.034900
29.015707
11.000928
7.021224
9.030548
14.030537
9.014425
14.023016
9.043434
4.036749
14.035587
19.026994
4.032747
10.004178
23.011999
9.005590
24.011774
17.006916
6.015547
4.040425
39.037570
9.024414
9.041702
24.028561
24.016993
9.034846
14.011674
14.011753
14.021142
29.009014
14.015355
14.033537
14.023366
19.039869
14.010513
9.011373
14.025778
4.049109
9.014529
14.025555
14.022203
14.033757
9.009400
14.008795
19.014415
29.016279
9.013683
24.026260
14.023042
10.009421
8.016808
4.032521
24.008815
10.006024
13.025313
9.021072
9.026055
14.016416
14.007189
9.014249
9.033510
9.021032
29.005531
19.010007
9.031499
24.018259
20.004562
8.015812
14.007462
14.006390
9.006150
14.015105
5.000928
13.049995
10.004523
18.019236
9.033794
14.010407
9.021704
