7.025353
29.019931
19.014009
34.018986
26.004523
12.043229
9.014117
4.046315
14.029490
15.000928
8.028825
19.026893
14.021432
14.024414
9.026379
14.029743
9.020510
12.009909
16.030219
9.012651
19.012791
10.000928
18.015616
5.000928
23.026952
14.045974
12.005557
16.038357
16.000928
7.029205
24.017728
9.017652
19.029887
9.050802
14.013903
14.025467
10.000928
8.014757
14.032316
12.002746
8.004443
4.000928
13.000928
8.024935
14.040276
4.036532
22.002526
16.018512
14.018431
19.034482
20.013021
18.028785
9.032127
19.022525
14.020312
14.013761
9.009973
10.005944
53.035281
9.021810
24.023676
24.025719
19.017890
24.033349
14.012811
10.006010
8.041564
9.017982
6.000928
7.030243
19.013203
15.004503
18.022662
16.010081
12.026107
14.013925
19.014611
14.030795
9.011339
19.015962
9.038683
9.016997
10.012103
8.032993
24.006868
9.007022
14.024900
9.012191
24.024355
16.007130
13.000928
24.000928
18.021187
14.024138
14.037099
5.012342
13.011591
19.028551
24.008461
15.008321
8.002220
9.008875
6.000928
17.015435
5.002986
13.048603
9.033963
14.032225
9.034976
14.021025
14.011511
20.010047
10.009161
7.017131
19.046453
49.046987
24.036453
19.038604
9.026306
9.031379
9.035599
15.004482
8.044216
5.008801
9.006337
23.033193
9.020464
9.005710
14.027330
9.031106
5.005462
18.025540
9.019352
21.009001
7.045444
24.042844
14.019206
19.007323
19.007557
9.027362
9.031103
9.044463
14.014063
9.039849
9.028137
9.032580
19.018154
19.028706
14.008487
14.023382
19.017180
34.022074
5.009462
38.030011
14.008395
24.008251
9.052047
9.029647
14.013351
9.052052
19.017654
19.038151
14.028604
16.010021
32.003678
19.033954
9.012611
10.004603
4.003958
13.011093
9.018582
10.000928
8.015527
9.019106
14.034927
14.022970
24.048359
9.011419
10.004542
23.019149
9.028724
9.023751
9.012337
14.012797
14.024091
19.019642
14.014661
9.040815
14.030990
9.012817
8.000928
35.038600
19.009027
14.008515
9.020084
15.006239
8.032017
9.018355
9.022556
9.028048
11.004644
22.019515
9.027984
24.021190
9.029405
9.034336
19.007354
19.011025
9.009075
9.036491
9.028683
10.000928
13.020226
9.022822
9.019858
9.054047
14.013297
14.031092
9.012903
10.000928
8.037187
29.048519
19.032695
14.029598
24.028067
9.034080
29.038212
9.015716
14.009993
9.033883
9.026938
14.010718
9.038815
9.030763
14.035288
9.022158
9.006051
19.035479
11.003753
8.007479
5.000928
7.029899
10.005372
13.035568
9.031935
14.033732
12.010850
17.004563
8.019444
14.028323
35.009035
15.000928
22.020006
9.023670
19.015896
29.014184
19.017059
19.005896
49.051702
19.010585
14.022072
5.002406
13.027522
29.027857
16.006454
12.021154
9.008141
9.005442
9.042508
24.026725
9.002220
29.014005
14.023160
9.026091
14.025145
10.006113
8.017346
14.037155
9.029072
24.022522
9.031579
14.028285
9.030891
14.014309
20.000928
18.015482
14.014452
9.024550
25.004263
8.044746
5.000928
13.019770
9.029859
9.054538
9.010641
9.015529
14.009707
9.010701
9.030617
24.017602
19.016834
11.002246
17.010777
11.002886
7.033627
4.032806
9.026360
9.017273
15.017958
8.024189
14.026653
9.045372
11.000928
17.010293
29.019304
19.005797
19.009739
9.016548
15.000928
38.022346
14.010119
14.021178
9.023598
11.008313
12.014161
9.030072
9.011725
14.024600
9.029081
19.049095
9.019710
9.032175
9.006963
19.014609
24.029243
19.023990
36.007076
13.003046
18.032938
24.030609
15.000928
18.035658
15.004623
13.023652
14.032347
14.022555
15.005447
13.021842
9.023698
9.014589
14.009967
9.019932
9.021300
19.021270
14.016854
9.035016
9.040609
4.030079
19.015185
9.051421
9.028969
29.024680
9.026870
24.024714
24.029007
9.012738
9.009500
9.030685
14.007967
14.008241
14.015029
21.000928
12.005170
29.011785
14.022216
9.038719
20.012241
8.018044
19.006980
14.011757
14.021342
14.031078
9.013630
24.011225
10.009489
8.006828
9.025819
9.018308
9.040700
25.004403
8.020216
9.012651
9.028154
14.026086
14.015964
9.020412
19.012359
19.009719
14.024401
11.004503
12.007089
19.004184
5.004382
18.021316
14.012523
9.018068
9.017814
14.028958
9.021958
14.020898
14.023604
14.028699
19.026278
14.037923
9.047174
9.012891
24.045770
16.006101
22.011299
9.029811
10.000928
18.012509
14.024881
14.024359
14.032326
14.038181
9.013189
10.000928
13.035281
9.017308
9.019475
39.009495
14.036597
14.007562
9.036471
26.004503
7.023426
9.016727
4.052597
9.030139
19.027813
9.029920
14.022182
14.030210
19.037902
14.008679
9.018800
19.011011
14.022026
9.033087
11.012921
12.018688
9.014107
7.000928
6.013209
14.022044
19.020690
14.024752
6.006990
18.000928
13.015260
24.028122
20.008219
3.026677
9.030297
9.028310
9.018386
9.029542
9.015695
14.015767
14.031515
14.018380
14.016469
10.006155
8.020666
9.024362
15.004444
8.022226
9.030178
14.006742
19.008919
9.050231
14.028239
4.053796
34.009833
20.004583
8.023589
14.015033
9.042569
44.036304
29.051344
9.023785
5.006095
8.022046
14.008103
9.013297
14.009927
9.020441
9.022516
19.029284
19.010013
9.013117
24.050075
9.033061
9.012729
44.004038
14.012611
24.024636
19.023828
14.040859
16.002366
12.025709
19.025196
14.018319
9.037387
29.012451
35.002366
14.005044
43.019418
24.008621
14.006130
10.004303
24.010453
18.033296
9.024531
19.009873
14.010537
24.035295
14.013876
19.015784
9.027693
19.011007
9.051650
4.030723
55.002386
8.032697
10.000928
8.014363
9.036445
9.048019
6.005424
4.006730
14.004323
12.036471
14.025397
10.000928
28.005451
21.004183
17.025327
14.031041
9.022982
16.004263
22.005216
14.031569
9.037893
9.032527
14.024616
7.004758
21.030230
9.028947
54.018119
14.019347
19.026163
17.004463
12.004323
18.015296
9.011611
5.007102
18.021324
14.012217
9.028871
34.007961
9.017099
19.015781
5.004492
8.022396
14.022308
14.038456
9.012717
10.005630
8.028166
19.025372
9.025983
6.000928
22.044888
19.035584
25.000928
18.009207
9.017094
9.030179
14.010072
14.021692
14.003698
14.018706
19.040504
14.011951
11.004844
8.004422
18.037577
9.021514
5.000928
8.027659
9.052005
6.000928
27.051998
53.000928
15.036038
9.016419
19.013664
9.025536
9.031213
9.012669
19.022528
14.031033
11.006905
12.017582
9.032831
15.006039
15.012000
12.017028
9.039539
14.042634
9.017854
9.015612
14.007043
9.029693
9.015340
24.013451
9.040291
9.058341
24.022888
30.003572
8.021924
14.015381
9.032273
14.015093
14.013869
10.000928
13.022908
14.026985
14.026731
14.011005
14.019112
14.014050
9.035560
9.019672
9.032101
14.008615
9.014567
14.009147
15.004642
8.037246
14.024775
9.028537
9.057325
19.011577
19.018892
9.041635
9.034179
9.028670
14.014049
19.030325
9.032239
14.025581
9.023668
9.015996
5.000928
8.007867
15.011105
23.007995
9.025447
19.019526
15.000928
8.024142
15.006925
13.022742
14.029505
25.004662
18.017568
4.019038
34.005476
29.033884
24.008621
14.032025
19.026249
14.028493
14.016627
5.015519
8.011071
9.038716
19.014849
24.027208
4.032735
9.027533
9.034447
9.033011
9.035223
10.000928
8.019776
14.007203
9.035263
9.030095
9.011519
9.025651
9.022036
44.004304
9.022784
9.030155
14.005370
54.037190
19.018060
4.039274
14.020904
24.028137
14.017034
15.015285
13.021550
4.022010
5.003186
28.021876
14.026570
14.039835
15.007341
13.009687
9.015248
14.020740
9.035428
14.021398
9.014467
14.014818
14.023369
11.011141
22.028625
14.010153
9.037968
9.019858
20.000928
23.037354
6.002326
27.022716
9.032028
9.037569
29.013143
9.019393
9.037317
9.019174
5.000928
13.049239
9.019804
19.017334
5.004733
13.009953
4.031160
34.008361
14.021397
16.004623
12.030135
14.016627
19.016908
10.009511
8.018366
9.023937
19.012642
9.029932
6.006091
12.037064
19.009707
14.017003
29.022980
9.008255
14.009893
10.004616
13.018919
9.029952
4.038972
11.004223
12.020250
9.016481
14.009612
9.024602
14.025975
9.015295
9.011945
24.023428
9.005891
4.032187
19.047605
4.031301
10.010059
28.008575
15.000928
18.033464
14.023788
24.020138
9.034275
14.015247
9.028689
9.002220
14.023638
9.046733
9.031737
19.035239
9.008012
14.030834
5.009970
8.042267
9.027531
19.028953
15.004243
8.027448
9.018872
24.024292
9.013295
9.029861
9.024696
4.044884
29.030408
9.038638
9.041284
9.031442
9.047218
24.033501
14.027112
19.022716
10.000928
8.053767
11.004283
12.011407
4.051990
9.025556
5.000928
8.014910
9.007283
14.039169
14.018832
9.009824
24.010431
14.017500
14.027503
9.009907
24.013663
9.019136
9.025192
15.004678
8.049399
14.037864
9.013603
10.000928
18.016634
9.009747
9.021385
14.012963
34.017408
9.028340
10.000928
13.011319
14.008321
29.023860
5.000928
13.030594
19.029541
14.032143
9.011305
24.015531
9.019312
9.018522
9.034845
15.000928
9.000928
8.029705
19.037425
19.022422
9.020803
14.029350
14.012832
19.030276
9.013573
9.033849
19.022676
14.030035
44.014635
9.016423
9.006030
24.034609
19.026437
14.017455
14.039862
5.003066
13.031749
29.017952
6.007867
17.022844
19.017874
14.015485
9.021472
14.016106
9.037196
4.052105
6.000928
7.024140
24.032377
14.011597
15.007267
18.024761
5.004132
13.037974
14.021856
14.025987
9.044936
7.011129
6.030289
9.025266
9.026220
9.033600
9.015290
14.035256
9.021690
24.008561
9.034510
10.015631
8.046907
19.021069
10.000928
8.011983
20.000928
8.017434
14.015168
22.000928
16.009407
16.004443
12.012011
10.000928
18.012938
14.030541
29.028192
6.004223
17.015542
9.009207
30.004102
13.022908
4.040324
26.000928
7.047411
54.026243
9.004478
9.024688
19.034132
9.020238
14.012817
15.005855
8.010965
10.003146
13.010577
19.033758
14.026974
9.022788
7.005811
11.026118
9.039512
6.005995
12.020172
14.023876
9.021072
24.035248
9.009707
9.019618
19.012811
14.002220
24.028714
9.032433
14.030091
29.021282
9.018188
19.016660
14.028268
14.008627
9.013065
29.019580
4.028756
5.005790
4.000928
18.048903
9.042010
5.002346
7.000928
20.017283
14.022940
9.025997
9.035834
19.020531
19.022822
14.005310
6.010753
17.016994
24.014335
34.034150
14.014403
9.010927
9.030466
34.025258
9.035005
9.013165
19.016007
5.002986
13.037696
9.031250
9.016768
9.027755
34.018818
4.027379
29.039481
