14.013061
7.021252
14.029404
14.037456
19.040939
14.016368
14.013277
9.014369
14.029765
9.017936
6.006445
12.029004
19.026067
14.018388
14.027982
14.015435
9.025157
9.028988
9.016308
9.013963
14.027724
4.032270
89.027383
24.013744
14.012501
13.022125
39.029854
9.018959
35.011930
13.027492
5.004383
8.038183
9.022934
14.013311
9.048430
9.032009
9.048468
15.000928
12.000928
10.006983
16.004383
8.030424
8.010181
9.025681
9.013564
14.014069
9.025165
24.014541
11.004143
12.008074
9.017579
12.005350
16.032519
9.021816
19.029500
9.025761
9.012399
9.042565
14.039177
11.004423
17.022444
9.029835
39.011669
9.027073
9.025068
19.016102
16.006121
12.033998
15.004182
8.014523
9.011931
19.024354
9.008201
9.021670
9.011125
4.023003
39.035834
19.029810
9.011379
19.030541
19.008895
14.020780
14.017806
19.025149
9.029467
9.016919
9.018407
9.030360
4.035962
31.008249
17.023128
14.057963
12.000928
11.007183
14.021892
9.020852
14.040880
9.018140
9.018500
10.000928
8.015016
9.025051
14.017778
20.002306
8.014569
9.006928
11.000928
17.011813
9.030799
9.036115
9.033984
9.028971
9.008215
9.012231
10.000928
3.037149
29.023296
24.029721
49.012257
14.021118
9.020468
14.014351
4.032388
9.032967
6.011091
17.005290
6.011061
7.025776
14.013903
9.029632
5.000928
18.031752
14.016334
19.023854
14.031491
9.018841
9.006803
9.024388
14.012089
9.028997
26.004642
22.037620
20.003729
4.004692
8.032823
4.047053
19.007755
19.028193
21.007333
12.026298
24.018306
4.022120
9.027659
9.029735
9.015281
19.017870
14.021564
14.032200
10.004584
13.014881
9.009467
4.030485
49.027830
9.019952
29.013464
14.009513
19.022284
20.000928
18.013729
6.000928
17.009867
14.013105
6.009001
17.022712
9.024028
9.057703
19.026616
9.020424
26.013201
7.037613
4.029597
39.025087
24.008447
4.021632
34.008847
4.024308
30.004223
8.011519
9.018230
14.025221
34.025379
24.027743
9.020012
14.024937
15.008981
9.006404
8.019678
14.045566
11.000928
12.026909
19.023584
9.006843
4.040084
29.006696
24.022590
4.025521
14.043100
19.029664
4.028131
19.013746
13.000928
25.011671
4.042385
26.005351
12.016962
14.013889
14.010923
24.028312
30.000928
23.022996
10.004484
8.023520
9.016975
9.044661
14.020945
10.000928
13.025018
19.021144
14.024894
34.009561
19.018408
14.044484
17.000928
26.009513
14.016046
4.035625
25.000928
8.021464
34.004144
9.007023
8.000928
20.011335
14.025618
14.018046
9.029059
34.016943
9.028791
9.024145
17.000928
12.004622
14.000928
18.017048
8.000928
30.049524
14.012731
9.008094
9.019612
19.015135
15.015141
8.009733
9.039294
29.015759
9.019396
9.005730
17.013261
11.006582
9.023736
14.029658
15.004910
8.012851
5.000928
4.005685
3.049196
29.032333
5.005996
13.026614
9.022492
19.012111
19.022848
9.024028
15.000928
38.022216
19.008415
9.023846
14.016706
14.019970
14.011845
12.000928
11.048737
24.021724
14.053529
14.018992
14.023947
9.004991
4.030617
24.015136
9.025687
9.018779
9.014769
9.033462
15.002726
11.004603
11.027295
9.029874
10.002566
8.011011
14.022662
14.031689
24.014210
14.025928
14.027937
14.026552
9.017178
14.025861
14.006643
5.002586
13.011325
10.002406
13.038721
12.000928
16.009633
11.002446
8.005122
14.013860
10.002780
7.027196
14.016564
14.021024
14.009827
9.022397
9.018099
19.007740
9.036977
20.019788
21.000928
26.019678
9.016416
14.019632
24.030731
9.035867
14.006763
9.007815
9.032636
9.023132
9.028252
9.026937
9.023529
4.024200
12.003593
36.022632
14.009813
9.009567
9.015874
9.030497
14.022997
7.002646
36.035547
9.024580
10.003832
43.032395
10.010491
8.011205
14.036753
9.024484
9.031096
19.008861
9.021328
9.029598
9.014961
4.031315
29.051276
11.004543
8.000928
8.038320
4.039154
29.034831
9.027993
4.054464
20.009169
48.017339
11.004223
17.025624
19.012337
4.025893
19.014663
9.023472
4.039827
14.019792
9.030194
19.028770
6.006601
12.014269
9.020784
9.030037
9.021184
9.022626
9.014401
29.012491
4.031867
14.022144
9.026090
11.000928
7.017884
6.000928
22.034382
4.039368
34.036410
20.011357
15.004443
8.000928
18.020604
10.013245
8.011831
9.022430
4.021704
19.021956
9.027937
14.037693
19.005610
9.018998
9.011533
19.019272
24.024010
19.018418
14.040807
25.005061
8.044614
14.006302
14.045342
4.024312
14.019297
19.019832
4.034599
56.000928
37.033623
9.026660
9.024341
29.037352
9.032177
4.057011
36.000928
8.005804
13.031037
4.021178
19.028543
9.008919
10.000928
8.022736
7.000928
16.012351
10.008021
23.025383
19.037047
9.036058
9.028419
9.024766
24.031363
41.006545
7.022584
9.012837
14.007089
14.015245
14.011507
29.031863
14.014283
9.013298
10.000928
18.011119
34.023574
9.023494
9.017124
29.032918
14.015835
9.024592
19.013295
9.014876
14.010189
14.013147
9.035768
9.012051
10.004143
8.024619
4.052267
44.009847
9.035407
19.028519
9.034582
14.007223
11.002406
17.024388
19.018150
11.006904
22.013823
30.000928
8.018440
9.016334
5.005290
8.021974
9.011085
9.022728
59.014449
9.010799
4.038806
24.041755
19.020444
9.009267
14.014737
10.006095
8.007089
14.023375
14.033270
15.000928
6.004432
16.012677
34.014915
29.034033
9.024307
15.000928
8.020402
9.015567
34.012977
10.006416
8.034735
19.024374
29.039380
9.025307
14.018266
12.000928
11.020634
14.009155
14.008261
14.011042
14.037545
14.017586
14.035430
9.017407
19.010305
14.024830
9.013386
9.033874
8.002306
5.022977
9.027930
9.022627
9.035981
9.014231
24.013623
5.000928
23.034052
4.039730
64.027719
9.011539
4.050820
39.024369
9.029755
5.004484
23.038013
9.039486
10.000928
8.010007
5.006519
8.027663
9.026903
14.008061
9.021207
4.034639
29.018200
12.000928
12.004383
19.004322
38.027652
6.000928
12.038752
15.003366
8.006430
5.003772
8.029221
9.006869
9.023911
24.029311
9.014602
9.016908
4.028741
44.037919
4.030258
34.021714
24.017812
9.009807
30.004523
8.043515
29.046329
14.020716
5.004038
8.041653
14.011469
24.031261
9.013735
4.022277
44.017194
19.028377
9.014167
4.026314
34.039123
14.028231
30.000928
8.021164
14.028737
9.009867
19.005230
29.020984
24.013610
24.026116
4.038644
54.007646
24.035129
14.009387
9.035519
19.034928
14.031669
14.012131
29.021964
20.004103
44.000928
18.021239
9.012531
14.033741
29.002220
4.048961
29.028321
14.017708
9.048313
24.039978
9.020680
9.026863
9.006582
9.011039
10.006432
8.009527
29.018340
9.019800
4.034095
14.033272
30.004192
28.017178
9.009552
24.023306
9.018991
9.021014
9.015956
4.036002
29.028209
4.030465
29.031511
9.016807
9.027321
4.055614
9.012551
9.027073
9.038199
19.042479
9.028630
15.004462
23.019592
9.021322
9.035892
6.003958
9.003838
12.017583
34.025137
14.026085
14.017194
15.004222
18.021231
9.029199
4.043436
14.017900
24.033598
9.031147
24.045182
29.024229
9.017038
14.019988
24.025791
5.013257
8.010819
9.021662
10.004338
19.004662
13.023330
9.023888
5.000928
8.020468
14.013849
9.007043
59.024217
14.034818
14.028832
4.021206
14.045658
14.012457
14.024880
9.037093
9.018433
14.025497
4.028359
14.018570
14.029138
9.023554
34.009513
9.031867
9.035835
14.012799
9.029621
24.032585
9.049139
14.019351
24.017854
14.025879
9.013551
5.002726
8.008915
14.008615
14.024866
4.053490
19.010985
29.011579
14.032424
4.048373
19.022076
14.024482
9.021805
14.026167
9.015360
9.019516
9.035789
4.035042
14.022370
4.036327
14.022756
9.018860
14.012937
9.025851
4.033993
34.022464
4.018046
24.005370
19.010467
9.049207
9.023868
4.030679
19.015342
10.002826
13.030511
29.029179
9.028931
9.045182
14.051653
9.008075
9.018546
9.026449
9.014548
4.029425
19.029105
14.026845
9.032164
39.009987
9.031789
4.033807
44.036647
14.013730
5.002806
9.005744
29.005515
8.011719
14.020998
9.021498
9.012205
9.037217
9.019476
19.024249
14.014330
9.035833
10.003386
13.008181
24.029833
9.033164
4.035756
29.040754
4.017920
9.027893
6.004603
12.011179
29.032098
19.038453
24.013783
14.012203
14.007263
4.032202
34.025177
9.033282
9.011399
14.024060
14.019238
24.008627
9.025128
9.018416
5.004064
8.030156
14.016836
11.005976
7.018390
9.053181
14.028843
10.004603
18.015707
9.023270
14.021154
9.006528
19.019754
4.037854
20.000928
8.008195
24.023223
9.009807
9.031017
4.057550
29.017942
14.012551
9.018899
4.032953
4.029941
39.010999
9.019567
14.024466
14.011825
14.025027
19.016980
49.012779
9.025530
14.024808
19.008659
4.028481
14.027485
24.022400
19.033404
4.029835
24.013103
9.018650
5.007457
8.035614
14.033468
9.023349
5.000928
13.013969
4.035244
10.004422
8.015316
4.036233
44.053831
4.016794
26.005835
17.005390
9.017569
14.018132
5.000928
18.007996
4.035926
34.012871
15.006845
8.013725
9.024437
29.033503
9.034997
14.034165
29.039501
19.019553
4.035264
29.022592
9.016029
9.010821
14.036415
14.016795
29.035960
5.000928
13.025841
14.020653
11.004303
37.029135
4.031484
14.025227
9.041263
29.007895
9.033615
14.036459
24.015222
9.019286
14.016828
11.004318
12.047378
4.045483
24.028558
14.020129
29.010599
14.025478
24.022922
9.024869
10.004010
5.004523
22.031574
9.022732
9.019708
5.002626
8.021474
6.000928
8.002986
13.019668
6.000928
17.027095
7.000928
15.004292
5.009242
24.009269
4.029585
9.020510
34.020096
9.031937
9.011669
9.013903
9.026922
14.014244
15.002446
23.011447
14.011871
9.026172
14.031644
19.010737
4.031071
34.018680
9.013829
24.014902
14.020892
9.015475
19.012451
24.037565
9.020307
14.063333
34.015225
29.028835
9.015387
14.022329
24.028336
9.012777
24.007926
9.024768
19.027777
14.013577
9.008723
30.004787
13.011205
4.034459
29.052515
11.013141
12.019034
14.009021
19.020652
9.031236
44.032212
9.019814
9.018986
5.008954
8.032185
9.009547
9.026226
19.024318
14.017193
9.030525
9.019416
5.000928
8.013297
11.004163
47.030605
9.020138
39.028451
7.000928
21.024296
