33.000928
23.016364
19.018489
30.000928
28.004950
145.000928
34.000928
28.009061
15.010830
11.000928
12.000928
8.020044
29.007523
20.000928
29.000928
34.000928
124.000928
34.000928
23.010247
39.014389
15.000928
33.016163
24.006189
59.002220
45.000928
23.021497
56.000928
27.012451
45.000928
14.000928
28.013523
34.005916
9.011867
39.013605
49.009927
39.007388
34.007543
29.009281
24.011273
35.000928
14.000928
23.015089
20.000928
48.014037
29.011299
39.022001
19.009121
15.000928
48.009066
9.011971
45.000928
39.000928
8.023390
34.014261
34.007402
19.010913
30.000928
28.007128
25.010230
24.000928
48.007002
20.000928
43.010473
30.000928
38.005331
19.007723
20.000928
44.000928
18.014693
35.000928
22.002910
46.000928
44.000928
19.000928
28.022715
39.009648
15.000928
48.014481
24.012133
40.000928
23.013217
35.000928
24.000928
53.005517
40.004810
18.010407
20.000928
58.020130
29.006082
40.000928
33.007422
29.009361
54.006703
39.013743
20.000928
14.000928
33.005910
24.006642
10.000928
28.014313
14.005790
30.000928
45.000928
127.014567
19.012405
35.002970
19.000928
33.018699
20.000928
58.005797
35.000928
43.017811
29.005662
39.007123
59.012767
45.000928
19.000928
29.000928
19.000928
28.007429
34.008786
35.000928
11.000928
56.013445
39.010246
24.005836
39.017709
34.009761
20.000928
18.015204
39.008195
20.000928
19.000928
28.005210
44.012313
25.000928
59.000928
33.008182
39.013719
20.000928
29.000928
13.010567
45.000928
23.008820
14.011173
39.005950
19.007203
24.007902
34.005830
44.005045
25.000928
29.000928
23.009975
75.005870
58.010441
20.000928
33.009813
15.000928
48.007423
25.000928
9.000928
33.013768
25.000928
39.000928
36.000928
21.013515
65.000928
14.000928
33.008921
30.000928
24.000928
13.010587
29.010813
15.000928
63.011205
35.000928
28.015101
34.010293
19.010167
25.000928
73.011251
34.009448
29.009759
45.000928
58.014266
50.000928
48.006582
54.005690
10.000928
29.000928
24.000928
19.000928
33.022835
30.000928
18.005482
9.009201
39.005990
30.000928
19.000928
29.000928
29.000928
44.000928
18.014334
15.000928
33.010193
44.005650
29.025002
50.000928
28.009707
30.000928
24.000928
53.005942
19.022655
60.000928
39.000928
18.006011
19.009455
19.007935
30.000928
23.010113
24.014687
19.014051
24.012236
34.013849
24.008895
39.012737
17.000928
57.000928
14.000928
29.000928
19.008250
29.000928
23.009141
14.005470
24.008955
39.012325
10.000928
34.000928
13.014949
14.025622
20.000928
54.000928
28.014311
10.000928
38.020225
29.007503
30.000928
18.011353
9.015595
29.009282
24.005910
31.000928
48.000928
24.006270
23.017290
30.000928
34.002626
24.000928
29.000928
50.000928
27.013125
24.011691
10.000928
131.000928
11.005770
10.000928
43.005871
25.000928
43.007042
40.003026
54.000928
21.000928
22.000928
43.008875
45.000928
33.014073
34.005990
29.008820
29.007311
19.006783
24.009033
90.000928
14.003833
59.000928
24.000928
34.000928
63.006169
44.013139
25.000928
14.000928
33.008621
19.022716
10.000928
44.000928
24.000928
28.009135
29.007043
14.011453
29.013945
14.011533
25.000928
34.000928
9.002586
24.000928
14.000928
39.000928
24.000928
29.000928
24.000928
49.000928
48.005410
14.008268
14.008103
44.015671
15.000928
38.014457
19.009481
24.006010
34.020258
15.000928
44.000928
18.010373
29.016367
35.000928
33.008799
54.007628
30.000928
18.008422
50.000928
28.010924
50.000928
13.013099
24.010381
15.000928
23.020566
19.005990
34.010347
19.009646
14.005350
139.014054
20.000928
24.000928
20.000928
18.000928
69.000928
13.014551
20.000928
13.007829
35.000928
13.006802
45.000928
15.000928
28.000928
38.007583
15.000928
44.000928
28.008475
20.000928
33.010753
69.017841
39.011039
39.011626
29.010987
20.009090
28.006262
55.000928
24.000928
19.000928
8.018607
19.008835
25.000928
39.000928
24.000928
19.000928
29.000928
14.000928
64.000928
23.022497
35.000928
26.000928
47.000928
68.013506
29.007182
26.000928
12.010487
25.000928
23.014551
50.000928
129.000928
19.000928
19.000928
23.014623
25.007910
24.000928
19.000928
23.007389
15.000928
33.002220
25.000928
34.000928
38.010773
30.000928
24.000928
43.007108
44.006315
49.020725
20.000928
49.000928
108.020572
20.000928
23.007668
50.000928
38.012713
17.000928
27.000928
34.000928
14.000928
23.018878
25.000928
24.000928
24.000928
23.014173
15.006705
18.007323
15.000928
24.000928
39.000928
24.009201
39.000928
23.012466
35.000928
14.000928
28.009773
55.000928
48.011163
25.000928
33.010947
31.000928
38.000928
14.000928
28.015845
15.000928
24.000928
24.000928
39.000928
14.000928
14.000928
24.000928
14.003206
19.011170
39.000928
24.000928
23.011821
5.000928
33.009959
34.006011
15.000928
39.000928
23.011433
25.000928
39.000928
44.000928
18.010073
30.000928
43.008075
49.007600
45.000928
44.000928
59.000928
34.000928
19.000928
43.016691
15.000928
13.007736
39.015632
21.000928
32.007789
41.000928
22.009727
19.007869
15.000928
43.007343
20.000928
24.000928
35.000928
18.000928
19.000928
43.007282
29.007835
15.000928
14.000928
28.015535
55.000928
29.008290
38.017951
15.000928
23.011799
20.000928
20.002890
18.000928
13.017957
40.004562
28.014079
29.010673
49.017067
34.015631
15.000928
14.000928
33.008961
20.000928
48.012359
44.018869
19.024607
45.000928
34.000928
13.006523
44.009341
25.000928
18.005522
30.000928
33.007683
50.000928
34.000928
44.000928
44.000928
34.000928
24.000928
33.012346
19.008128
14.021024
40.000928
19.000928
35.000928
28.000928
38.007149
30.000928
89.000928
23.007883
39.010779
50.000928
33.010267
36.000928
37.012069
24.007309
19.022837
29.009933
34.010425
19.009015
20.000928
23.013612
20.000928
33.017735
34.007329
24.010581
44.009547
24.010607
39.004538
24.009587
