10.006750
6.053770
14.030818
9.021264
4.038250
5.000928
13.049927
9.016756
9.016437
4.043375
19.011831
15.011921
8.036833
14.032706
9.013017
14.006082
9.012277
11.008028
12.012569
9.015741
5.000928
13.028469
9.028985
5.003334
18.026895
9.014625
9.029749
9.020184
14.008803
29.027828
19.016488
4.027559
6.000928
12.016448
14.043084
29.015461
4.034254
6.000928
7.022370
9.042506
4.019978
10.005755
23.007723
19.006608
24.008107
9.019060
29.007163
9.006091
9.022719
4.046425
19.023158
9.007062
9.027376
14.027215
19.036755
9.021144
9.018346
19.015252
4.053162
4.037264
9.019419
9.016676
14.012525
9.042481
14.021884
9.051636
9.012571
14.034818
24.030202
9.008695
14.022136
4.052881
4.019827
10.002666
8.012197
9.009240
9.022046
24.025165
9.053543
14.011639
10.005746
8.031958
14.027622
4.029097
14.032981
9.015357
4.032743
24.009021
9.019680
9.015127
9.014907
4.031661
19.015161
14.021056
9.005456
9.007901
4.026324
9.023409
24.038719
4.049958
9.019020
19.030127
14.006723
14.008812
14.041692
14.011411
4.024101
14.034931
4.046905
14.023117
9.042944
10.008327
13.009913
9.009455
14.038813
9.007988
9.008100
9.037656
9.026394
17.004222
16.025759
14.018061
14.008527
19.030456
11.004203
27.008115
15.002811
8.026064
9.027396
14.012461
9.024024
19.048508
4.045435
9.036049
11.003638
22.009115
4.029209
9.005791
24.015274
9.019752
4.031281
14.025985
9.011625
9.017473
7.000928
21.006174
9.015775
19.045220
14.006494
14.016387
4.045470
4.031353
9.045599
15.028795
18.026119
14.018918
9.016482
9.049830
20.006405
8.038460
19.020066
14.018488
4.041000
10.007989
13.033046
10.005754
18.007283
9.012803
14.006662
9.016814
11.007475
32.031026
9.034010
4.061313
9.015542
9.015922
9.030895
4.028844
14.017574
14.013950
19.004682
19.016001
9.024946
4.021149
9.029089
9.024866
14.027339
9.020884
24.015521
14.021888
19.028019
10.000928
4.004693
18.012357
9.046270
4.019032
5.000928
13.034966
4.034491
9.040866
24.008315
4.030677
10.004442
8.010539
9.007377
9.043947
9.017388
9.025193
4.013277
4.034932
9.033437
14.038431
10.012393
18.002220
9.025927
14.012551
9.017540
29.036064
9.020358
9.022824
14.010963
9.015472
19.045900
9.016144
9.009913
14.007827
9.014811
9.007381
11.005755
16.000928
5.010133
9.016259
19.005730
9.024409
9.034037
4.021636
9.020138
9.022636
10.006091
13.012671
24.013515
9.024413
4.060698
5.000928
8.010839
14.018184
14.014463
9.060104
9.015587
29.048945
9.012669
9.005651
14.053839
9.027625
9.034640
19.009807
9.019800
19.032458
9.018330
24.005430
11.009515
17.016894
14.037121
14.014375
11.000928
12.013509
9.017939
9.024841
14.030509
29.015407
9.006603
14.017334
14.008281
4.030079
14.024089
10.000928
13.043930
14.023688
14.032937
14.035920
11.016483
17.019767
9.024991
4.039618
9.014024
14.038695
4.042846
9.033441
24.028635
4.048322
19.025199
14.025745
9.060803
10.005935
13.011119
9.013787
4.018252
4.022698
9.032654
19.028385
24.020618
9.008315
14.032332
9.007003
11.004423
12.038017
4.044937
9.046833
9.039854
9.009707
44.030673
11.004138
7.022976
14.028429
9.012723
4.043930
20.004622
13.044281
29.011119
9.037334
15.004563
13.010259
9.029061
4.035597
9.011479
4.047089
9.020944
14.034738
6.000928
12.014604
14.028912
19.018052
4.044581
9.039150
14.008055
4.013517
4.041758
4.019921
14.020112
9.009575
9.023249
34.019357
5.000928
13.021794
19.036058
9.005131
19.006834
9.035007
9.015324
5.000928
8.045441
6.008229
12.015096
4.015442
9.007508
7.005930
6.013557
14.023038
14.051941
14.024089
10.006373
38.029858
9.046965
9.030534
10.011745
8.029495
4.028353
34.004990
5.009659
8.014449
9.023650
4.046237
20.000928
8.012233
4.044845
24.044109
4.046670
19.021062
20.009461
13.009147
4.045198
5.000928
5.000928
12.012757
9.046456
9.026647
4.027514
9.034797
19.017818
9.031823
9.024601
9.020251
9.008681
15.004563
8.028217
9.025356
9.035547
9.017648
4.046709
29.018258
19.036932
19.032018
30.016116
23.009469
4.028757
15.005931
13.013369
10.004884
8.023868
4.022076
14.006849
4.015776
19.021344
15.004603
13.014569
6.004163
17.024442
10.000928
23.041135
9.021414
19.009499
7.006164
26.011925
29.039263
9.028420
44.016369
8.002886
10.023467
14.038905
14.035656
9.011447
9.026892
9.007095
14.031391
9.013618
6.003134
12.013950
9.039236
14.033229
4.054190
9.010941
14.021071
11.004583
12.009833
9.019918
14.029697
24.012957
14.003964
14.010013
19.013127
19.018009
14.021003
4.040011
24.023654
4.033293
14.009913
9.015294
14.036679
14.019844
9.032380
19.015987
14.012977
9.034619
9.018821
19.014063
9.012611
4.038738
4.049386
14.031159
9.011823
19.020730
19.038160
9.018818
9.037821
19.012091
9.025539
9.039255
9.037820
9.054103
9.019192
15.000928
8.018946
9.021676
14.015187
14.022962
14.008606
20.004583
8.013377
4.015882
9.009513
9.018792
9.008375
9.031902
6.009781
12.012169
14.029944
11.000928
7.008515
14.028865
4.028047
9.024408
14.026741
14.012765
9.019700
19.051209
14.021526
10.000928
13.030721
9.020808
9.027028
14.043173
14.009173
9.043102
14.020922
9.005390
19.006782
10.004402
10.008101
12.043594
14.010025
19.020710
35.009799
8.012499
7.006015
11.035082
5.004562
8.012743
4.020604
5.000928
8.012657
4.033428
5.000928
23.015575
9.031443
5.000928
18.022719
14.023357
9.024846
14.042579
19.045545
9.030198
14.024970
14.011977
4.034227
4.022183
9.024362
9.051240
9.025652
9.040945
14.012551
9.007208
9.041477
24.016432
9.025250
14.008737
5.000928
8.036215
9.012743
10.000928
18.020908
39.017760
9.023704
40.004582
8.028420
24.035223
9.027028
14.022362
4.047042
19.009873
9.030369
6.004523
7.032884
9.028813
14.016012
9.005517
11.004662
7.008487
9.028083
14.035855
14.021117
9.037171
9.045934
4.031259
5.000928
8.023876
4.055238
14.022668
5.011210
8.035736
4.028576
19.007248
9.034743
5.005952
8.005871
9.016262
9.037251
9.032427
4.029289
14.022750
9.026172
9.017165
4.038006
9.008335
9.007203
4.055603
4.014997
29.031493
15.011611
8.021486
14.035943
4.037129
14.009193
19.019496
4.045085
4.034172
9.025969
14.032329
9.035726
10.013199
8.018128
9.025870
9.059040
19.005576
14.024068
9.030897
19.019724
19.013423
20.012299
23.009701
19.025200
4.035139
14.014349
9.005630
14.005790
9.023618
14.008235
9.017265
9.014783
14.009293
4.039793
7.004263
15.005584
10.017363
9.019082
9.025139
24.016136
4.017966
19.016345
9.017204
9.026593
4.033234
4.030843
9.006170
9.014249
4.038022
9.026745
9.013091
14.054383
4.043737
9.012425
19.036132
9.011579
21.006115
7.024804
9.026505
9.028575
24.020060
9.010241
19.004144
19.028099
4.030477
14.023534
9.029143
4.033077
9.016096
9.034231
9.036579
10.004498
9.000928
8.017891
9.029775
24.036713
4.018204
15.010921
3.024653
9.007269
4.032959
14.013463
14.036078
9.020678
24.036666
14.013981
14.032736
14.028908
9.007008
15.000928
13.013811
9.029623
4.046244
19.016238
5.007516
13.027986
9.037194
9.022045
9.019966
4.042024
9.034297
14.008515
9.025800
5.000928
8.013171
9.041864
9.028453
9.032603
9.012277
9.043225
9.034187
5.004841
9.000928
3.048196
10.004602
8.015335
4.029617
9.050018
9.022685
9.024203
4.037755
15.004282
8.011853
9.022532
14.011045
9.008215
14.022950
9.038452
20.000928
8.028847
14.042849
10.000928
18.013013
11.004562
12.007363
6.000928
13.000928
8.008375
24.011805
9.011145
19.014083
9.029596
4.036156
9.029021
14.022436
9.040950
9.026275
9.013551
14.033574
4.060692
19.024422
14.019606
14.029713
25.003932
13.036513
19.020023
5.005615
13.018159
14.006662
19.015955
4.038264
9.051601
4.042010
16.007341
27.022020
9.019824
19.017521
19.018760
9.016674
4.059028
14.029262
9.036601
15.009081
8.010147
20.004542
8.057072
14.045811
9.043224
14.048162
9.018605
9.010167
19.044304
9.033759
14.024719
19.039342
14.008766
4.020698
5.004633
9.002266
8.029325
5.019380
3.032086
4.031323
9.017121
9.031543
14.022883
14.046812
19.033767
19.006543
19.017248
14.041649
19.027494
15.012321
13.030455
10.005141
13.040519
4.051389
9.032016
9.019200
9.010141
9.029857
19.047416
9.042418
14.016551
5.000928
13.005271
9.034732
10.000928
8.018546
19.020647
34.021370
9.019463
9.015655
14.026358
9.013143
4.036119
9.018006
9.030673
4.034409
9.032583
9.036695
7.008161
11.035357
9.030313
10.004990
18.027144
6.004905
12.052366
9.030109
5.000928
8.012817
6.000928
14.000928
7.018318
14.020562
9.038487
14.009953
4.013916
10.005041
13.048725
9.025780
9.034900
11.003732
12.025078
19.015069
9.032635
9.019404
21.012601
7.028239
14.008695
8.000928
15.044433
14.015816
4.039670
19.011825
14.022355
24.008235
4.027765
9.030167
9.007048
9.029187
14.009035
9.023062
5.006423
23.041529
14.019630
24.034371
9.031077
9.031963
16.011481
12.023826
7.000928
11.042004
4.052218
4.032810
14.011119
9.021204
11.002246
22.026041
14.007034
14.031273
9.024415
9.020768
14.009547
14.013291
11.003858
9.009300
13.000928
18.024471
4.039057
9.045206
9.024462
9.030731
19.027754
9.026254
14.006503
14.007103
9.008540
14.027180
14.016648
9.022658
9.029378
9.041599
14.014063
19.036731
14.012363
9.016519
9.020570
9.034031
14.008535
9.058383
4.040610
9.025762
9.022535
14.030127
14.016761
14.024216
6.000928
12.026406
14.021192
19.014809
4.032015
14.015942
14.028462
14.018041
5.000928
18.029505
9.016022
14.030413
9.028624
14.019078
14.011519
4.043604
6.006417
7.036265
9.026965
14.005616
9.018954
34.024116
19.033714
9.030264
5.000928
13.015322
14.027164
4.030523
10.013781
4.017474
15.015160
12.030892
9.014876
14.013735
30.006625
13.009995
14.011151
12.004462
7.004925
8.038865
10.005610
13.012897
10.002791
8.015695
9.013824
10.000928
13.013733
9.032210
14.025629
11.002366
32.020776
9.036816
15.000928
13.036357
29.017836
14.007883
9.006923
19.024984
9.017020
21.000928
12.005190
10.004323
12.003066
13.000928
16.009823
24.026619
6.007076
22.023340
19.032325
14.018138
14.032695
24.005510
10.006836
18.041953
9.047858
24.008335
24.034041
14.006318
20.000928
8.024174
14.030513
34.014962
10.000928
18.025261
19.011325
24.019594
9.021140
9.031367
9.024309
10.000928
13.028006
9.044439
9.027419
9.017846
19.012971
19.019735
9.016588
9.011857
4.026331
14.030729
9.045710
14.006747
14.016886
9.016548
14.025697
24.009967
19.025019
9.024624
19.004911
14.022947
9.011181
9.034671
4.021567
4.029095
9.029165
19.013203
10.004962
13.023192
11.000928
7.027483
9.040213
14.007500
9.030357
14.031001
9.017040
19.039823
4.048158
14.014134
