47.016315
10.000928
43.009653
20.004282
8.052401
4.027347
14.013849
14.013969
19.007935
9.016446
14.016973
14.030489
14.010905
9.027040
9.027874
14.013225
14.025048
9.008801
14.024934
19.027412
9.021804
9.025347
14.025204
9.037529
14.032667
16.002626
7.021784
9.026933
14.015528
6.000928
12.015755
9.030931
19.018219
5.000928
8.015937
6.008461
37.013835
9.023173
24.027872
14.032274
9.011719
9.025913
25.008981
18.012353
9.025724
9.007935
19.019358
9.022136
9.016247
14.014143
19.048540
10.004582
8.026168
5.013539
13.014361
4.031078
24.012611
9.027465
24.014715
24.036579
15.008661
13.027292
19.015917
14.015533
4.034006
14.029631
15.008521
43.026008
9.022276
14.028837
19.010053
14.037139
9.021870
4.017837
19.028235
10.003506
13.013845
9.047048
9.011121
14.024466
9.013723
9.029231
14.024540
4.046052
9.018672
5.005835
13.020648
4.021822
19.042531
5.004142
13.032173
16.005557
9.000928
12.036209
9.035565
9.018378
14.016839
4.025432
9.012219
14.009355
4.043594
15.000928
8.013297
15.012641
8.003858
14.038598
9.040610
19.010053
9.025028
9.056781
9.041836
19.019464
9.016731
16.004182
22.010581
4.030906
10.000928
13.030110
9.016642
5.027492
8.015833
24.036995
15.011013
8.041647
9.030330
4.018865
24.034831
14.026796
4.065920
19.040861
14.016668
9.009673
19.016954
19.007801
9.030177
11.004462
17.024772
14.019703
9.010337
9.038835
9.020132
14.033775
14.032486
9.014883
9.028991
10.006770
18.027574
9.025707
9.012805
9.022462
5.007621
8.019622
9.027671
19.017239
9.017205
5.002606
28.052147
9.005496
9.004264
9.008535
14.008275
9.043726
9.014769
9.037364
9.026885
9.012957
14.034509
9.028452
9.034227
9.033807
9.026694
9.022934
19.016009
10.006985
13.014295
14.018952
24.013871
10.003592
18.014198
12.005791
21.026174
14.025880
4.028080
10.004522
23.016655
15.004282
28.030945
10.004304
28.035427
14.010407
9.027632
9.011371
14.022272
4.048915
14.020130
14.013369
6.004424
17.025757
6.008529
7.013417
5.000928
18.067580
14.028757
19.014377
9.038084
10.004943
13.028861
9.012317
9.010153
6.000928
7.039015
14.020191
9.015401
14.013313
14.015997
4.032891
19.039087
45.000928
14.028097
13.015889
9.015089
9.027523
14.015584
5.004538
13.044344
9.017562
9.036552
9.030843
14.006662
19.012167
9.008515
10.000928
19.006363
13.046125
11.012741
22.011525
9.013223
15.000928
8.041961
14.014238
15.000928
9.006256
18.011225
11.006705
12.013363
14.029274
9.042406
52.000928
16.024414
14.027506
9.020988
14.009653
14.013695
9.047649
14.020398
9.020084
9.013277
10.000928
8.029951
14.014875
19.028523
4.024687
9.018766
19.008335
14.027206
14.020744
21.006580
12.020468
11.000928
12.021402
14.028219
14.027445
10.014261
8.009421
14.043016
14.010693
24.025872
9.036782
4.037582
9.032775
4.030764
4.049728
9.018174
15.004562
13.028102
9.031151
9.042478
14.004038
14.038440
4.044221
9.019996
9.030101
14.035123
9.038127
14.028304
14.017191
9.008626
5.005630
10.015121
17.023408
24.034124
19.029791
9.015115
9.033263
19.019458
9.029243
14.021466
9.031706
9.029049
10.000928
13.014359
29.009633
9.011159
24.018691
9.025066
9.016383
9.021502
9.026116
19.029195
15.000928
8.005065
14.012289
9.028399
9.050687
19.024726
9.029623
4.011239
5.005691
8.050705
9.030469
11.008981
13.000928
13.008466
12.008221
11.026500
9.005056
19.009987
9.006742
29.035243
9.019912
44.036241
10.000928
8.024542
14.021014
14.032802
4.018814
24.028405
4.027524
14.026501
14.027779
19.022932
14.022524
9.020762
9.020964
14.008275
9.024534
9.024250
9.010059
16.004242
17.020872
25.002986
13.013369
9.031967
14.025952
14.029654
14.014569
19.039947
9.025906
9.026384
19.036591
9.014799
29.037132
10.000928
8.031206
14.038196
14.008581
6.011241
12.025150
19.012309
9.023110
19.018339
9.033087
9.024340
19.018218
9.031513
11.013301
17.028546
24.017288
20.004248
8.048576
14.018260
9.025522
14.013597
24.023736
9.021076
14.047427
29.010273
9.027270
14.046001
9.052186
9.014161
5.000928
13.023642
14.016255
19.011905
14.035041
9.030637
9.022978
14.027735
9.024610
10.005770
18.034128
9.034277
15.004825
8.008427
14.008075
9.026166
9.020384
9.017121
9.049759
14.024958
5.008448
13.032087
10.005384
13.022466
14.004970
14.014713
19.030349
9.011525
9.027657
9.029543
14.040035
9.026072
9.009415
14.032603
14.044927
9.015807
9.012877
15.010707
8.022490
14.034672
14.039375
9.026004
9.021724
24.009899
14.018848
14.022730
9.038118
9.007074
24.010113
14.035159
9.015543
14.032763
15.000928
8.036619
11.005975
17.023502
14.036287
20.004602
8.026632
4.029855
9.021484
14.036229
9.047074
16.004182
7.023712
14.023428
5.002366
4.000928
4.009869
13.028970
10.005935
14.000928
18.025128
4.028728
14.017293
7.010041
11.026116
9.028294
10.009519
18.026471
14.052501
9.023986
6.004222
7.032677
14.016494
9.031521
10.007161
8.026594
9.028964
9.046058
9.028030
15.004342
18.019958
24.025018
9.012717
9.006935
9.033170
19.039098
9.023386
9.019558
10.015195
8.024836
15.005875
8.034333
9.016347
4.027106
14.041470
24.036703
20.014321
13.034703
9.013637
9.013603
9.015876
14.011519
9.003858
14.031738
9.007109
10.005170
13.018266
9.018945
9.043642
14.020284
9.029282
14.006603
19.023364
24.027670
4.049652
9.037062
9.010147
14.023500
24.008661
10.006944
33.030909
11.011581
22.015407
9.045472
14.037381
14.031894
14.034073
19.003978
9.020020
9.023381
11.006765
17.014929
4.031216
4.038563
14.025796
14.030118
69.018858
4.030933
20.005735
18.034909
9.023274
9.049184
4.030943
4.045951
4.037219
10.000928
8.005230
14.009619
14.030421
9.007082
5.000928
8.047380
14.010839
14.006783
15.005899
10.004663
5.000928
7.000928
28.007028
24.034837
4.027933
6.000928
12.008481
19.024086
9.008246
9.014921
20.000928
8.011931
14.018254
24.016569
8.000928
16.016032
15.000928
12.002220
19.036649
19.039380
9.023290
5.000928
8.010419
29.006989
6.004642
17.021362
14.012319
14.018922
9.047279
9.022017
14.036167
14.033395
24.037814
14.025443
14.009467
14.008808
11.006941
17.026287
9.005996
69.020625
6.005810
12.028641
11.000928
4.000928
14.010601
7.029720
44.038267
14.020876
19.007514
24.007715
14.027364
15.005995
28.010561
9.014069
9.026986
9.019703
14.012231
10.004462
15.006705
7.012353
10.005060
18.028179
14.036695
9.020568
9.030477
19.034031
9.027424
14.024662
14.041979
6.012721
12.023780
14.024682
9.017753
9.050863
5.007742
8.029810
10.000928
8.022972
4.033519
7.013701
12.000928
18.025276
11.008981
12.015731
4.042815
14.020688
14.020836
14.037195
9.039947
9.028370
14.028414
14.022566
9.009787
10.016463
8.032597
19.042855
9.033829
9.028078
4.028444
9.008781
9.026518
14.005616
9.015027
9.009827
9.011333
9.013664
9.032137
9.023668
29.014497
9.035153
16.004222
7.039499
24.010093
9.030996
14.017635
9.019394
19.010339
9.038555
14.008989
14.044457
9.008081
14.039705
16.007901
7.042428
14.042007
9.015147
9.040061
9.025761
11.014901
27.010139
14.013969
4.037227
9.005910
9.020858
19.032530
19.010073
4.034524
14.022772
9.013783
27.004642
26.026592
5.000928
5.000928
8.000928
13.019538
14.020632
14.021778
10.000928
13.012125
4.032482
14.008382
14.018838
19.034888
14.021712
9.034112
14.032077
9.018306
11.005391
12.009907
9.019825
21.007853
27.012771
9.012837
9.016663
14.049721
12.002970
16.023454
9.031197
6.014541
7.047629
9.034052
14.049347
4.037939
9.022536
9.009661
9.030318
9.005616
19.009867
9.043909
14.009180
14.027810
14.009495
29.024826
14.035871
14.018577
19.048251
9.027983
14.028478
10.011141
14.000928
8.035040
19.025691
6.000928
12.032249
20.004443
23.008765
4.030406
5.000928
28.024708
14.022737
14.003558
9.027571
4.029641
10.000928
19.005496
8.033892
19.036810
14.033071
14.012297
19.014453
9.055194
9.025548
14.023648
4.043486
14.016737
9.027006
9.013635
34.024795
14.013433
9.007682
10.009990
18.028669
9.030877
19.033934
14.025596
14.007149
19.035608
14.006788
14.011919
34.030216
14.023676
34.018860
9.023476
24.008495
14.012731
4.026624
40.004642
8.038029
9.020510
9.033533
9.034427
14.018100
9.021164
29.027442
5.035877
13.031311
9.036299
20.000928
8.028138
9.048661
9.010373
4.057781
5.000928
8.029964
9.024480
19.016937
24.022304
10.022232
8.016006
9.029255
10.006219
18.055087
9.068509
5.000928
18.026883
9.039874
14.014821
14.023204
9.053278
9.016748
9.062445
9.044561
14.018368
9.054050
14.037657
19.005670
9.010945
14.023844
10.000928
8.025018
20.000928
18.007981
54.006508
9.023475
9.026050
29.014483
9.024400
19.007821
14.022016
14.005230
10.000928
13.012737
9.036961
19.031827
9.011005
9.061494
9.009867
9.025184
9.033583
24.028557
5.000928
13.018636
19.008401
9.029639
14.028837
14.034382
9.039227
16.004522
17.006214
5.005996
13.020498
14.036819
14.026298
5.011130
18.006463
24.033691
4.032627
10.007045
8.055263
14.008955
6.000928
17.026603
29.030868
9.037474
9.026816
6.006624
12.032913
19.034367
15.007901
8.021414
9.035181
9.018591
14.012341
11.000928
12.010119
9.003798
14.027244
19.005390
14.007009
9.018092
14.013343
19.021476
9.023014
19.006763
14.021712
19.018572
24.005130
15.007773
13.036069
14.018550
9.027245
15.004562
13.031601
10.004323
8.023788
9.046209
14.018702
9.023561
9.028145
14.007537
30.000928
8.041685
19.038999
19.032396
9.009665
14.023381
14.044562
9.007423
9.020046
9.018440
9.039443
9.043285
14.038969
9.027504
24.030877
14.017194
14.021772
45.004602
13.007143
9.033715
9.016194
9.015282
9.037655
14.011439
15.004102
8.040528
9.032342
5.000928
8.057127
19.021610
24.023230
14.011371
5.000928
18.021250
19.016615
9.014903
9.021875
10.007291
13.005670
20.000928
9.005750
23.030899
4.035514
9.023816
14.009719
14.040220
9.028900
19.029904
9.031844
29.023196
14.028653
9.031404
9.019550
4.020594
9.031119
9.032197
9.037641
6.004522
12.026301
9.031386
16.014321
12.047615
