25.000928
41.007334
29.015302
14.020739
154.005516
46.000928
14.000928
22.016541
69.017399
46.000928
24.000928
30.000928
16.027034
39.011919
24.005110
41.000928
37.005950
26.000928
19.000928
58.000928
30.000928
39.000928
17.015917
41.000928
15.000928
28.000928
59.000928
34.000928
17.007462
56.004270
44.000928
54.000928
22.026966
22.000928
72.000928
10.000928
32.008195
19.009141
51.000928
50.000928
67.000928
45.000928
20.000928
16.018160
56.000928
29.000928
20.000928
14.000928
23.000928
77.018501
44.008074
26.000928
23.007024
31.000928
58.000928
59.000928
19.000928
27.012771
14.008521
44.031614
31.000928
17.021220
36.000928
38.011250
40.000928
50.000928
31.014323
31.000928
15.000928
55.000928
25.007342
36.000928
39.000928
49.000928
34.000928
28.000928
40.000928
17.008655
61.000928
24.000928
24.000928
20.000928
26.007709
31.000928
27.014829
64.021801
29.012259
71.000928
32.019429
56.000928
42.010204
26.000928
17.016595
44.013403
55.000928
24.000928
49.000928
76.000928
28.010890
27.010307
14.028536
61.000928
29.000928
54.000928
34.000928
28.000928
50.000928
33.010981
25.000928
24.000928
72.008295
17.000928
42.000928
35.000928
14.000928
37.007223
19.024149
60.002846
23.015741
34.009001
41.000928
102.008354
16.000928
17.008667
24.030558
26.000928
15.000928
23.000928
49.000928
54.000928
27.023625
32.000928
13.000928
22.011079
59.014815
37.000928
33.000928
49.000928
17.009673
15.005714
13.037095
84.029419
36.000928
48.011050
23.005730
54.013063
19.010613
34.005710
34.012545
59.008354
19.006289
17.000928
73.000928
129.000928
22.005482
16.000928
29.000928
22.008435
29.006729
19.007408
56.000928
47.006882
12.000928
28.000928
39.000928
19.000928
42.005290
46.000928
39.000928
17.011905
31.000928
44.000928
47.021362
85.000928
28.013791
27.000928
23.000928
22.008435
30.004582
38.008575
26.008130
93.000928
18.009415
29.011359
35.005955
33.013031
17.000928
43.000928
12.014183
49.005590
24.009526
21.000928
22.007508
60.000928
13.010817
69.010887
29.026118
31.011850
27.005590
51.000928
35.000928
36.006542
21.000928
33.000928
70.000928
64.000928
17.019419
60.000928
29.000928
38.005330
25.000928
31.004706
32.000928
85.000928
84.000928
24.000928
39.000928
12.010487
24.007103
21.000928
34.000928
42.007428
50.000928
88.024560
34.017917
20.000928
11.004502
39.000928
26.027012
24.014195
77.000928
53.000928
72.009295
26.000928
7.029340
41.000928
82.008675
61.000928
27.008435
56.000928
32.029037
17.000928
16.020916
19.010092
51.000928
84.000928
12.012306
36.000928
39.000928
32.020952
14.009293
45.000928
20.000928
59.000928
22.005230
35.000928
90.000928
32.013585
101.000928
37.012105
76.000928
28.000928
11.000928
26.013418
29.012936
34.009645
46.000928
17.009135
22.000928
53.000928
82.024303
19.006662
24.011065
59.005450
75.000928
56.000928
42.000928
30.000928
22.014583
46.000928
17.005890
46.000928
57.008628
29.029699
19.022343
19.008494
42.000928
32.000928
8.009154
26.000928
12.025303
26.000928
24.000928
12.007243
36.000928
32.010413
21.000928
57.015046
21.000928
17.009873
90.000928
50.000928
37.010747
14.007322
24.008934
89.014589
61.000928
18.002446
44.000928
75.000928
22.012365
41.000928
22.025932
19.036816
24.007282
31.000928
14.000928
49.000928
38.000928
58.036361
14.015591
47.000928
33.000928
39.000928
37.019095
19.021013
11.000928
74.000928
54.000928
17.022791
36.000928
32.013451
24.007987
76.000928
25.010041
26.025074
24.011619
27.000928
24.000928
28.000928
32.015563
31.000928
40.000928
28.000928
24.000928
23.000928
156.000928
32.000928
8.009607
46.000928
29.000928
68.000928
46.000928
44.000928
11.014749
24.010259
31.000928
19.000928
67.011115
19.016069
44.011422
47.000928
41.005850
12.000928
36.004870
35.000928
8.009747
19.027968
41.000928
14.000928
27.014689
42.000928
46.009201
42.000928
48.000928
44.000928
56.000928
45.012180
34.025601
50.000928
46.005794
13.000928
69.000928
37.018182
15.000928
65.000928
23.000928
21.000928
34.000928
28.000928
59.000928
72.010007
61.000928
27.007402
55.000928
45.000928
14.000928
12.008734
37.000928
6.007102
31.008950
27.005570
69.010027
31.000928
14.000928
27.016221
25.000928
49.005914
74.000928
23.009046
31.000928
17.027662
41.000928
35.000928
23.000928
44.000928
29.000928
14.000928
32.005290
26.000928
34.000928
19.000928
12.023509
26.009990
29.000928
27.007302
16.000928
54.000928
24.000928
15.000928
76.023867
22.000928
22.000928
30.000928
27.007468
29.027782
36.000928
22.008734
16.000928
14.000928
42.021503
14.016185
14.005770
20.000928
53.027386
31.000928
49.000928
35.003114
27.000928
50.000928
65.011770
16.006494
19.011125
26.000928
39.000928
22.012886
24.019060
184.021811
35.000928
23.020825
74.005870
31.000928
12.007308
36.000928
33.000928
39.000928
45.000928
80.000928
24.000928
11.014243
29.011059
31.000928
35.000928
23.000928
60.000928
19.000928
38.000928
12.002220
52.010270
32.000928
65.000928
24.000928
29.000928
49.000928
29.000928
29.000928
54.000928
19.000928
34.000928
29.000928
60.000928
16.014043
86.000928
17.005530
86.000928
24.000928
17.009737
24.013131
29.005430
21.000928
19.000928
23.000928
25.000928
40.000928
31.016681
14.010433
122.000928
28.000928
34.000928
20.000928
21.006988
45.000928
35.000928
19.000928
17.006854
14.008495
31.000928
22.015683
36.000928
47.009460
25.004202
40.000928
14.000928
24.000928
27.025603
31.000928
22.025716
57.000928
21.008601
25.000928
30.002986
24.000928
27.002220
14.026121
21.000928
59.000928
34.000928
35.000928
51.024410
34.007168
24.005650
29.012151
29.031015
47.000928
32.005050
28.029292
54.005531
19.009040
31.000928
22.021020
36.000928
143.000928
26.000928
21.012389
35.002966
18.023131
29.008694
26.000928
24.000928
29.000928
17.007528
39.006742
41.000928
27.009787
121.002246
22.023833
16.000928
54.000928
14.000928
44.000928
13.000928
19.000928
33.005262
54.005530
36.000928
30.000928
57.004322
49.000928
29.000928
40.000928
42.014369
146.000928
18.000928
18.024177
34.009168
21.000928
30.000928
19.000928
18.000928
102.010086
56.000928
44.000928
22.009208
21.000928
64.000928
48.000928
15.000928
29.000928
32.008814
81.000928
22.018894
54.007362
19.005890
51.000928
17.008474
39.005410
31.000928
52.024468
19.009853
35.000928
35.006194
19.000928
47.011165
21.000928
17.022383
14.021643
24.018992
81.000928
22.021035
59.011373
61.000928
24.000928
34.000928
32.012491
26.000928
44.000928
17.012337
34.014197
29.009653
21.000928
12.010487
24.006442
49.008935
51.000928
38.000928
28.021149
56.000928
52.009919
51.000928
49.000928
19.000928
24.000928
37.009725
32.000928
33.000928
72.015683
31.000928
24.000928
42.009841
34.006050
35.004606
45.000928
22.009747
44.013999
21.000928
19.000928
