14.000928
57.010187
24.010033
29.007547
16.000928
27.010307
10.000928
35.000928
43.000928
38.008794
15.000928
49.004230
29.000928
128.009687
41.000928
43.000928
45.000928
54.000928
19.006174
33.000928
53.012597
34.006942
49.010247
55.000928
14.000928
43.006044
20.000928
14.000928
63.008475
11.000928
19.003692
34.000928
68.000928
10.000928
174.000928
24.000928
48.000928
24.000928
23.016795
40.000928
23.009466
19.008281
31.000928
12.010187
16.000928
29.000928
17.012425
16.000928
32.018241
24.008655
26.000928
53.000928
48.021061
14.008541
54.012631
26.000928
33.008850
18.010767
21.000928
63.000928
13.008587
39.005210
31.000928
68.000928
10.000928
48.000928
50.000928
28.000928
68.007242
34.019953
51.000928
57.007342
56.000928
45.000928
26.010147
25.000928
34.000928
43.011779
21.000928
38.000928
28.009054
11.000928
52.010987
16.000928
23.000928
25.000928
17.005830
32.000928
28.000928
9.000928
17.006922
29.010247
14.009807
61.000928
14.000928
48.000928
23.012419
24.014631
54.017807
31.000928
28.000928
28.008455
54.006688
20.000928
29.012290
74.000928
44.000928
33.018293
34.007283
20.000928
13.009907
19.023515
15.000928
24.000928
20.000928
14.000928
21.000928
46.000928
55.000928
33.000928
28.012027
41.000928
9.000928
38.000928
13.008235
24.014185
59.009907
25.000928
24.000928
103.016511
29.011359
10.000928
15.000928
24.000928
35.000928
38.000928
34.000928
49.000928
13.000928
18.017181
29.006622
29.011251
21.000928
39.000928
32.008694
26.000928
14.000928
28.000928
69.000928
38.007462
31.005040
27.010427
24.008695
19.011567
46.000928
24.000928
43.000928
38.017269
21.000928
44.000928
29.000928
27.010067
25.000928
23.012019
41.000928
47.009867
21.000928
10.000928
51.020149
24.008394
64.009853
29.014823
36.000928
27.009813
49.023955
26.000928
44.000928
33.000928
19.000928
53.008367
54.008375
59.002220
34.009667
29.015249
36.000928
27.008354
9.016847
11.000928
24.000928
33.000928
19.000928
13.006239
70.000928
24.000928
29.000928
33.011451
94.009927
24.009235
30.000928
45.000928
38.000928
39.000928
15.000928
18.002910
23.005150
29.008520
21.000928
42.011427
36.000928
33.000928
43.014923
20.000928
34.000928
45.000928
29.000928
37.008515
75.000928
28.012299
11.000928
47.005770
19.017805
46.000928
19.000928
73.000928
23.008361
26.000928
52.017353
80.000928
20.000928
14.000928
27.012679
15.000928
24.000928
24.000928
25.000928
64.000928
19.000928
43.000928
29.000928
21.000928
26.022822
29.012619
29.013311
20.000928
44.004082
38.002220
31.000928
14.000928
43.000928
38.015039
11.000928
13.000928
19.000928
31.009970
32.000928
50.000928
37.022398
34.012177
24.015669
19.017303
60.000928
18.015709
64.015455
25.000928
29.000928
49.000928
15.000928
15.000928
8.000928
28.000928
35.000928
67.006777
24.012623
39.010327
64.010879
31.000928
19.000928
14.000928
37.010213
30.005250
23.012765
26.001926
24.000928
23.000928
38.011479
19.010623
49.008595
19.005770
14.017593
31.000928
28.000928
18.011439
36.000928
13.000928
23.008645
25.000928
29.000928
68.011619
25.000928
42.012161
36.000928
9.000928
27.011245
16.000928
40.000928
32.000928
38.005570
44.028201
29.011759
26.000928
32.008075
10.000928
55.000928
37.005410
19.020757
49.008095
21.000928
19.000928
59.000928
48.000928
18.011799
15.000928
23.009055
79.018911
49.015867
55.000928
24.000928
38.010699
59.011299
19.008122
24.007328
49.010027
29.015003
41.000928
19.000928
18.000928
45.000928
53.000928
88.021583
25.000928
15.000928
64.000928
15.000928
26.012711
29.011487
24.014561
25.000928
19.000928
18.007075
16.000928
24.000928
53.000928
20.000928
14.000928
32.019093
25.000928
79.000928
29.000928
18.007342
54.008655
35.000928
19.002586
46.000928
46.008701
19.014555
31.000928
43.000928
29.000928
85.000928
17.007222
54.009807
20.000928
20.000928
18.000928
18.012459
34.010127
71.000928
29.000928
13.000928
40.000928
22.010693
16.000928
29.000928
14.000928
18.000928
30.000928
197.013861
19.016391
10.007030
33.004990
21.000928
77.009787
41.000928
43.000928
39.000928
38.008515
44.014335
29.005310
54.015889
46.000928
38.000928
20.000928
32.017143
36.000928
37.007142
34.008521
36.000928
37.005150
21.000928
9.000928
72.012613
44.010207
36.000928
72.006462
20.000928
14.000928
15.000928
38.000928
15.004850
52.010027
7.000928
62.004563
13.008054
25.000928
24.000928
34.000928
45.000928
34.000928
39.000928
29.000928
60.000928
28.000928
29.000928
19.000928
9.000928
18.000928
39.000928
18.008501
64.011879
41.000928
37.006822
21.000928
24.000928
10.000928
36.009461
25.009150
43.007168
34.009993
30.000928
43.011285
6.000928
24.000928
44.000928
33.000928
19.000928
55.000928
42.008461
61.000928
32.011107
39.014949
35.000928
13.011623
35.000928
48.010327
24.006968
45.000928
20.000928
32.012159
42.000928
22.000928
24.000928
53.014103
14.014601
64.013385
39.013577
34.012319
25.000928
20.000928
57.008575
45.000928
25.000928
44.000928
27.007282
45.000928
10.000928
29.000928
34.000928
28.000928
33.008375
31.000928
27.013077
21.000928
62.013551
64.008975
31.000928
48.000928
33.016311
11.000928
14.000928
13.000928
49.000928
28.005562
16.000928
19.000928
19.000928
27.014421
11.000928
44.000928
34.000928
65.000928
23.000928
28.000928
30.000928
22.013277
14.008755
39.014749
31.000928
39.000928
47.005770
40.000928
10.000928
19.000928
19.000928
18.000928
34.000928
28.019423
69.010147
41.000928
27.005890
24.010067
35.000928
20.000928
24.000928
43.000928
18.009987
44.008655
87.000928
22.000928
9.004712
33.014083
14.018229
94.011785
26.000928
28.000928
38.008701
51.000928
22.010113
19.014753
76.000928
57.010593
35.000928
23.008315
60.000928
10.000928
29.000928
33.000928
49.000928
25.000928
33.003206
48.013743
39.013957
64.005324
39.008467
26.000928
32.012949
29.008415
11.000928
152.008475
39.009879
36.000928
44.000928
39.005874
22.010587
69.011845
29.014613
40.000928
48.026007
10.000928
39.000928
19.000928
15.000928
40.000928
18.000928
49.000928
32.012577
26.000928
23.002930
10.000928
25.000928
51.012525
45.000928
