0.097461
0.046476
0.055769
0.105116
0.103377
0.067340
0.076481
0.058437
0.072402
0.062702
0.102469
0.073150
0.083992
0.116219
0.046532
0.051509
0.090173
0.071988
0.055764
0.087115
0.088564
0.068714
0.057751
0.088832
0.065783
0.066049
0.034039
0.084686
0.069561
0.057438
0.090037
0.049762
0.077515
0.064659
0.100410
0.074078
0.056811
0.078411
0.081514
0.112111
0.066984
0.061991
0.066771
0.064923
0.059119
0.081322
0.054510
0.113824
0.131807
0.045115
0.075391
0.085402
0.071088
0.042696
0.074551
0.104618
0.062831
0.072349
0.105727
0.070035
0.063908
0.110679
0.073006
0.073187
0.090146
0.078129
0.124888
0.100448
0.062545
0.075801
0.081879
0.077584
0.073873
0.068704
0.085748
0.109924
0.048816
0.091597
0.092461
0.099186
0.087474
0.086224
0.059733
0.055036
0.063103
