10.136715
7.502656
7.787418
11.059515
11.072874
9.053679
8.898418
10.205421
10.174930
7.980888
11.502484
9.368575
9.986742
11.864747
7.437921
8.703563
10.418082
9.844418
9.574768
11.805657
17.170372
9.747179
8.463756
12.124685
8.702363
8.733855
6.789711
9.883314
9.304400
8.056756
11.074716
8.242074
10.341917
8.532787
11.448074
8.819706
8.307771
9.247635
9.766922
11.319933
8.716513
9.004667
8.783875
8.463689
8.655546
9.682728
12.530544
13.853447
12.501584
8.004943
9.318914
14.274949
9.086374
7.925002
8.959106
11.164429
8.772515
10.286103
11.325813
9.068820
8.458450
11.255140
12.515343
8.771434
10.271561
11.969629
12.452879
10.952501
8.689572
9.804205
10.014475
9.998436
9.636256
9.417640
9.975223
11.290529
9.836615
10.304268
11.174427
10.979076
12.957219
9.464311
8.936235
9.137295
8.532781
