16.825279
14.607763
15.750946
15.865258
18.034895
17.228141
15.167856
13.989216
15.340591
24.669750
20.216961
26.611707
22.795357
15.810952
14.310729
16.655608
12.791880
17.346443
16.513647
17.085583
14.378723
14.213995
17.859335
16.687969
12.727141
15.596198
19.246349
15.170820
16.634847
19.903287
16.016864
12.719961
17.325915
14.465948
17.283442
14.393816
13.858225
18.038425
13.755472
30.276153
13.325373
19.051596
16.708712
15.167896
21.709806
18.052447
20.353742
14.658619
13.253382
24.613372
15.435035
17.169103
