8.012101
13.014349
4.037624
4.019696
4.020758
4.022431
4.015913
14.019512
4.009847
9.017508
4.015143
4.013943
4.008755
4.026720
4.033362
4.030829
4.024360
5.012073
10.010050
7.012981
9.029376
5.000928
4.014531
3.028491
5.003572
4.000928
4.000928
8.009672
4.020427
5.000928
4.015073
8.010387
14.030550
5.018291
8.011479
5.013181
3.024652
4.024794
4.009481
4.050696
4.012449
4.017408
4.034430
4.012863
4.032006
4.015587
4.018208
4.024580
4.023430
4.014937
4.048035
4.017985
4.012571
4.047019
4.039792
4.005451
4.026219
4.006962
4.017227
5.000928
4.005861
9.004927
14.003552
3.016235
4.030145
19.011297
4.024741
4.035111
4.025042
4.037810
4.035811
4.039549
4.026067
4.032102
5.000928
3.016136
9.013131
6.015016
17.007567
9.035985
10.003752
9.003672
4.000928
3.018505
5.013453
4.000928
9.003992
3.022197
9.011039
9.013257
4.023772
5.004623
4.000928
4.000928
3.045317
4.012829
4.045438
4.033561
4.044286
4.008681
4.016441
4.022838
4.030183
4.011205
4.031596
4.016201
4.015421
4.015603
4.014935
4.007143
4.019758
14.027193
15.012826
8.016332
9.015123
5.007945
3.043146
9.002220
5.000928
4.009781
3.037722
10.003572
3.023225
9.007807
4.019591
9.008661
4.027433
9.014391
4.026020
4.032134
9.022703
5.012913
3.028333
5.012893
3.058503
9.005510
5.014379
3.017656
4.041811
4.008635
9.048551
10.000928
4.015411
4.006797
3.028958
4.035611
5.003972
3.037798
9.008941
4.031010
5.012941
3.018360
9.005470
4.010939
4.008832
5.005505
4.005205
8.006703
9.017128
4.013573
5.013093
13.020291
9.037881
5.009621
4.007883
4.014833
9.000928
3.034011
5.022485
3.019564
5.014393
3.027036
10.000928
3.023788
10.010786
3.014801
5.013873
3.027959
5.000928
9.003992
3.021086
4.023402
4.041469
9.010653
9.038485
11.003732
7.024280
4.010933
4.014383
4.013729
4.007375
4.015822
4.039787
4.023775
4.027558
4.011359
4.051973
4.009907
4.020829
4.004970
4.020066
4.005951
4.020349
4.033347
4.006862
4.007114
4.026967
4.025630
5.014933
9.000928
6.005935
6.022147
9.009366
14.010873
4.033468
10.003852
13.010644
9.014967
9.009795
20.000928
8.015077
11.004563
27.010639
9.038618
14.006768
4.018839
4.037782
9.010233
4.031123
14.015661
5.000928
8.012683
5.000928
4.000928
4.013631
4.000928
4.004423
3.026879
4.035821
4.017654
24.007302
5.000928
8.005151
4.048963
5.005345
13.014455
9.011291
9.023188
11.003972
7.026992
4.021682
4.029415
4.030435
4.038930
4.033113
4.027538
4.021196
4.012449
4.011759
4.008620
4.011093
4.014289
4.017940
4.006935
4.006071
4.014815
4.013131
4.010659
4.012033
4.015207
17.003592
2.018058
4.005225
4.007923
19.018624
14.004032
13.005130
4.029270
14.005870
5.003552
4.007683
4.008379
3.052293
9.030326
4.031183
7.003972
7.004543
4.005225
4.015013
8.026782
5.000928
8.012105
9.018287
9.006070
5.018031
3.032187
5.013893
3.013311
9.008747
5.000928
4.005225
13.021189
5.000928
4.013373
8.032945
4.017466
10.000928
4.011041
8.003578
5.000928
4.005465
3.022756
4.031155
5.000928
8.047947
4.031769
4.020115
4.034647
10.004149
8.021816
4.011605
5.000928
4.017433
3.034789
5.005836
4.006537
8.005970
4.034950
15.000928
3.019798
5.012633
3.036701
4.036029
9.027736
5.000928
4.000928
14.004323
4.014113
4.005265
3.044782
5.000928
8.008415
14.021255
10.000928
3.016247
5.014373
4.000928
4.008063
13.008607
4.044387
5.013593
3.019958
4.009819
15.000928
3.016903
4.022016
9.044159
5.006084
8.020052
4.025808
9.018925
4.036906
4.036579
9.030702
5.014331
3.042992
4.034079
9.008751
10.010110
8.007048
4.030405
4.018992
9.019792
5.012913
9.011841
8.020990
4.040313
4.012699
4.018273
9.018426
4.028410
9.008640
4.041116
5.013291
4.000928
8.007835
4.030471
9.012377
9.029456
15.000928
8.025698
4.036155
4.035158
5.000928
8.008535
4.041771
4.032989
5.004248
4.014933
3.043294
9.019693
9.033949
4.025760
9.028942
4.021652
5.000928
8.019340
4.028637
4.041751
4.033051
9.010047
5.005465
4.011073
4.006977
3.035845
4.025615
9.022712
5.010261
4.000928
4.015093
3.048763
5.005405
4.000928
8.012631
4.038350
14.008761
4.016702
4.048800
5.000928
4.021479
4.014113
9.002771
3.032895
5.005025
4.000928
8.049193
5.005145
8.006622
4.030310
5.022391
8.025356
9.015149
4.019411
10.003992
8.017714
4.030276
5.005645
28.023816
5.002906
8.018466
5.004965
3.019938
10.003612
9.003632
9.003612
3.013929
9.011311
5.000928
3.021744
5.000928
4.004032
3.033877
4.019724
4.029566
4.032163
4.041359
4.040907
4.021241
11.003632
18.004092
4.000928
3.010193
4.020721
14.009746
4.022124
5.008235
3.022652
15.000928
3.024546
5.000928
4.009741
9.003812
3.037866
4.034157
5.004622
8.006923
5.000928
3.026928
9.038281
4.020078
9.023662
5.000928
4.005445
4.005565
4.005785
3.043390
4.039978
4.035577
4.061823
4.013283
5.005465
13.015511
15.011171
4.000928
3.033002
9.011225
4.026940
4.026226
4.022810
9.008675
4.029984
5.000928
4.008769
4.012313
3.031943
4.017774
4.016519
4.037066
4.045091
4.036195
4.019360
5.000928
9.000928
3.039026
5.000928
3.024314
4.026121
4.020212
4.033667
4.019854
9.022322
4.024640
4.031939
4.027086
4.049865
14.011753
5.014391
3.040102
4.026367
4.029520
9.006974
5.005045
8.026207
4.035341
9.009029
5.016947
4.004464
3.019452
5.008003
4.000928
4.007017
8.036271
19.012323
9.050597
9.008001
4.024840
5.008315
4.014933
3.031550
4.034159
9.024906
10.012660
3.029911
5.000928
4.000928
4.000928
8.031983
5.018552
3.029297
9.036616
10.004443
3.035073
4.043059
19.009593
5.027805
28.039920
9.005470
4.040242
14.024082
19.007202
9.028718
4.047443
5.013893
8.019659
5.005205
4.004543
3.025285
4.050833
4.032301
9.012343
14.014224
5.000928
3.038452
4.020106
9.012817
4.035484
5.017282
8.038074
5.014433
3.031516
5.015273
3.041822
4.017074
5.000928
3.027658
5.000928
4.000928
4.019871
3.047214
11.003632
7.012877
4.011885
5.002606
19.003772
8.026284
4.028829
5.000928
5.000928
7.041487
5.000928
8.014929
5.000928
9.004112
4.000928
13.008228
14.003878
9.008155
9.018188
4.016521
4.011177
5.005125
3.017028
4.037364
6.000928
8.003852
8.013385
4.015976
9.035552
9.017587
10.000928
4.000928
4.016773
3.030746
14.012019
9.041890
5.000928
8.005750
14.034593
5.000928
4.005445
8.039611
5.004985
8.009160
4.028868
4.031714
9.012125
9.014001
9.041568
7.003752
8.005505
7.019745
5.013453
8.005591
5.012853
3.037774
5.016233
8.034179
4.036785
5.000928
3.035143
4.011125
5.005205
8.011607
5.007883
8.022064
4.045915
5.019671
4.014553
3.019657
4.021856
9.038897
5.012333
3.058953
4.055703
10.000928
4.015511
4.007895
8.015127
4.036407
10.007427
4.005645
3.024568
9.006983
4.023926
5.014173
3.026004
19.015333
14.027136
5.000928
8.004118
10.003952
8.026189
4.025046
9.017835
4.023636
4.034030
5.007057
8.019504
5.005105
3.037113
5.005815
8.004378
10.002366
4.000928
3.044570
5.013653
3.046442
5.015033
4.011059
3.057023
10.004132
4.018005
8.007568
9.021252
9.030083
5.000928
4.004965
8.013279
9.010733
9.049417
5.014633
8.005950
4.021104
9.013451
5.005025
4.000928
8.012245
5.006144
3.032381
9.011753
4.039703
4.015749
5.004965
14.000928
4.003592
8.038145
4.032474
4.042322
9.012543
4.031769
5.000928
3.034094
5.014173
15.000928
3.000928
4.015791
4.015893
4.003812
4.009935
3.010035
10.003652
3.036937
9.048628
4.029342
4.008215
4.025459
5.010561
9.000928
3.036961
4.023096
4.017327
4.026687
5.005085
3.035647
9.014037
4.015675
5.013551
8.042665
5.000928
3.031166
4.015856
4.022878
4.039966
4.030208
11.004132
17.005370
10.004502
3.011539
5.005465
13.011879
11.008101
8.017711
14.000928
18.042476
10.004112
3.017685
5.004678
3.018766
4.010053
5.000928
9.000928
8.015249
4.021471
4.018319
9.051923
4.036632
9.005337
4.019266
14.008188
9.033675
4.030617
5.010261
4.005525
18.008215
5.009363
10.003632
12.008035
9.019418
9.029794
5.014373
3.044782
4.026926
5.005265
8.015582
9.005610
5.000928
3.027563
4.031940
5.003792
3.021859
10.000928
4.000928
8.005770
7.004132
6.032820
5.000928
3.016121
4.022498
5.005305
4.014013
3.030329
5.020571
4.005565
9.000928
8.031013
9.016739
4.034401
10.000928
8.010413
9.005331
9.009628
9.033254
14.021984
12.000928
3.020914
12.016699
10.003772
4.009861
3.013205
9.006171
9.010559
5.013433
8.031778
5.013573
3.033422
4.014505
5.005185
3.043499
9.017529
5.000928
3.040943
6.000928
7.029563
4.044219
9.009161
4.036171
9.048124
5.003978
4.005145
4.000928
8.016427
4.036262
4.032982
4.019500
5.004038
4.000928
4.006437
3.051493
4.029274
4.029288
5.022411
10.000928
17.018735
9.058706
5.005085
8.021756
4.028064
19.012351
4.027438
4.042001
4.039712
10.004543
8.027826
4.052507
9.008440
5.012153
3.024155
4.042473
4.030000
9.040795
4.039138
5.017911
4.014096
3.020058
4.016047
5.000928
8.009040
4.032739
10.000928
4.000928
4.003792
4.015153
9.003832
3.034199
9.026732
10.003732
3.054988
4.018399
4.018784
5.005165
8.014135
5.008583
4.000928
4.014453
9.000928
4.000928
13.005950
9.011691
5.000928
3.047631
5.000928
4.009287
9.000928
3.018594
5.004663
8.012651
4.027734
4.027470
4.036199
4.019131
6.003592
8.016751
4.000928
4.000928
18.026208
4.050505
5.000928
4.005895
8.022354
9.009401
10.003572
3.029403
4.031328
4.038276
5.009681
4.006737
8.007683
5.013253
4.014073
13.029664
9.006190
4.044734
15.004242
8.009447
5.000928
4.020379
3.032185
5.000928
4.005525
3.027684
4.016027
4.020280
4.021990
24.026120
5.008223
4.000928
8.011885
9.020962
4.036730
10.000928
4.004965
3.027533
9.005836
4.010939
4.016535
4.025900
4.035261
4.023626
4.019938
4.025200
4.029205
4.011679
4.023276
4.038977
4.038640
4.034635
4.031621
19.025088
4.037422
4.019116
4.025486
5.000928
3.031261
5.000928
8.024150
5.023091
8.040346
4.032062
9.037148
5.005145
4.000928
5.003992
7.031095
9.012151
4.018027
5.000928
9.003692
8.025652
4.020098
9.019406
5.014261
8.031835
5.009761
4.005525
3.043601
4.028680
9.025758
9.041808
14.005750
4.017468
9.034020
5.013993
19.000928
3.019087
4.045572
5.000928
3.025997
5.000928
3.044229
5.020571
3.029851
10.003752
8.023102
4.038288
9.010433
9.015342
4.019051
5.005091
3.033599
4.010913
4.014190
4.034060
5.014393
6.003612
6.018646
4.029719
5.000928
3.055482
4.035852
5.007343
3.012005
10.000928
3.034089
15.006190
5.004092
7.030275
10.003732
4.009066
4.000928
4.000928
4.000928
8.030888
9.009887
10.004092
8.027490
9.013725
4.035991
10.004502
3.013463
14.013537
4.047284
4.024952
5.000928
8.041653
5.004845
8.036655
9.008315
4.015489
