2.093190
7.020876
8.010813
22.021383
65.004262
8.038938
4.034517
9.016707
2.064246
16.008354
2.084348
8.018386
2.112305
7.006557
7.012705
3.025226
2.039960
6.007714
14.037891
14.035685
5.004622
8.023934
9.015549
4.034037
7.038586
6.026327
9.021364
2.049717
6.019132
2.053267
6.010805
2.070783
6.022096
11.018013
6.006637
5.013955
4.034559
6.019172
7.038573
4.029743
9.011041
6.020502
7.017997
4.033347
2.079475
6.018299
9.027445
9.046697
2.043936
8.007057
15.014823
21.016734
10.004362
2.092817
12.007629
2.116264
4.016985
9.012197
2.070862
9.020106
6.016794
2.043102
4.027373
6.029308
6.020689
7.030462
4.040504
4.025292
2.023282
5.007157
7.031316
7.016535
9.072175
2.069534
7.041306
10.049188
5.006683
6.005496
2.069609
16.033067
2.070183
3.021458
2.109115
2.035744
13.025780
9.045963
9.023888
3.028909
14.007180
2.070002
8.003572
6.018077
14.044817
2.087836
7.039498
8.012943
4.010833
4.008360
2.050267
6.017053
9.008701
4.006109
2.093401
6.012672
6.014910
7.043895
2.083239
7.010800
3.037851
4.040533
4.020698
2.061448
6.006089
4.042411
9.030995
4.009433
7.007137
4.007177
2.014777
6.012751
6.015576
4.026642
14.009579
2.091303
6.011331
2.096902
3.058472
10.009461
16.018171
2.086891
9.013025
6.016325
4.032520
9.040862
9.033507
3.012845
5.019475
2.042716
6.014615
5.005515
8.032722
2.040654
6.006603
2.073308
3.027664
2.097993
9.028291
14.015531
9.007208
4.012735
6.019026
17.008134
2.018065
16.032821
6.053462
7.037233
2.052409
8.049542
10.006637
7.012380
3.036623
7.000928
2.051337
6.010759
6.023309
7.009281
12.010785
3.029708
2.051449
6.021738
4.036399
6.013837
7.024278
9.006442
14.036655
4.030460
14.011279
14.022856
4.005276
2.059500
8.026505
2.047913
4.021930
4.023242
2.043671
3.012745
9.059732
10.017147
7.012665
13.028755
4.035864
2.045380
6.006889
2.013975
17.019097
13.011539
9.025100
2.043551
8.021132
4.029117
2.026727
2.027219
16.011659
4.006874
2.071027
4.038629
6.014843
9.010999
6.017102
7.050298
4.023134
9.005051
6.012245
2.075415
4.035863
3.009995
7.006316
2.123504
4.032321
19.009287
4.005390
9.039843
6.080910
7.008068
4.025036
24.008386
2.055800
6.033819
3.004098
12.026632
4.012405
4.024142
5.010107
13.034759
5.006797
6.038363
7.012225
11.028855
4.005990
2.041934
3.043105
11.006817
10.008215
2.040564
3.013869
2.055578
6.006317
2.056130
4.026992
7.018050
8.039295
9.019286
2.039840
2.073970
4.011985
2.005724
2.083612
7.018607
2.085256
4.019737
4.005570
2.014369
17.019285
4.016215
2.062761
5.015342
2.028823
3.004566
2.119819
6.018687
7.044780
9.023102
7.006677
2.044236
13.007402
11.013737
12.019632
14.020836
24.016637
4.020780
4.014327
3.016189
7.017260
7.013201
2.017214
11.020736
2.063941
6.007008
4.014703
6.050374
7.044312
2.056909
3.023184
7.013723
4.041323
9.021650
4.029036
10.012385
5.054626
7.043406
9.038945
2.078640
4.012725
6.041271
8.018986
5.034682
9.014961
24.033139
9.040628
9.005336
4.037131
4.038478
14.034179
6.068918
7.029553
9.024814
20.033483
13.005431
4.017133
9.045363
4.019472
4.008575
2.086763
6.044741
2.093276
11.015396
4.026732
2.091275
3.063770
2.081222
9.032415
11.008195
7.033985
3.009961
8.009641
13.035557
7.024554
6.049695
2.052307
3.009321
7.037014
9.033881
6.012715
2.015129
7.010645
4.022528
9.012929
4.058027
14.026724
2.082158
6.027580
4.007422
2.080923
6.009333
4.024986
4.014095
4.031608
24.023656
7.009481
11.019504
9.034970
14.006323
2.088060
4.043507
3.020264
2.019801
4.021629
14.017627
9.012601
4.008730
4.008120
11.034513
7.021530
12.003632
6.009727
4.013591
2.077821
3.051438
2.105134
2.058672
9.003712
6.005250
4.009171
16.014992
2.076145
4.038815
4.039858
10.025964
3.039213
2.071410
6.012371
17.017206
6.039802
4.016301
4.022232
11.014043
4.044217
7.016121
4.009347
9.009179
9.051018
16.024428
4.023307
4.018504
7.009468
3.017362
2.048992
22.015481
5.012665
5.042936
10.023868
16.007728
3.018880
5.039820
4.009306
4.023100
9.039002
14.025866
19.006602
9.005582
6.018852
2.088029
2.036642
11.006449
2.058876
6.016653
4.005411
2.098938
2.027971
8.021528
2.040418
3.046614
12.033573
3.019632
5.037631
4.011159
6.028311
7.019701
4.041682
10.006460
3.038601
4.014206
7.053210
14.006497
6.041935
9.016593
17.053286
8.023960
2.104042
12.012925
3.032471
7.034995
9.021362
14.026427
2.074987
6.030395
9.061291
2.082930
6.014016
6.028303
7.033434
2.079495
12.008859
2.070838
10.013963
2.060914
6.040575
4.022628
2.049979
8.010973
7.025138
6.026384
9.012465
10.009661
21.015767
24.008934
2.059357
4.012665
11.043324
2.029029
12.010695
3.012285
7.003892
7.004462
3.007442
9.037637
4.018360
2.084005
4.017119
3.021238
7.027078
12.019664
6.008600
11.042774
2.045312
2.073940
6.028924
9.040859
9.027239
4.044670
9.016183
12.034518
8.025570
5.011343
6.033927
14.017038
9.014203
9.031547
4.035327
7.012465
8.015141
7.031075
6.038692
9.015356
2.072675
4.022303
14.022336
24.018729
24.035113
2.084083
7.007823
3.005510
2.047889
9.007117
6.006928
4.012357
5.024257
5.009101
2.119345
2.075874
3.043020
7.007134
4.023107
4.032451
4.010087
2.037148
4.030299
11.019583
11.015122
2.091929
4.039665
9.018770
11.054550
4.026747
7.022176
2.078117
6.014043
9.039526
4.027284
9.011745
4.009753
4.005511
2.035843
6.020364
4.019320
6.056591
7.026466
14.007102
2.055062
6.021180
4.009153
2.041046
6.025041
2.082867
17.008520
15.029228
17.044747
6.037224
7.010779
4.034739
14.016108
4.034137
9.025210
7.006099
3.033713
2.057901
6.004112
7.036959
7.009281
6.005542
5.009940
2.071176
12.023268
17.038347
9.008175
9.010985
11.030744
4.003792
8.004542
8.046842
4.035724
2.074577
6.005251
2.056087
4.022922
11.018286
9.003998
4.021188
9.051620
6.017203
12.011011
2.077224
8.032879
2.099419
14.007082
4.021874
4.005636
2.026504
6.008326
6.034919
7.036284
6.012125
12.014215
4.018983
4.035573
10.027366
23.042664
2.078197
3.057940
7.031147
14.051386
2.076957
6.010267
9.009639
2.075200
3.012545
7.023954
2.034065
11.019904
2.066152
17.009681
8.024094
14.021676
9.008428
2.035429
3.032195
4.034742
4.013817
5.036261
11.024391
14.036136
14.040342
11.013837
7.017491
9.009547
3.012605
5.007388
4.044375
11.026530
7.014816
3.014328
11.012385
3.043440
4.008901
16.041263
12.018818
4.028751
9.041999
9.008040
6.039895
9.005415
2.032059
6.016622
2.090722
4.026210
14.013017
2.093004
7.006505
2.040754
15.051163
2.066772
6.016713
7.022184
11.006943
4.013623
11.056424
4.042953
12.040681
4.029448
2.083315
4.009161
6.037649
16.008913
2.103166
7.014103
8.039061
4.041552
13.006884
2.057039
7.050030
7.012717
2.035898
6.016753
4.013297
9.039914
9.054853
3.004058
15.009993
2.040844
11.008215
2.078762
11.020257
4.019611
4.010292
4.042186
7.036833
6.007941
2.073968
11.046568
2.080951
8.005265
7.007761
4.023108
7.000928
2.052487
6.008399
8.006357
2.043342
2.072917
6.017780
2.082480
4.023944
11.023134
7.010829
6.031967
4.006328
2.083854
3.015030
7.057361
2.080808
4.021898
11.006902
4.028330
9.010413
4.032926
5.032911
8.037995
12.044969
9.013185
4.006257
2.031258
13.029979
2.088514
11.008415
2.072386
6.038483
11.019346
7.014481
2.062522
18.011403
7.008255
9.041943
2.086601
6.033413
4.015204
2.078178
11.024434
9.049329
2.023913
16.026667
4.040971
2.068835
4.032777
6.016240
2.091067
6.031740
5.021444
9.052649
8.011011
4.005656
2.082598
16.009870
17.028360
7.004582
3.026178
9.039101
4.006364
2.061484
11.017766
4.008854
4.008454
2.026379
3.027518
4.018625
9.034575
7.005330
4.030650
14.005482
4.026564
4.012697
2.047115
6.029678
6.051955
4.020003
4.021430
2.106067
9.012877
9.007142
7.000928
2.053936
8.010167
9.012451
2.099407
4.012705
11.011545
2.021416
11.021756
7.010107
6.012731
2.025209
7.014240
3.005470
2.067600
11.019806
6.026477
12.013125
2.096938
4.012745
3.022764
7.015481
14.041285
4.009545
4.027160
4.013903
7.041247
4.020498
6.033013
2.079069
6.043716
2.084902
4.006617
6.040154
9.046185
2.069209
3.029283
7.040980
12.024144
4.018289
3.020006
2.074772
2.059471
11.007023
2.064794
6.012319
4.040917
2.049265
9.013478
6.036585
4.025404
2.072618
16.017097
9.048638
2.074399
3.033805
8.006660
