2.034293
2.027212
6.018774
2.022957
3.017800
2.050680
2.051928
7.011053
2.035566
4.000928
3.000928
3.013831
2.032703
2.022622
3.000928
2.028342
2.035492
2.021758
3.034356
2.023395
8.014223
2.035490
2.043427
4.008949
2.005685
2.020252
2.005505
2.032360
6.003652
2.051785
2.027805
3.000928
3.008639
3.008575
3.000928
2.010161
3.000928
3.004198
3.000928
3.005005
7.012030
3.014275
3.000928
3.006737
3.002640
7.028392
3.000928
7.000928
7.005670
3.000928
9.004052
3.002220
6.045875
2.032659
6.032258
3.000928
8.003988
6.023658
2.036968
6.008434
2.041996
2.055242
2.030235
8.004098
2.048461
2.056528
5.016587
4.024268
2.059527
6.014123
2.045357
16.014343
2.032441
3.000928
2.072696
9.024609
2.029037
3.000928
7.008735
4.020942
2.052179
6.047720
2.053676
7.010167
2.031908
13.005165
6.021147
2.053086
3.000928
2.041226
4.026152
2.051088
4.008269
2.008995
2.025047
8.010751
6.026666
2.061338
6.010733
2.035200
3.014563
2.032595
2.030489
2.053331
3.010933
2.031954
6.005090
4.016854
2.021970
6.006721
2.029649
6.015144
2.027999
6.015487
2.053400
2.009415
2.034710
5.005751
2.042940
2.026990
2.059394
3.011013
6.011139
2.037045
3.000928
2.035686
4.008281
2.040594
8.000928
2.046366
4.020322
2.047987
6.023625
2.048935
6.015275
4.008947
4.013423
2.036975
3.000928
2.038830
2.021784
2.029909
2.036184
20.032464
2.027751
3.000928
2.035625
2.021163
2.013277
2.038176
7.014771
2.031593
4.007368
2.037685
6.009899
2.038594
19.003652
12.008200
2.064948
5.006842
2.030030
3.013683
2.041258
2.060243
3.000928
2.035973
2.028143
3.000928
2.047383
2.038050
2.019414
2.026339
7.018300
2.047929
2.027372
6.007749
2.056707
2.028379
2.040328
2.000928
2.036044
2.016628
6.008441
4.017835
2.015787
6.053698
2.039404
6.008375
2.033188
2.026307
10.011885
2.049353
4.013883
2.032127
4.008169
6.006010
2.027039
2.040657
2.062548
5.006569
2.039880
3.000928
2.036344
2.040389
6.053137
2.048996
6.020429
2.030827
6.004164
3.005405
25.015395
2.031743
6.022776
2.024821
3.008209
2.039500
2.044383
7.000928
2.051505
11.025048
3.017307
2.048308
3.015855
2.037199
2.022937
3.000928
2.068818
2.037188
6.032573
4.041530
2.061037
3.018935
2.103031
2.027733
2.031679
2.052207
7.003532
2.026931
6.000928
2.052492
2.019040
2.034280
2.051760
6.017713
8.010439
4.022530
2.035106
3.000928
2.038726
4.017206
2.031473
6.010709
2.022517
2.028592
2.022777
15.031081
4.025679
2.065989
6.002220
10.002220
3.005751
2.030134
3.000928
2.043956
2.023295
2.022416
3.014310
2.044811
3.008474
2.053871
2.025273
6.011217
2.053326
2.027875
2.062006
5.010751
4.027549
2.024504
2.016243
3.010227
2.020784
6.013192
2.019192
2.022225
2.022156
9.002440
2.013837
2.039568
4.025686
2.062970
3.007062
2.076025
2.017282
2.016080
2.029719
8.008249
3.000928
2.060817
2.024323
3.005130
7.015123
4.035285
4.013111
2.028192
3.007283
7.006802
2.068848
2.029237
3.017462
4.017933
2.063034
6.005236
2.037525
6.014499
2.061966
6.009775
7.006517
3.012857
2.042256
2.016400
11.021148
4.013337
2.056950
2.023031
3.009675
2.026766
6.011391
2.040161
6.005251
2.028231
2.026321
2.026904
2.013265
2.040722
2.062366
6.005717
2.035740
7.019179
2.018120
8.014995
2.010147
2.065015
8.000928
6.008535
2.029924
6.008495
2.049503
6.007582
2.042999
6.032185
2.036331
2.025700
2.055289
5.017767
2.057444
2.048713
2.056800
2.000928
2.023632
2.027383
3.009973
2.033620
2.015510
2.021364
2.060506
13.002520
3.000928
7.009679
2.057138
6.002220
4.008440
2.024946
3.007203
2.031467
2.056208
6.019271
2.052091
3.000928
2.072725
6.010913
2.050373
2.060422
3.000928
2.049534
2.029375
3.009961
2.046443
2.046530
2.026576
2.044397
2.000928
2.060592
2.023849
2.025707
2.044371
4.005125
16.003912
2.053374
2.010721
2.034666
2.029233
13.006090
2.033721
2.026258
3.000928
7.013655
2.031237
2.029620
3.016966
2.043573
2.028952
2.043615
3.009121
6.010093
2.023148
3.000928
2.037309
2.035898
3.008169
2.038130
3.000928
27.021020
2.048987
2.024721
2.018288
2.014898
2.040064
2.049703
2.015930
4.010331
6.007521
2.059332
2.019986
2.024904
7.049461
2.035113
2.038216
6.025819
2.026978
2.021261
3.013051
2.066770
4.008449
2.032603
2.024741
3.000928
2.019504
2.031454
7.007555
2.040735
2.023723
3.013163
7.019078
2.048979
6.007142
5.020330
2.024953
2.017939
2.029481
4.033110
2.028158
3.015381
2.044015
4.010499
4.024556
4.037908
2.049966
2.023754
2.054317
7.018606
4.013655
2.099673
2.033959
6.007940
2.051560
2.005704
3.006451
2.021264
3.009887
2.045323
2.023362
3.000928
2.071504
4.015146
2.060167
6.005330
2.017966
5.004012
20.008601
4.012717
2.035538
6.015896
2.030003
3.000928
2.046533
2.020784
16.029598
2.027173
11.037441
2.043753
6.018237
2.062980
2.053189
2.063291
2.008429
2.049904
4.011225
2.028189
9.000928
11.019060
2.040939
4.004012
3.000928
2.079794
2.055025
4.008189
2.007662
2.020344
3.012319
6.015507
2.034046
2.017914
2.066125
3.005425
6.033357
2.057592
2.028185
2.029003
2.000928
2.083271
2.027125
6.016550
2.068548
2.020618
3.016467
2.023380
6.015695
3.008139
5.023165
2.034400
6.010565
2.044997
3.000928
2.036852
2.056440
2.029001
2.034814
3.007989
3.000928
2.052235
2.057738
3.000928
2.033408
4.011379
2.058679
4.008129
11.019453
2.061775
6.014267
2.017954
4.008189
6.012347
2.034266
6.010439
2.047279
2.022464
13.026712
2.053122
2.033886
3.011803
2.026640
2.017368
3.020304
2.036514
4.008329
2.019638
2.027811
12.023430
2.032449
2.029303
6.022942
4.008094
2.020644
4.007849
8.008555
2.035684
2.029439
6.006743
2.045325
6.004698
2.014258
2.017881
3.017653
2.015842
6.013102
2.038402
4.006977
7.016709
3.008821
2.029297
2.019958
2.039768
5.038625
2.067114
2.040002
2.037630
1.020838
2.067508
12.018006
4.023460
2.029422
2.037790
2.008769
3.033618
2.063240
2.035666
2.051633
6.022157
2.025113
5.002220
2.051364
3.012305
2.033965
2.064601
6.009526
9.051898
4.022568
4.025757
2.021610
6.016216
2.029271
2.008389
2.024701
2.003892
2.046159
2.056313
16.020752
2.070534
12.007969
2.045406
1.014825
3.024781
2.068118
3.007842
2.040472
27.005456
6.017759
2.056152
2.006517
2.037778
7.006777
2.032293
2.022465
4.008729
7.015870
2.022768
2.022361
2.043006
2.029624
2.015275
2.029085
2.016359
2.021156
2.020438
3.000928
2.049069
2.048645
2.011333
2.038990
8.000928
2.030809
2.063100
10.038297
22.004238
6.014680
2.031728
6.018731
4.018312
2.034317
6.007082
2.039642
2.008495
2.048130
12.002486
2.035994
2.022344
3.000928
2.072619
2.036990
6.009021
2.023400
2.032315
3.020880
2.022236
2.026939
2.026253
5.010360
2.042643
2.019694
3.010253
2.019346
6.017706
4.023616
4.025392
4.018112
2.063798
6.016994
2.057683
2.028819
2.059056
5.017021
2.055283
3.000928
2.042613
2.019187
6.038346
2.026169
2.033842
2.023900
5.017998
2.066286
3.008469
2.035934
2.032619
6.010133
2.021593
6.016181
2.032829
3.000928
2.038852
2.036686
4.008589
6.021725
4.016400
2.056913
7.012465
2.043267
8.003552
6.005796
4.020594
2.038890
7.009069
2.046837
8.007168
2.010505
2.030243
9.003692
8.005345
8.003992
2.031089
4.017054
2.024561
6.009645
2.025240
7.008122
3.007303
2.043732
6.019913
4.009673
2.028419
2.030334
2.021511
3.008189
2.012785
2.023169
7.016542
14.032037
2.037137
2.040787
6.007168
2.034312
2.049228
2.047117
2.009893
2.032134
2.053394
2.013825
2.059019
3.006271
3.000928
2.075039
2.049488
3.006383
2.049814
2.026677
2.047514
2.026399
3.003572
2.028093
3.014335
2.025481
2.017368
2.044511
7.009201
2.046154
2.022896
2.014525
3.028085
2.042381
2.032378
2.037664
8.006517
3.003406
7.021314
2.055521
2.007097
3.008295
2.034618
2.030315
2.018300
7.005311
2.081360
2.028296
6.011959
2.054854
3.008449
2.034246
4.018226
2.045049
6.024906
2.035712
2.009226
2.021030
7.016668
2.037104
2.057140
6.018288
4.024048
2.065740
7.004602
2.031863
8.003732
2.052261
2.063186
2.000928
2.049844
2.037766
3.000928
7.025820
2.068187
3.008549
2.043748
4.014124
2.046850
6.023994
2.022690
6.028951
2.047684
6.007322
4.012591
2.029836
2.024621
2.040538
8.012171
3.009647
2.045443
4.017308
2.043021
2.064275
2.052680
2.010939
10.006737
6.040273
2.024673
3.005270
2.032175
2.018000
6.011679
2.033312
2.028047
2.065048
11.003672
2.027173
2.015256
2.033931
2.049633
11.010893
2.043237
3.000928
2.045297
2.044299
6.008493
2.035965
8.007143
2.042898
2.017706
2.023436
2.053013
2.013509
2.035573
2.049554
6.039939
2.029631
3.009527
2.032934
2.072093
2.008241
2.060395
12.015336
12.021790
16.013563
7.037577
4.009665
2.029470
2.021857
2.022388
3.005205
3.000928
2.033599
2.028637
6.036913
2.033921
2.013745
2.042624
7.008561
2.037976
2.018398
6.015191
4.002220
2.031376
3.015821
2.038034
2.026859
2.031316
2.016148
15.021800
6.028540
2.046374
2.025781
3.003114
2.096806
2.060936
6.009287
2.020611
4.007949
3.000928
2.041159
2.062816
6.013034
2.038898
4.007809
2.055038
2.037238
6.014830
2.054162
8.008209
2.020108
3.012011
4.009393
2.019210
6.019386
2.045449
2.011039
2.029978
12.012632
2.037756
2.047843
7.004531
2.060686
10.022357
2.049139
6.015847
4.044971
2.028305
6.023698
2.029375
2.034438
2.022296
2.017947
2.066801
2.019499
3.013285
2.063420
4.023130
2.054885
2.034972
3.009263
2.024037
6.019938
2.055408
2.015350
2.017620
8.009787
6.014387
2.033331
2.038777
2.054182
13.002266
2.037388
2.055748
12.010161
4.029153
7.017033
2.020804
3.007257
2.055408
2.038251
2.023904
2.018606
2.036691
2.063091
2.056720
6.027316
4.014057
2.065472
2.031878
2.042905
8.006663
6.036215
2.057471
2.012385
2.059843
3.006708
2.054035
2.031113
11.004072
2.034922
3.008775
3.000928
7.027990
2.023641
6.006542
2.033349
3.006583
2.039822
4.053698
4.021742
2.060158
6.033345
2.019172
3.015643
2.090179
2.032908
6.008295
4.045136
2.061700
3.000928
2.040582
2.061648
7.000928
2.021190
27.000928
2.023314
2.063781
2.047367
3.012903
2.031067
2.058640
2.061314
5.014644
2.063967
4.008309
6.015749
2.020636
2.046920
3.007003
2.057034
3.012357
2.036330
2.021182
3.000928
2.041438
2.065434
3.000928
7.013091
2.026613
6.007362
4.013391
2.016733
2.014941
2.044813
39.003532
2.045811
2.049925
2.036762
6.009767
4.029661
2.035618
3.008509
2.085782
2.022934
2.006677
2.068839
12.003838
3.000928
2.021710
4.004032
12.003892
2.071588
2.028451
6.042470
2.025173
12.000928
2.024827
5.024496
2.048250
6.016887
2.007137
6.015491
2.057882
2.014323
2.020624
12.019711
9.003652
2.079539
2.032940
6.026620
2.034080
6.027086
2.056044
7.004542
2.042687
3.006734
6.013063
2.034600
3.006823
2.031062
7.008309
2.019799
2.063134
2.013989
7.027606
2.019432
4.005005
4.009831
2.038889
2.034411
7.003792
2.032940
2.032932
2.055876
3.011239
2.027897
2.024175
2.036784
13.006537
3.008714
2.089917
4.017854
2.061597
3.000928
7.020644
2.019324
4.011959
3.021693
2.065272
4.020569
2.036986
3.000928
2.069540
2.055202
2.013789
2.021703
8.003712
2.017780
2.066019
27.002866
2.051604
2.074859
3.007869
2.035198
2.042485
6.016557
2.051534
6.016899
2.057646
2.040168
2.026081
7.023649
2.047323
2.014840
21.011171
2.079732
2.023878
2.023475
13.009181
6.010587
2.058321
3.000928
2.049503
2.015270
2.005110
2.024128
8.018134
9.017994
6.020581
2.042491
6.017611
2.015962
3.000928
2.031015
17.009453
6.026876
2.024873
2.016379
3.012337
2.024837
3.000928
7.026892
2.041683
3.000928
2.035618
2.026333
2.017580
2.021010
16.004032
2.023428
11.013803
2.026193
3.002220
3.018460
2.028819
2.045601
3.000928
2.057186
6.014630
2.084750
2.072701
6.008774
4.050474
2.036150
2.006737
2.019446
5.032179
4.015899
2.022656
2.055913
2.017832
13.005325
2.045023
2.020392
7.020698
2.071714
2.056453
2.025695
2.022154
23.002700
6.043708
2.032728
8.019038
7.024035
2.054084
2.049277
2.060212
2.030531
7.022252
2.030037
4.006757
6.016181
3.007257
3.005065
2.049011
3.014045
2.054758
6.002220
4.010017
4.035708
2.062100
8.006877
2.087822
4.045699
2.032242
6.015298
2.030716
3.000928
2.037502
2.019958
6.009668
4.015423
2.065397
2.024532
2.022058
5.009561
2.029144
3.004072
2.051185
2.031197
2.039898
2.026819
1.017674
3.026091
2.072511
6.015238
2.023141
4.008209
2.054497
2.023569
6.020878
15.006130
2.021010
2.059728
6.033032
2.022463
6.008782
2.020990
6.008788
2.023810
6.010607
4.009973
2.031922
6.038701
