2.024606
2.032699
3.007397
3.004012
2.080100
2.062211
2.060239
2.024746
2.026343
5.009573
77.003146
2.069419
6.039749
2.064844
2.027055
5.009041
7.004032
2.085955
2.036932
2.079703
2.036678
7.006417
2.083117
21.000928
2.082345
8.009881
9.028372
2.016493
2.077250
20.036370
7.043736
2.016148
2.082642
12.030044
10.010201
7.000928
2.019052
17.016802
2.036410
2.061995
2.054002
2.070642
12.012566
2.095922
2.065446
7.000928
2.038952
17.013678
14.041977
2.084534
2.069460
7.000928
2.034359
3.017480
17.000928
2.044137
7.009361
2.045847
2.087905
17.000928
2.059745
7.040124
2.104328
2.034903
2.037197
2.044738
7.009901
2.112214
2.033436
12.000928
2.014732
7.022534
10.017374
12.004092
2.067930
7.018160
4.015530
2.084690
2.078252
2.000928
2.036230
26.000928
2.083404
6.000928
2.079775
6.000928
2.032992
10.076397
2.072634
3.004092
2.085849
2.072616
2.060501
5.012778
2.073268
2.082928
7.000928
2.079557
9.009647
2.030003
2.099110
2.038868
2.062111
38.017224
2.078515
2.007057
2.086522
3.015270
2.060987
2.056286
3.023990
2.021033
2.033454
6.000928
2.075760
13.009981
2.048117
6.011213
7.000928
2.081730
20.008295
2.076327
12.000928
2.035738
13.012414
2.032053
2.075122
1.037201
13.014945
2.036258
18.028799
2.052476
2.087827
2.052707
2.083205
4.011233
6.009761
2.025526
13.015682
11.039291
2.067053
6.032780
2.034432
7.000928
2.086284
11.024704
2.023748
3.011584
17.004012
2.075767
6.019208
2.048874
7.012491
2.115214
2.039650
7.000928
2.080134
23.011033
2.033358
2.033303
7.022604
20.003712
4.016222
7.005610
2.071482
7.007237
3.000928
13.031493
3.018073
3.011174
3.020246
8.000928
3.035158
4.011285
3.016522
20.032855
3.014972
2.030029
8.006190
3.030001
4.024983
3.027887
10.012858
2.025280
2.045648
2.032780
20.028787
2.073567
6.010459
2.070253
7.000928
2.026765
5.016656
2.037570
7.004925
2.050154
2.019356
2.112169
2.073402
6.006895
2.081026
2.030260
2.031907
12.036946
17.016323
20.009081
5.031118
2.052222
2.029057
6.008295
2.031561
2.023031
19.021030
2.031816
3.010993
2.000928
2.032767
8.014970
12.007551
2.030227
20.033483
2.023469
6.011445
2.033406
12.003892
2.081832
5.027399
2.072562
12.003552
2.034265
4.011153
11.016422
2.077420
8.012898
7.000928
2.074764
6.005185
2.034150
3.020106
2.027811
2.026315
21.003552
2.028114
6.000928
2.059768
5.008515
2.038923
11.005670
2.079949
6.009693
2.077973
7.000928
2.025061
7.014158
29.003892
2.074033
7.009973
3.006577
22.014369
2.011926
12.004092
2.053436
11.033005
13.018226
2.064091
6.047658
2.079723
6.022548
2.077032
2.053536
2.062275
10.032663
2.016118
11.019086
2.063365
11.018402
2.061953
2.016042
2.020864
10.032998
2.034606
6.029959
2.081318
2.065889
2.023684
7.018394
2.040440
2.085837
7.000928
2.085431
3.009941
7.002706
2.032356
13.022025
7.000928
2.016568
10.025287
2.074804
2.047569
13.019329
4.018619
2.080842
7.000928
2.036823
3.010673
11.007082
12.009521
7.000928
2.043099
11.002726
2.084651
2.040830
2.107206
2.083285
2.016542
11.011625
6.031981
2.029689
6.012557
2.062287
2.014327
2.024601
8.028194
7.004012
2.029210
5.035871
2.080285
2.047225
20.011435
2.039763
2.083050
12.000928
2.045051
6.023486
3.036978
2.080173
12.000928
2.082217
3.018405
12.000928
2.020559
3.015296
11.005230
2.037347
6.022418
2.072970
11.025766
2.016202
6.006742
2.042867
6.018146
2.035312
11.022308
8.008609
6.000928
2.034766
6.003932
2.017560
2.072439
10.011093
6.022230
2.014750
2.029936
11.013492
2.043294
4.022990
8.024081
2.069504
3.006943
9.025681
2.040388
2.028829
6.029561
2.049948
2.025879
2.046283
12.017534
2.091532
2.021464
6.015116
2.025055
7.000928
2.082560
11.016514
2.095375
2.029744
2.112376
2.032853
2.040810
2.090939
6.000928
2.044003
3.012605
2.019666
2.079267
8.010655
11.006882
2.074492
2.046849
11.000928
2.095284
2.044391
8.008169
11.011333
2.028785
2.068231
11.010253
12.003812
2.026678
3.012697
7.003552
2.060937
3.009721
17.003752
2.069912
6.003552
9.000928
2.050510
2.010293
2.076765
2.053516
2.021491
2.074174
11.000928
2.050065
10.052980
2.032850
11.011717
2.040506
7.000928
2.041155
8.010673
6.028592
2.077465
2.037179
2.019953
6.005197
2.047314
15.030045
2.097156
2.046423
2.082066
6.000928
2.075676
16.003912
2.086299
21.000928
2.028397
7.012305
2.035504
2.048168
2.045923
6.011273
6.025728
2.081787
11.045889
2.084923
2.035365
2.055090
8.027985
2.030927
2.029603
16.000928
2.081673
3.010845
26.007762
2.075095
3.006883
22.007422
2.051998
12.003086
2.072634
16.000928
2.044549
2.022276
2.092293
2.030985
3.006877
12.009733
2.025121
6.022856
2.065559
2.051929
2.066206
6.000928
2.069738
12.012445
4.015207
8.023626
9.004052
2.022376
2.034831
7.021200
2.074222
12.005171
2.070396
4.007397
8.010413
6.019898
2.072148
3.028857
22.007203
2.035398
12.000928
2.070964
9.010773
5.012349
2.056586
6.015752
2.034964
6.009827
2.022797
2.037325
6.009913
2.041050
2.033379
7.018094
2.097775
2.033200
26.021688
2.014335
9.018466
6.035019
2.076597
2.050930
6.019358
6.043854
2.059711
6.027215
2.042027
7.008503
2.050418
20.033355
2.026575
2.041953
16.009661
2.010885
2.077031
20.052097
2.039128
6.014603
2.070222
7.000928
2.041300
5.011799
2.033606
7.003772
2.038560
3.009741
12.000928
2.035626
3.018086
6.038774
12.009053
2.023569
6.006697
2.053219
2.082895
7.023794
7.013949
2.081505
6.011800
2.026167
2.040461
2.033674
3.017294
6.008015
2.033233
6.043788
2.025581
7.000928
2.038514
1.019468
10.016482
2.113236
2.090797
2.005665
2.070348
11.000928
2.068684
20.019618
9.006843
14.014336
2.062855
2.016714
8.034276
2.081614
3.006697
2.093725
2.038943
6.036637
2.030041
12.004038
2.074524
15.018732
2.077774
7.000928
2.035261
3.017194
2.023018
2.071619
6.003752
2.027242
17.031889
2.062278
2.045920
4.003592
2.008289
6.011970
2.021984
2.038694
2.030515
2.110113
2.086228
2.053272
5.034134
2.111186
2.083731
11.005390
25.014604
2.038017
8.019356
3.006663
2.101743
2.075501
7.000928
2.054619
2.024935
2.100651
2.068990
11.039150
2.057535
2.051298
2.030770
7.016122
2.115050
2.103371
7.003992
2.040687
6.000928
2.080176
3.011259
2.020211
5.044660
2.076777
2.077220
6.014627
2.077771
11.008475
2.052536
11.016534
2.040483
6.023582
2.073739
7.000928
2.063595
3.007789
3.042440
2.064576
2.023571
6.041552
9.019912
10.048039
19.000928
2.047363
7.011193
2.099499
2.030569
2.032963
2.028817
11.003572
2.041688
6.018626
2.077359
10.013174
2.074327
7.000928
2.078569
8.016566
6.018008
9.015029
2.051533
2.033696
14.016415
2.052083
3.015202
2.024076
2.077234
8.009941
2.035064
13.034223
25.009641
2.024827
7.007117
2.045496
2.089831
36.005890
2.072716
2.036719
14.000928
2.028051
6.000928
2.058120
6.000928
2.046917
5.013657
2.080527
6.027269
11.006469
2.032228
2.034705
2.030051
8.038823
2.077354
2.024102
10.000928
2.049918
2.085544
2.035406
2.035423
7.028657
2.061680
2.051546
6.043106
2.075365
2.014577
2.066121
22.019570
2.099894
2.085039
11.028271
2.072952
7.000928
2.076198
3.003872
2.018039
2.050439
3.009933
6.026811
2.038145
7.000928
2.081778
1.022851
4.040691
2.072202
11.011065
2.076976
10.005390
2.035758
11.010119
6.009953
2.086923
2.041258
7.003532
2.056176
10.043350
2.063963
2.003572
6.010021
7.000928
2.074690
2.016742
2.096056
2.031980
12.000928
2.095288
8.010053
6.005630
2.031760
12.000928
2.076574
3.011514
2.068715
2.041093
7.018246
2.101204
2.073920
7.000928
2.089076
2.041605
2.109666
2.093044
2.020918
2.057361
11.003928
2.078110
6.053555
2.064211
3.010921
2.030149
2.081081
6.003892
2.036925
3.009853
6.005970
2.052890
6.016008
2.023954
6.038252
2.056542
7.003466
2.075538
15.022306
2.072219
7.009045
2.075025
17.040073
2.105038
2.077281
6.023384
2.078166
2.033888
12.010753
3.011553
2.046354
14.020284
2.031921
12.007849
2.071456
2.027665
16.055236
2.073868
16.006983
2.077532
3.006417
2.089723
2.079960
2.015296
2.079074
11.003592
2.058325
26.003532
2.062453
6.006050
2.076459
2.018940
2.024549
7.009781
17.004132
2.038608
2.015844
2.102729
20.000928
2.039785
8.011493
7.000928
2.086572
3.010673
2.029523
2.060538
11.004092
2.047941
2.036652
2.095404
2.037496
7.000928
2.039563
15.013661
2.077123
27.000928
2.073055
2.029851
3.025916
2.025799
10.013236
2.034607
2.074384
2.078844
15.038691
2.048793
2.022777
2.065099
5.018479
2.078831
13.003912
2.046105
2.076200
6.030835
2.051168
6.031681
2.053996
2.045185
2.040421
13.003653
17.003712
2.067273
11.000928
2.079442
2.028037
9.015122
5.013398
11.029171
11.014904
2.101530
2.048340
6.039479
2.034208
2.020985
2.075538
7.013489
5.008409
6.019080
2.080572
2.049110
10.027427
2.095478
2.070688
2.059377
2.081105
5.026685
2.042517
11.013539
2.031579
11.043349
2.027725
2.024612
2.069350
7.011025
2.039415
2.063508
6.024689
2.046136
3.016683
5.015682
2.022635
4.016610
6.012691
2.057102
18.029015
2.032447
7.000928
2.021044
6.005864
13.032595
2.029795
11.007357
2.020098
7.003532
2.022536
2.015836
2.085042
2.074602
2.055374
2.079530
15.012084
2.019592
6.026526
11.075558
8.015410
2.070012
3.010873
2.029877
2.077565
6.017626
12.012119
8.008529
2.023830
14.000928
2.021740
3.011553
2.065906
2.076618
16.000928
2.075294
6.003812
2.090276
16.000928
2.081899
2.009081
12.032450
2.018420
3.016771
2.102195
2.075344
2.031962
15.020734
2.036112
2.079513
7.002626
2.084159
8.013850
11.036215
2.067960
6.005870
2.025667
6.025524
2.069470
2.047799
2.040153
10.005271
2.075032
3.006717
2.072874
2.078911
2.038755
2.066658
5.014205
14.018166
2.024647
6.008135
2.085182
11.005974
2.012871
3.011385
2.035733
2.075919
2.067819
2.036599
11.013485
2.082068
6.000928
2.070047
15.009175
2.081012
2.059189
2.015236
7.045487
2.093763
2.074472
7.000928
2.033294
10.006269
2.055543
14.016242
2.017540
14.003872
2.032462
9.013096
17.011313
2.036782
2.047022
2.079827
2.090599
3.014510
2.034846
6.011393
2.024261
2.083407
2.012033
2.086431
2.059111
2.041655
2.041312
1.035873
5.029731
14.015469
5.006199
4.011533
2.062055
2.043979
5.033834
2.071570
2.078950
2.087386
20.017325
2.073645
3.006817
13.000928
2.032862
11.019739
10.003832
8.003712
2.053350
13.003992
3.014144
2.109805
2.067580
