8.010181
38.017941
32.005184
26.010399
19.033877
5.031189
8.029228
9.035382
14.015336
14.018366
11.009401
2.070774
9.013843
14.010945
6.003952
7.019732
4.030656
9.031432
5.006924
5.022202
12.015235
6.005544
4.018751
2.055296
4.031727
12.003612
6.029363
4.029923
4.033713
19.020924
9.014529
9.011965
4.013856
4.008194
4.025253
9.036355
5.019470
8.032647
4.021430
9.035671
14.015341
4.019518
4.016953
9.022582
4.010251
4.038204
4.022582
4.021956
9.020564
9.011313
4.041073
5.013241
8.014947
9.015017
4.014049
6.032712
17.009499
4.021842
4.017700
4.013747
4.026633
9.035547
14.041772
9.008735
9.013651
10.021284
8.020152
4.026564
9.034145
9.032042
4.026006
9.020370
10.021463
3.028791
5.013846
16.003692
4.004083
9.003972
6.031405
4.031381
14.040277
9.019818
4.012531
31.007374
2.111783
24.045423
4.007557
4.018837
4.025299
9.025866
10.011361
8.033989
4.028025
4.012737
4.031866
4.013724
24.020770
30.000928
8.030097
4.006808
4.028410
14.041319
4.015167
22.017807
6.008354
4.032803
14.018338
10.004112
3.019312
9.007108
4.023568
14.025780
14.005031
11.006099
2.052548
9.012511
4.015973
4.032100
4.011625
4.026113
26.025306
2.094746
7.004112
6.026446
9.019478
4.018546
9.025054
9.037587
11.000928
6.038108
14.021988
16.006342
7.012197
6.021776
7.033121
15.005404
3.020796
9.027690
9.051371
9.016460
11.014733
5.003972
6.020684
14.006763
14.008941
4.024335
14.022562
5.022370
8.009293
6.005344
2.086950
14.027292
4.022016
4.052343
9.014961
4.034589
11.002220
2.104700
9.015107
14.049728
6.016882
7.019224
9.038932
6.047459
7.027342
16.003672
2.056724
9.013735
4.041139
9.024882
9.022700
4.019485
9.055683
4.006822
4.020284
9.022822
4.011145
4.015203
14.023772
4.020944
16.004611
2.078104
4.036708
6.009921
7.020844
9.011219
4.023914
9.021384
11.004112
2.058053
9.019761
9.029843
4.022938
9.028611
9.011551
4.030512
14.018287
9.024844
4.020036
11.002800
17.013129
19.021600
9.029259
9.029103
11.034698
2.051218
9.008055
4.046434
14.013147
4.036078
4.035635
9.029597
4.033066
6.012271
7.024376
9.005130
4.036600
4.020332
4.021983
14.033295
14.016814
24.007088
10.009401
3.036052
16.002300
7.017354
20.005364
3.034097
9.009327
4.027185
9.038191
5.014489
13.028124
9.039986
9.007843
9.008501
4.038215
9.009453
4.018072
9.027179
4.040984
19.032561
5.009581
3.012189
4.026958
9.035821
11.030283
2.065363
9.006783
19.059506
4.028531
4.023614
9.019286
4.035916
5.023908
18.027174
9.034410
6.027965
7.038061
10.023834
3.008621
9.026771
14.043079
6.058683
2.120630
14.023486
10.018194
3.006243
9.010821
4.030607
9.005250
4.021616
14.019098
19.026059
7.000928
6.007735
4.006723
4.019662
6.021066
7.032164
19.036327
4.012637
9.017715
4.018725
10.010760
13.016908
9.008481
4.031967
14.032055
10.018642
8.018077
4.012379
14.013255
19.051848
4.013515
4.017136
9.015997
4.017319
9.019118
4.008001
36.000928
2.092867
9.013443
14.030796
9.009833
9.021454
9.021715
11.006637
2.021883
4.025781
14.037013
9.038093
14.036439
7.004702
11.027918
4.040750
4.007895
29.020644
9.039565
4.007371
4.009953
9.036491
4.012191
4.032374
6.012005
7.010919
4.018338
4.009807
11.004403
7.019730
24.039383
7.003772
6.016960
14.021012
4.019838
9.022070
4.016056
4.011225
11.015235
2.099103
9.013189
4.023950
9.008223
4.039452
9.034825
9.026518
4.035073
4.034757
9.026645
14.029321
4.022396
9.022616
19.032285
7.003792
6.020902
6.009021
2.101930
9.013949
10.017266
8.029689
6.008115
2.061447
14.022880
6.033222
12.028444
4.007143
4.011391
4.009293
4.005110
9.028204
9.026956
4.011531
4.006463
4.018340
14.033777
10.004383
3.018786
9.024886
10.012641
5.000928
2.072115
4.037838
4.011505
19.040108
24.034166
14.016440
4.013815
5.005914
8.005170
15.022126
28.006422
14.016419
14.015853
4.029580
9.027919
9.012377
4.028065
9.030475
19.035579
9.006863
4.017473
4.014589
14.037705
9.014923
4.005270
4.048417
10.013643
3.023260
4.012371
14.032208
4.011185
9.019259
14.006903
4.018420
14.022096
10.014155
8.015011
14.022840
9.018420
4.038776
17.004112
6.029633
9.017899
14.041554
9.007042
29.024440
19.033535
9.008255
4.014949
7.003652
6.024689
9.027850
4.010951
15.017746
13.005010
9.025280
4.027382
14.015934
4.013305
9.031015
12.011705
6.021814
9.034452
14.008095
4.021202
7.003532
6.032791
4.015775
4.015390
4.016294
14.038655
14.044276
19.022357
5.004603
3.030684
14.033237
24.009395
4.015548
9.030883
9.025850
7.002840
6.022708
9.010737
4.051178
9.025491
4.011239
4.010925
4.031047
9.012557
7.010501
2.012285
9.034457
3.040768
11.058239
4.023966
2.098805
4.017720
24.010584
4.038473
9.014049
4.008347
4.044061
9.036909
14.042989
4.014289
9.023714
19.025742
9.017380
10.004523
18.022446
4.015467
19.031564
14.024070
4.031968
6.003572
2.026192
4.036218
9.038402
4.020796
9.012271
14.020068
9.029696
4.006763
4.008181
9.029283
4.012523
4.022422
4.010670
5.004522
3.038013
24.015950
4.036077
9.024907
9.022660
9.021408
9.023549
9.037289
10.006477
18.041617
6.014049
3.028308
14.004730
3.041717
9.044807
24.006422
6.023254
4.009967
2.117646
11.003792
7.008755
9.014163
6.041005
7.009867
4.024338
11.024658
2.048530
15.010634
3.017429
9.022292
19.007025
4.006702
4.017965
9.015189
12.005244
6.024182
9.017786
19.012177
9.025779
9.024830
4.016659
4.011245
9.032769
9.015453
17.017522
3.008129
7.011345
9.014655
14.021084
9.016569
9.006782
4.025920
9.015567
14.017547
4.008535
4.012457
4.032576
14.012397
15.012083
18.009639
4.008215
20.002260
8.033751
19.040546
9.034746
4.003738
4.012237
9.025961
4.024034
9.014935
19.034629
15.007203
3.014722
4.037520
9.049402
9.048056
4.011045
17.003912
6.008943
4.029123
9.025749
9.021691
4.024246
9.012657
9.014821
4.006563
16.010879
7.008475
14.018718
4.023416
6.020830
2.104801
11.010074
7.018560
9.029514
12.003552
6.011219
4.012737
9.024604
14.027665
17.013335
2.011679
3.012914
4.017474
4.007023
4.033394
7.004052
6.038239
5.015341
8.011279
4.017508
9.036789
4.025580
9.023036
11.016536
2.056940
19.011219
10.006725
8.022498
9.033945
14.030306
4.018683
14.031322
4.015427
11.007809
2.051327
9.035871
14.036755
19.011751
4.030197
9.028709
4.021964
4.012611
4.038890
11.018360
2.080014
15.000928
8.037309
14.018200
4.031323
4.017806
4.022101
6.003852
2.066803
16.003632
2.078583
9.022328
6.009561
12.022849
14.021777
4.017825
4.031475
14.018046
14.036030
9.010619
9.033645
4.019518
6.015016
7.034200
12.002800
2.020906
3.012637
9.026114
14.046787
14.026679
5.017128
8.013881
14.035763
11.015108
2.059587
10.005839
8.022368
4.017093
9.012903
4.039661
16.000928
2.061333
9.009187
4.040833
10.013621
13.029674
6.026689
17.010727
16.003612
7.034454
19.032763
9.036349
6.022370
7.027600
4.014589
4.021324
19.034846
4.024500
9.027054
9.025521
16.005604
12.029857
9.016329
4.018118
4.018537
4.037545
9.009127
9.014303
4.009553
9.031861
9.021424
4.040587
14.043464
7.004072
6.027132
14.022642
9.023160
9.040943
16.014889
3.048272
8.027185
4.027292
12.003532
6.008447
6.008429
2.094025
5.023881
8.029447
4.025426
4.010905
21.012703
7.022688
9.030332
11.014183
2.036155
9.040953
4.007823
9.052583
4.022182
19.017417
9.043177
6.004432
2.028096
4.007575
4.037844
4.006834
4.026646
14.010665
4.027664
9.035877
39.033156
4.042067
4.011045
4.016668
4.029384
9.024394
10.005664
3.014209
4.032989
9.026544
10.005855
13.035275
9.010859
7.007021
16.020759
9.013663
4.007089
