3.022633
3.008595
3.016962
8.011211
16.009539
3.012185
4.008075
3.012371
21.013603
3.010874
13.014018
3.016056
2.055103
3.012486
9.009627
9.009641
4.016564
4.014650
2.039098
3.014969
3.014902
3.010933
8.008149
3.012165
3.009501
3.031069
3.012325
10.020324
3.010993
15.011179
3.008349
4.012605
3.006777
7.014969
3.025781
3.008349
5.008255
3.011339
9.006517
6.013265
12.011093
21.005624
3.030501
3.011153
9.013477
4.015449
7.010633
3.011133
3.023520
3.010773
4.016662
5.022750
3.008089
3.009427
2.014455
3.025027
3.013857
14.015410
19.009247
3.008249
3.008449
3.011433
3.023389
3.010813
3.008495
11.026214
3.010513
9.012485
4.008229
3.010847
18.004302
2.040971
3.010727
4.012265
13.014192
2.006050
3.027545
3.008129
11.014695
3.025312
3.008609
9.012265
2.017367
3.011013
3.025188
3.013417
5.014183
3.010913
3.011253
8.008529
3.009801
3.026313
3.013557
8.017915
3.009341
3.012025
3.015056
3.007709
3.010011
12.006977
3.020704
3.015429
8.008195
6.041187
3.012085
11.007649
5.053150
5.009701
3.018240
3.012185
3.010839
3.012125
9.007609
8.008169
4.010133
4.008269
2.004132
3.019652
3.008219
2.038600
4.009341
3.014503
3.025528
3.008169
2.007909
3.013177
3.009427
3.008169
9.008389
2.016036
2.075718
3.008089
13.012625
2.014661
3.015155
3.014509
7.025947
8.007196
3.011159
3.008089
5.012611
3.009661
4.011213
4.010251
2.053952
8.009619
9.005284
3.025794
3.016742
11.004905
3.011325
3.008049
8.011413
7.008835
3.013829
3.010913
2.014810
2.078437
3.012065
13.008100
9.015189
4.012305
3.030942
7.015015
3.010799
3.009221
3.018334
2.048855
3.010933
23.010653
3.027679
7.009867
3.011685
3.014409
7.019315
3.013589
3.007569
5.006642
3.009712
14.022338
8.008249
3.012311
7.028003
3.007096
16.007377
7.007909
4.012285
4.012425
2.012725
2.042999
3.012805
7.010013
3.008089
3.022630
3.010533
3.010813
4.011725
3.012205
3.009801
3.017700
3.012011
8.021884
10.008489
3.009701
26.015309
3.011079
9.008549
3.012125
12.016737
3.008555
3.011233
3.012105
4.010953
3.027427
3.011113
3.025721
3.008289
8.011153
3.017576
2.037965
3.010873
3.014970
3.012325
3.011133
3.013218
3.014989
8.012063
4.008709
3.013637
2.099415
3.011253
33.012451
2.005424
3.018260
3.012685
8.009441
7.003832
3.013803
3.006902
10.009807
3.012193
8.006717
3.014177
7.009767
3.006916
8.012405
3.012305
2.065896
3.011173
8.009301
7.009887
3.009447
3.011805
3.009541
7.018060
3.025255
3.013338
2.010633
2.041656
3.008329
3.010693
3.014329
2.055254
3.015309
4.006497
3.005404
7.014885
3.014103
3.015249
3.009221
7.008669
3.009639
3.014749
3.016907
3.012485
7.020928
3.011273
2.035346
11.009741
1.022356
7.010041
13.012005
8.009241
3.007729
3.014123
3.009083
3.011965
4.009221
6.015227
3.013537
8.012645
4.006436
4.016048
3.019313
3.007689
3.021977
3.011033
11.005704
3.032827
3.008549
8.008209
3.013457
2.047418
3.010567
2.034648
6.012325
13.006656
3.016203
3.013803
3.018759
3.014730
3.009741
11.046740
3.011925
5.008154
3.010953
4.007589
3.010913
3.011159
7.015775
3.008489
7.014543
3.007489
3.023337
3.010873
8.006977
6.013443
3.012165
5.033652
3.011719
5.010013
3.007969
9.011965
5.018466
3.015050
3.009021
7.006917
3.019192
3.011865
2.008155
3.009681
3.022902
3.010993
2.009741
3.011153
3.013664
3.012685
14.003752
3.013697
3.000928
3.009761
3.013743
3.007709
4.013498
3.011473
7.010750
3.027179
3.008429
4.013858
14.012781
8.007649
4.011233
7.018240
3.017159
3.007709
3.009461
3.008169
3.021588
3.022436
3.015029
7.033713
6.015129
5.022348
3.014869
3.015269
4.009607
3.014716
2.084237
3.005044
9.012665
5.030659
3.010753
6.011031
3.014443
3.011453
2.029914
4.012725
7.008295
3.011885
5.008854
3.009967
2.025421
5.007116
3.007729
3.011899
3.025942
3.012285
7.027193
5.011965
3.011013
3.011229
8.057376
3.007949
2.013837
2.094383
3.015035
13.017412
7.005544
3.015036
3.012165
9.012485
4.012291
19.013498
3.012305
4.008289
3.010633
3.012665
3.006623
3.012285
17.068113
2.042064
3.007929
5.038815
3.011113
2.018884
5.006636
4.011033
8.000928
3.008781
3.023248
3.010733
12.016759
3.013217
3.014775
3.008269
5.006542
3.012645
9.009481
4.009381
3.015149
3.037468
3.006937
3.014404
3.010527
6.006717
3.019518
3.010773
3.009401
6.020870
3.014137
2.013418
3.009441
3.024761
3.013590
4.008075
3.011805
3.027247
3.009421
3.019958
3.012305
8.008389
8.009281
3.007969
3.016787
3.011865
8.006497
8.008093
3.010526
3.008315
3.012345
3.007889
3.011349
2.056682
3.010753
35.011125
3.011093
2.013617
3.009801
3.022063
3.014790
8.016668
3.009341
3.012545
3.023036
3.007769
4.014549
5.011119
3.009661
2.008775
7.013431
3.010753
7.007989
3.009681
3.032659
3.010793
4.009661
2.018444
3.008649
3.016908
3.014909
8.013763
3.009621
2.047542
3.008469
3.012085
3.000928
2.054742
3.011313
13.010963
4.010833
3.014749
2.040698
3.012325
2.032850
15.010047
3.008575
3.011473
3.011159
3.008069
21.004865
3.019778
3.013977
9.011705
9.008289
8.006737
3.009681
2.063506
3.012125
6.024684
5.020570
4.012085
3.009121
3.003658
3.015784
3.005066
3.015090
3.009181
3.016088
3.013358
3.009761
6.019880
3.008449
16.003552
3.005450
3.011013
2.011233
3.013537
3.014143
3.014869
6.010593
3.013403
3.011605
12.003952
3.013118
3.035227
3.009821
3.003992
5.006542
2.005164
3.009721
3.010839
3.010393
2.024701
5.006516
9.018553
3.008509
3.009501
3.023422
3.007709
3.011845
3.012685
2.090920
3.011513
8.010553
12.003832
3.019518
3.012205
3.012005
3.012131
3.020862
3.017826
3.007589
7.006276
3.008269
3.014756
3.008961
9.013498
4.011413
20.022346
14.010805
3.013637
4.014317
10.024806
3.015696
7.021688
13.007909
3.017134
3.008049
7.046757
2.039899
3.010615
16.007313
11.004904
3.010892
3.009421
3.024734
3.010353
12.026553
2.034967
3.008209
3.010993
3.008349
3.009921
3.016608
3.008169
9.009921
18.006588
12.003792
3.022188
3.013457
3.006877
3.019167
3.009241
3.009767
3.013378
13.012605
3.000928
3.013917
3.024496
3.012305
5.006963
3.007689
3.007157
3.007729
7.007162
3.014003
3.013777
3.018366
3.008269
3.008155
3.004538
8.008449
4.007629
3.008389
3.011153
3.019738
3.017418
12.007809
3.012565
3.017108
3.008529
8.024671
3.011865
3.008109
3.006583
3.012005
9.011053
13.011053
3.008129
3.014850
3.026453
3.008289
3.007935
16.034652
3.014970
21.010859
3.010999
3.007949
2.011863
3.008349
3.013363
3.008109
8.007866
7.004178
3.017900
3.010633
6.016490
6.015170
3.014836
3.008269
3.011913
3.007143
7.027376
25.005771
7.017602
3.006543
3.011233
10.017438
3.012365
8.008749
3.010833
3.013517
3.020064
3.016136
9.014118
5.008314
3.012545
5.012383
3.013458
12.015128
7.016415
3.011905
9.011583
12.010793
7.015359
3.008049
8.008909
6.008594
3.012005
3.014283
8.000928
7.008175
3.010853
2.025775
6.008109
2.019618
6.012025
7.011232
3.005380
3.010879
3.008089
2.028203
7.006070
3.012231
3.013757
4.007016
7.005545
3.013743
3.007789
4.015150
14.012165
1.014211
7.011093
2.012151
3.013358
3.027452
3.008329
8.015637
3.007949
3.008821
3.021552
3.012745
9.009207
5.008375
3.014810
4.012995
4.007157
3.008015
3.012053
3.012585
3.024410
3.008389
2.025388
5.015169
3.012031
3.009581
3.015135
3.013177
6.009741
3.025646
3.011373
4.007949
2.010473
2.026447
3.007889
4.018094
4.012605
3.013537
7.000928
3.011179
3.011033
9.011053
8.010291
3.007889
3.008169
3.021304
3.012011
14.012445
15.010026
3.008015
4.006637
8.012325
7.003632
3.007855
3.008149
4.007749
3.006877
3.013767
3.003892
3.009407
3.008369
4.010813
6.006837
6.013869
3.009561
3.009701
3.015275
3.008349
4.006757
2.015316
17.011305
3.014990
21.012940
3.016854
3.012165
3.010207
3.010573
3.009141
3.025407
3.009187
8.008429
2.039521
3.019572
3.015529
5.016814
3.010873
2.012245
3.010859
3.012531
3.013657
1.007077
7.011033
18.010011
3.012325
2.036586
3.011865
26.004322
3.021830
3.007989
21.008049
3.015628
3.012437
7.032056
12.027241
3.015189
3.008095
7.000928
3.023508
3.010593
8.012265
4.012191
3.014749
3.010021
3.019598
3.014277
4.007849
11.012050
3.011071
3.009527
3.012885
3.035232
5.012065
4.007789
7.002460
3.015576
3.007949
7.015676
2.098570
3.008029
5.013511
3.007789
23.010853
8.000928
3.011279
3.022918
3.010433
2.029717
2.028803
7.031758
5.009627
12.026789
5.000928
13.006717
7.007854
3.012185
6.010859
6.009081
7.008209
3.023509
3.008209
9.015169
3.008634
6.025253
3.011985
8.016861
3.015110
2.047348
3.010433
3.009387
3.008489
3.007929
3.016825
3.012249
15.007062
3.008189
8.008589
8.000928
3.014283
3.014123
3.011393
25.012511
3.010387
2.008029
7.025644
3.014850
2.009991
3.009701
3.015395
3.012611
7.008095
10.014884
4.007849
2.031551
3.018441
3.007909
2.015595
2.108896
3.012785
4.013357
2.022161
2.037244
3.012225
19.007989
14.015556
12.007789
3.019642
3.030921
3.013803
7.012711
2.047906
3.011253
17.008069
7.006888
3.008129
3.006676
9.011173
3.016382
2.044277
3.010713
15.024710
3.007889
19.012325
8.012585
3.009567
3.009641
3.027220
3.004730
2.014995
3.008169
3.012297
3.012165
4.012045
4.009601
18.006537
7.006557
3.015336
3.014490
7.008089
2.029751
3.010673
15.012931
3.013244
10.013649
3.011359
8.010613
3.013877
2.061197
3.012137
9.008329
14.011173
7.014719
6.010853
3.013897
3.010933
3.009801
3.017107
3.011253
3.016038
3.008309
3.013418
3.019452
3.007909
9.013178
3.011745
3.009721
3.014108
3.017248
3.008329
8.006457
7.003972
3.029004
3.013597
8.012419
6.012371
3.011393
4.008509
3.006497
7.003572
3.020884
3.013817
18.012265
6.042223
3.011945
12.000928
2.026088
3.007909
14.014379
13.011053
3.008189
3.029714
3.014956
3.014830
3.014950
4.008129
7.020232
3.013503
3.007969
5.011479
3.008489
4.010753
5.005890
3.007949
15.014584
3.006762
12.011965
2.061636
3.014695
1.040000
12.010753
3.011173
4.013637
3.014810
2.076999
3.014389
3.010873
3.007889
2.096249
3.011033
6.008349
3.027490
3.007669
12.049106
10.009341
3.015430
7.028936
3.006782
2.016968
3.009421
3.011139
3.015009
4.016850
2.012185
2.042479
3.012285
18.008149
6.022336
3.007869
1.024148
10.030731
4.019272
2.082292
3.012225
3.010953
4.012325
4.012731
12.007709
8.018615
7.012465
7.006617
6.008899
7.004232
4.009741
8.005230
4.029677
4.036071
4.017033
4.018200
4.023434
4.017168
4.018753
3.015089
4.009621
12.030266
5.006937
6.027540
3.013757
8.007949
6.014804
3.008335
4.009079
7.015429
3.006782
3.007935
3.012505
2.024369
27.014251
3.013178
5.019997
3.012725
21.006537
3.016295
3.007849
2.012711
3.011139
3.014711
3.009561
12.003792
3.012653
3.024222
3.011193
1.006537
15.007629
3.009507
3.019812
3.011133
10.033997
3.013877
12.012565
7.011319
3.012261
4.014750
17.014407
3.006817
3.028117
3.015449
3.009041
7.017231
3.018799
3.007489
2.029297
10.013497
3.010893
3.009301
3.018760
3.007889
4.011705
3.008049
12.010813
3.017580
3.008469
4.007909
14.008249
24.008249
3.012873
5.007789
11.010979
10.030337
11.007989
3.013538
7.005224
3.008115
3.012511
16.003592
3.012317
3.012565
3.012545
3.019772
7.025985
3.009707
8.012333
24.008419
12.011013
3.026013
3.007609
4.007869
3.006757
8.005876
2.068348
3.012305
4.012325
9.007989
13.007057
7.003938
3.009607
3.015010
10.010739
3.009647
11.005164
3.011951
3.015569
19.010181
4.011613
13.008209
4.012205
11.026653
3.010813
12.008029
2.041672
3.015129
2.023669
4.036298
3.009421
3.012591
3.012175
20.024768
3.009201
7.009407
3.009821
3.024248
3.012225
5.006883
6.027299
4.035554
6.010453
12.013643
31.014037
4.007529
3.012845
4.010993
3.012665
3.012725
3.009835
3.009701
7.007849
2.041466
3.007689
8.006637
3.023643
2.085101
3.007969
8.009381
3.011825
3.009721
3.029630
3.012205
9.013198
12.017001
3.008981
3.016592
3.010993
3.008274
9.008449
3.016388
2.087300
21.020032
5.007689
3.034294
3.012565
3.017028
3.008249
9.018519
5.030579
12.008189
