8.015035
3.018646
4.023894
4.037019
4.038615
9.046060
4.020724
4.014828
4.015621
4.023382
4.007321
4.016893
4.036121
4.032430
4.029936
4.023520
4.031743
4.022952
4.043812
4.042439
4.011125
4.019652
4.048893
4.024896
10.004562
3.027491
4.037876
9.008609
4.008334
4.045397
4.032669
9.013563
4.017946
4.005030
4.048474
4.040021
9.043135
4.011659
4.030243
9.010945
4.041271
4.025800
4.031137
4.011233
4.030450
10.009981
3.039587
4.050162
4.019224
9.015815
4.009293
4.026572
14.009647
4.029342
9.015335
4.039767
4.038476
9.036827
14.017544
9.013283
19.040994
4.014301
19.006582
4.011339
4.016835
4.005410
4.020198
4.037872
4.034259
4.051850
9.038215
4.006708
9.044783
4.026966
4.058329
4.028379
9.005270
4.035806
4.042836
4.031445
4.039834
4.005990
4.011157
4.035378
4.058978
4.057061
4.026864
4.033373
9.024535
4.010985
4.038187
4.024847
4.039462
4.007176
4.042302
9.007477
4.008115
4.030269
4.003578
4.032542
4.046550
4.035972
4.012065
4.012917
4.027931
4.031447
4.035727
4.023220
4.042501
4.027050
4.045834
9.034471
4.012139
4.039376
4.030939
4.040327
4.019160
9.029241
4.027129
4.009339
4.044104
4.065318
9.052198
4.041478
4.055070
4.053799
4.041287
4.027825
4.026719
4.047101
4.009878
4.040260
4.037235
4.027364
4.052097
4.019738
4.045056
4.021249
4.033773
4.028071
9.013889
4.024567
9.017632
4.021711
4.007735
4.037486
4.034359
4.011147
4.037718
4.044107
4.036173
4.010305
4.030733
4.049189
4.006763
4.018172
4.020004
4.012217
4.040412
4.042087
4.027810
4.021888
24.015355
4.053630
4.045142
4.013217
6.004302
2.078869
4.031882
4.038408
4.018972
4.038484
4.040759
4.031965
4.005230
4.038707
4.038809
4.049010
4.036724
4.020770
4.023406
4.054394
4.038676
9.037143
4.052833
4.029005
4.038015
4.063512
34.032727
4.011365
9.009287
4.039376
4.015376
9.043545
4.010851
4.059890
4.055558
4.012051
4.020924
4.036945
4.031475
4.020006
4.057235
4.018120
4.029042
4.033789
4.006709
4.021496
4.021476
4.025000
4.032523
4.021509
4.043724
4.050997
4.010859
4.047212
4.045584
4.051556
4.021896
4.011703
4.041608
4.019758
4.011025
4.020226
4.032626
4.050564
4.037147
14.005091
4.033265
14.011357
4.031253
6.009681
2.024641
4.013849
4.043765
9.041307
4.053858
9.012697
15.012941
3.034411
4.032847
4.027993
4.024318
4.013523
4.047544
4.044547
4.020176
4.047462
4.032425
4.037862
4.021616
4.042739
4.019884
4.045011
4.032905
4.015793
4.041336
9.024772
4.036335
4.047217
4.057232
4.032769
4.036822
4.042978
4.048998
4.043387
4.017766
4.010899
4.027293
4.008561
9.040013
4.005750
5.004662
3.042734
4.018220
5.004522
3.029909
4.010933
4.020764
4.043415
4.031321
24.021776
14.006428
9.025280
9.038713
4.060960
4.033128
14.023914
4.056016
4.008400
4.018646
4.010739
4.017835
4.040541
4.016173
4.042220
4.035952
4.033038
4.017879
4.016074
4.051468
4.034977
4.037109
4.045406
9.041979
4.025713
4.029979
4.018472
4.024600
15.004242
3.029713
10.013909
3.037843
4.030882
4.040708
4.023768
4.022874
5.006217
3.058430
4.038761
4.024034
4.041107
4.036914
9.011651
9.012631
4.050126
4.037363
4.022022
4.008295
4.012963
4.017846
4.012627
4.012535
4.011923
4.005970
4.015616
4.025160
4.049311
4.038843
4.007402
4.008295
4.039374
9.017966
4.057348
4.008094
4.005402
4.023468
4.049258
4.008735
4.042886
4.052402
9.042270
14.038884
4.011493
4.038122
4.008357
4.041337
4.024008
4.006643
4.006669
4.012291
4.034680
4.036332
4.032107
4.023388
4.034491
4.019191
4.043805
4.055412
4.026682
4.018852
4.021756
4.037473
4.030421
5.020382
3.022058
4.025686
9.034073
4.007462
4.039680
4.009745
4.018106
5.009701
3.044909
4.018878
4.008248
4.026088
4.049441
4.026386
4.039527
4.027684
4.030061
4.039150
4.005430
4.013524
4.011011
4.024306
4.036605
5.010800
3.060149
4.028697
4.027055
4.011275
4.041709
4.009971
4.014647
4.044278
4.022222
4.019184
4.018245
4.047344
4.047979
19.028417
14.048281
4.014629
4.040801
4.027207
9.006463
4.023595
4.019070
4.027851
4.021961
4.044648
4.005890
9.009767
4.026434
4.037470
4.035867
9.009833
4.020592
4.025532
4.016894
4.049782
4.020584
4.025798
5.010093
3.038921
4.052369
4.029825
9.012899
5.009020
3.008486
4.040495
4.044839
4.028498
4.036369
4.012891
4.041127
4.023474
4.012435
4.019452
4.016334
9.056194
4.047398
4.016234
4.038761
14.015467
4.022554
4.006683
4.016295
4.035997
4.037797
4.025426
4.022691
4.037203
5.008901
8.028977
9.053397
4.017188
4.018445
4.006623
4.034037
4.071051
4.053803
4.050207
4.041425
4.013604
4.020477
4.023355
19.006703
4.036515
4.027134
4.039301
4.047162
4.034171
4.048951
4.010341
4.008127
4.013775
4.015016
4.043853
4.026145
4.051020
4.008286
4.012591
4.037650
4.046870
4.044006
4.023288
4.006463
4.024049
4.046361
9.016707
4.030543
4.029037
4.050990
4.009533
4.021368
9.032850
4.023296
4.044641
4.012083
4.027451
4.013631
4.010599
4.041737
4.025060
19.060400
4.037211
14.010845
4.034065
9.058686
9.015218
4.024580
4.029461
9.018317
4.012863
4.031733
4.062119
5.036725
8.046083
4.049658
4.053012
4.053852
4.013463
4.030481
4.041178
4.026033
4.042501
4.039795
4.032950
4.020868
4.021490
11.004523
7.049910
4.029237
4.016848
4.005190
9.033579
4.032577
4.037920
4.038741
9.045120
4.016460
4.048176
4.039543
4.057091
4.022228
4.041254
9.053160
4.047773
9.021936
9.032403
4.029995
4.008355
4.027441
4.039254
4.042985
4.005350
4.036199
4.051378
4.049212
4.009599
4.014329
4.035178
4.023586
4.012611
4.031119
4.027344
4.039460
4.032237
4.013763
4.013504
4.037111
4.008974
4.012523
4.055808
5.010061
11.004482
2.008315
13.015133
4.038771
4.007934
4.021244
4.047035
4.055347
11.029236
7.024269
4.019558
4.030735
4.049100
4.033584
4.005510
4.005610
4.039149
4.041521
4.023628
4.012911
4.040448
5.004422
3.053485
4.031628
4.003678
4.032345
4.020508
9.026240
4.021642
14.036469
4.032928
4.050172
4.009607
4.031853
4.038317
4.037759
4.018246
4.010279
4.026045
4.018926
4.038683
4.055087
4.012491
5.004662
3.016560
4.030463
4.007975
4.036224
14.025030
4.022974
4.012731
4.032465
4.048309
4.032994
4.049428
9.041321
4.023984
4.034198
4.011205
4.040317
9.043078
4.016116
4.018114
4.033681
4.027667
4.031703
4.034375
4.031080
4.048835
24.020855
4.039376
4.014029
4.036953
4.049885
4.045396
4.030600
4.037224
4.054156
4.035737
4.037783
4.046750
4.029816
5.019556
3.008334
4.018080
4.036733
4.045779
4.012151
4.020137
4.037669
4.040093
14.014172
4.019009
4.058484
4.019646
4.058376
4.010413
4.026594
4.050031
5.024808
18.030295
4.056072
4.048810
4.023286
4.015001
4.017028
4.011005
4.024256
4.055308
4.035595
4.027176
4.056031
4.018660
4.014435
4.057590
4.028883
4.050775
4.024314
4.008575
4.007322
4.020836
4.039197
9.011005
4.015987
4.039908
4.027795
4.038875
4.054641
4.008735
4.005356
4.009313
4.042180
4.012371
4.017731
4.023042
4.013609
4.030432
4.033543
4.023232
4.012091
4.034605
4.023700
4.047232
4.033151
4.007082
4.005430
