3.015780
15.018814
4.016946
32.036433
2.043144
11.028295
2.056185
3.014364
4.006937
14.008209
2.022049
5.028839
2.067816
8.008641
2.027511
6.022752
3.063894
2.046073
2.060009
2.024607
2.034246
13.017974
6.023989
20.029950
2.015596
5.032455
12.004985
12.037175
2.070988
3.009161
3.027651
2.059805
2.053883
3.045915
2.064188
8.009469
5.024512
9.015261
2.065013
12.011846
7.006537
13.020438
2.039875
2.044898
5.009753
2.063339
21.013333
2.049673
16.048225
8.005345
10.016074
2.070720
3.016354
5.008469
3.015056
8.022871
20.009161
2.048145
2.065520
12.008149
8.028418
7.021670
6.039631
2.037896
3.034846
2.051037
3.004343
10.012719
24.006842
12.008529
8.039357
14.023096
2.042385
2.068085
3.011966
2.041691
2.044402
20.008528
2.015544
10.016820
6.009827
2.018328
9.009781
3.023405
2.051221
2.026291
6.016240
2.075854
9.009469
8.026810
2.054831
2.033653
21.023186
2.085570
4.008189
16.027211
7.007797
7.003712
2.021914
5.032293
19.039445
2.037704
13.000928
2.106222
2.085374
6.035657
5.028075
2.061072
17.008309
3.039001
2.019978
15.031231
6.005490
2.048348
2.060298
6.007903
2.045335
4.009049
21.007188
2.058274
12.008649
2.042349
15.027872
9.007935
9.030876
2.034245
4.008629
6.015261
2.035568
7.003812
8.031047
2.079526
3.008729
17.011293
13.007849
12.033175
9.030115
2.057088
2.072415
6.030147
2.032813
4.008229
9.017021
9.027341
10.002846
4.009529
6.022918
2.073178
4.008569
11.010999
2.062360
2.024272
12.029248
2.068106
6.033648
2.086476
4.008689
7.002740
2.054089
5.021816
2.087945
22.018894
9.013945
2.020682
6.008729
13.010753
2.046255
3.011525
13.004965
8.015649
2.062597
7.015410
2.048993
20.005316
2.058899
4.009429
3.025668
2.050997
2.064461
11.025653
2.013752
13.006597
2.044885
2.016828
4.012766
6.019053
2.080993
18.018579
2.100614
2.074663
12.007829
2.044526
7.022836
2.080999
2.023183
3.017477
12.011263
2.047789
4.009549
6.016487
12.020758
2.010253
2.077855
6.017040
2.042991
10.008575
2.073539
3.044099
7.047556
6.020499
2.075252
7.013165
6.019866
9.032098
2.030363
3.021584
2.040032
2.085237
11.022972
2.078704
9.008129
4.005085
6.028457
2.063437
6.026278
2.067985
20.007014
3.008949
4.008729
4.010803
16.048299
2.037361
11.011331
2.084868
6.024901
2.015428
7.012226
13.017166
2.043356
6.007649
2.078994
6.022437
20.015796
2.089639
6.012785
7.008449
11.010247
2.034846
7.016761
2.070387
2.074679
9.008269
2.055105
5.016422
8.009961
6.007597
6.009606
2.068853
11.011913
2.052520
6.009501
2.027183
3.023816
2.055511
2.059471
12.003812
2.049913
5.027147
6.056402
2.105190
2.025647
13.010221
2.066387
2.081262
3.008935
7.013763
2.086583
7.005285
8.007817
2.056192
4.000928
6.029838
2.069025
6.034702
2.073857
6.037400
2.065383
6.039135
2.077816
7.007969
2.086675
10.013363
2.088750
5.007929
17.011625
2.040672
2.021099
12.007694
2.069744
5.020382
15.014712
2.075936
20.020272
6.000928
2.072659
2.049387
27.003752
2.066782
10.040649
19.014851
2.030143
8.016090
11.008095
9.008521
5.042904
13.000928
10.028456
2.079726
10.008801
2.006603
4.012645
6.011165
9.013411
8.014449
17.002260
2.084469
5.033855
9.021510
2.029637
14.002560
2.038134
2.062134
5.029845
6.033608
2.034154
2.028465
16.021117
2.060123
7.007151
2.042890
5.026101
14.009913
2.022690
21.009693
2.045328
6.017233
9.013571
15.041001
2.046840
5.032487
7.009149
21.036057
2.066385
6.034582
19.013001
2.038155
7.008409
2.070160
8.008729
6.017860
2.070616
7.012829
13.048505
2.073017
21.033030
2.046213
11.009813
2.065728
6.030821
14.026795
15.005785
13.012399
2.068429
4.008469
11.005310
2.020013
22.020698
2.079492
5.020804
2.019632
11.009767
2.049597
17.010870
2.057967
10.040178
14.006708
10.008549
2.088459
10.033037
2.061399
3.028063
7.011685
2.037727
21.024555
24.042830
2.035330
7.012925
4.006476
2.082333
6.035699
2.056040
22.008409
2.028413
2.072797
16.036216
2.036655
11.020564
2.060822
6.036022
2.030115
4.010207
3.017108
13.007737
2.041099
3.000928
8.014969
2.071085
6.031682
2.044604
2.054098
16.056844
2.065390
6.020032
2.025674
26.011905
2.064702
6.033457
3.002870
10.012791
2.046623
3.033882
2.055520
2.084656
22.007043
9.006517
10.027276
2.074641
7.016881
6.023088
2.064654
11.009747
2.073839
6.031206
9.045423
2.042594
11.007089
2.038412
6.007935
9.029094
14.010167
2.060020
6.012623
2.054950
7.012991
2.048334
4.009249
2.016859
2.074168
2.030569
3.023803
2.022237
2.071449
16.016513
6.050002
2.040091
2.025173
18.008455
2.059956
2.062218
3.012451
5.014529
6.019406
2.042031
3.006856
2.033556
2.031421
12.005044
2.044987
5.027522
6.017389
7.008095
25.006853
2.030487
4.041780
10.015317
2.048055
12.011910
7.019445
2.062491
3.029519
8.008309
23.024176
2.026917
8.014530
2.033701
4.006703
14.009041
3.003110
5.006863
2.015488
8.010467
2.070984
2.083487
22.003952
2.033340
12.007989
2.082822
2.077263
6.009873
18.009229
9.008709
2.021630
2.071719
2.011931
7.011021
3.015062
7.008129
3.018298
2.077475
2.036173
3.006957
15.011069
6.030976
2.033965
14.006937
20.028874
2.019398
2.075723
2.023655
8.022682
18.009945
2.068618
6.015729
2.071636
18.008309
16.009687
2.054804
6.017697
2.069138
3.029299
2.083583
2.065690
11.016195
2.040976
4.008129
2.072283
2.055454
8.008729
6.035372
6.045303
2.027652
2.088071
11.029288
2.042297
8.024569
2.040188
2.028305
13.008101
2.041315
2.056848
4.008689
11.008947
2.038736
7.008709
2.082442
11.008069
2.068071
7.012785
2.033879
2.067070
15.008749
10.034403
6.016454
14.012612
2.087719
2.068214
8.021148
2.034299
2.055131
11.022466
2.069131
6.006563
2.064740
6.012951
2.056673
2.008149
8.050109
2.022063
6.013444
2.035951
6.011605
2.019270
6.054652
2.065270
7.013275
2.065677
11.006590
2.048341
10.009507
2.030012
8.019086
2.035460
2.026960
11.038333
20.008629
2.066758
10.027260
2.071954
3.008997
8.008269
2.078341
7.017081
2.069110
2.079890
9.009089
3.024416
2.085718
2.066760
16.036541
11.009189
19.018608
13.005198
2.067600
10.008051
2.030542
7.007689
2.061168
2.019266
4.016537
7.011871
2.069980
6.034788
9.022550
2.041818
3.060284
2.033080
2.075125
16.015988
18.009309
3.009349
7.014000
2.068926
12.013755
7.016561
2.040812
11.022309
2.071010
4.009109
10.005885
16.011948
13.025167
5.014644
23.029801
9.018652
2.024713
16.033521
6.035264
7.010006
2.072594
7.006296
2.048105
11.008221
2.054257
15.009993
6.007829
7.005570
2.032662
3.030083
13.010221
13.021577
2.069889
11.018569
2.041632
11.042892
10.005116
2.027859
7.058726
2.043342
2.049313
4.027663
6.017668
2.063122
7.007077
19.007769
18.036850
3.004183
4.008589
5.011079
8.008329
6.009501
2.069654
15.038144
2.043810
18.012025
2.078060
2.071895
3.016381
12.017700
10.035702
8.025741
9.031384
2.083576
7.008389
9.011505
2.043341
21.003712
2.055823
10.030977
19.020704
2.075971
6.046282
2.060235
3.010919
2.055179
2.051212
6.013057
2.026165
4.008381
6.014151
2.071346
4.016968
1.050893
18.006797
6.003712
2.028285
12.014597
20.008709
12.006848
2.051499
15.020070
2.061877
7.006937
2.029812
14.008369
10.019698
2.081604
4.007057
9.006977
2.014789
13.024279
6.025767
2.043690
2.056647
6.011711
2.040748
14.003833
6.026439
19.007623
2.074319
4.017036
2.017862
2.077575
11.012751
2.019232
6.005105
5.053483
2.039164
2.074771
8.003912
2.056072
2.074008
16.013417
2.060993
9.009753
2.045888
2.053317
3.016427
6.012877
19.042451
2.074941
3.003832
2.086699
2.034560
16.042842
9.038207
2.058215
18.013217
2.034266
2.031379
28.008155
2.082552
2.086847
7.009281
2.076231
12.003972
2.053577
2.068575
6.019418
7.007517
4.011733
12.007869
2.057347
9.007969
11.005690
2.067256
6.022923
13.034914
12.008609
13.030530
11.004072
5.028352
2.062694
6.016463
2.066840
4.008509
11.011145
14.037007
2.035100
7.008549
13.014475
2.069680
8.020088
2.095869
2.035201
6.034446
2.064610
6.018420
2.016774
9.019302
11.005450
2.069113
4.007447
6.024600
15.006737
18.033929
9.012631
6.011387
8.005324
2.028097
13.012609
4.009501
6.011079
10.008869
2.067721
6.017846
2.063343
15.022496
2.069321
4.014376
11.006563
2.049705
3.019726
2.028863
2.026165
16.012491
2.079108
3.022332
9.010333
2.030981
2.019092
6.032476
17.007102
7.005550
2.064010
1.021942
4.010067
2.065148
16.004132
2.047727
5.031225
14.017448
10.010934
2.071249
4.008729
10.050788
6.012317
2.067807
2.077239
6.015956
2.074679
6.036026
2.084062
8.027087
13.003772
2.064247
7.011493
8.007769
18.007422
2.072812
6.025142
2.015707
6.017155
15.003972
2.023260
8.008421
6.043205
2.056233
3.014103
2.075830
2.040656
21.038221
9.016043
2.079022
12.007769
2.064168
8.008889
3.039843
2.028644
2.022563
4.008789
10.003330
6.022017
2.077951
16.010941
11.007277
7.003792
2.066654
25.016023
10.008089
2.048713
5.021484
2.028705
7.006997
6.008089
2.019944
7.006537
10.031986
7.009009
11.029937
2.049523
10.000928
6.006657
6.008189
8.008841
2.103583
2.071886
7.006856
2.072654
20.040024
2.012997
6.028218
2.077471
3.009347
7.028325
2.025186
7.009501
2.030024
4.009069
10.051098
2.080893
11.020743
10.008209
2.022530
10.005651
2.053492
3.012751
2.034932
2.067519
6.044879
2.026385
6.017589
2.037792
5.011770
7.010483
2.049256
2.042070
6.031903
2.021004
6.036067
2.074842
17.007343
2.047522
7.020915
2.039394
16.010141
13.008449
18.007208
6.019026
2.068094
2.061122
3.015882
2.036267
2.041725
3.017182
2.062536
2.066200
16.013217
2.013972
4.009029
6.015249
2.045043
11.025381
2.066717
6.015275
2.055090
7.003652
2.061164
7.016801
2.059934
2.073838
4.005165
6.022728
2.071606
6.018059
2.030243
3.016801
2.049371
2.058653
11.023893
2.018260
9.008595
6.011339
2.039082
11.014204
2.030343
7.009249
11.008955
11.034471
2.039129
6.050739
12.007217
2.065138
2.066651
5.021818
10.008129
9.003792
2.040159
7.019066
7.023875
2.048023
8.007881
2.081246
2.050426
4.009109
8.017720
7.032963
9.048016
2.080829
8.031878
8.005545
10.006637
