3.001702
4.017262
3.040545
3.006697
25.023970
4.016329
4.010187
4.009580
4.014323
3.003612
3.005385
12.004118
3.019880
3.003652
6.007477
9.019720
3.020292
4.012177
4.005670
4.010471
11.010881
7.016056
3.006937
17.008735
7.011371
4.005750
4.008740
4.024195
3.006637
9.008015
3.007177
8.018426
2.032293
4.024242
4.008375
4.018146
4.013191
5.008981
3.003878
3.006817
18.019942
7.002280
3.011499
4.006580
4.022764
3.006937
21.006577
10.033129
5.007657
8.011565
2.097390
4.017633
4.015283
4.021616
3.011543
3.003380
8.014976
13.010345
5.007363
4.014455
2.074019
4.012511
4.035556
4.018566
4.020397
3.006677
8.009667
2.058547
3.009693
3.006617
2.007261
9.009867
2.032772
4.012145
3.006937
23.011270
13.009967
2.023845
3.005605
8.007217
27.000928
3.013231
3.005625
7.003972
18.007317
4.010607
5.012711
7.011691
4.014125
4.017101
3.004018
9.009787
5.012643
4.027553
4.007123
4.031330
3.006417
2.006997
2.079294
4.014324
3.006577
2.010167
7.027780
4.012098
3.007017
2.011439
7.012177
3.007077
7.006217
2.070560
3.006657
8.003932
19.008755
3.013231
7.018659
4.005636
4.014783
4.018865
4.005542
4.040959
3.006557
13.005991
3.006823
7.005090
4.016448
4.011159
4.026639
4.038940
4.017032
3.007669
2.017737
4.014692
4.017135
7.009200
4.012043
3.006357
3.007057
3.011379
7.015382
4.010387
4.019770
3.006717
7.006743
3.005105
3.007009
4.009972
3.007037
11.016362
3.035417
3.007057
6.017814
3.030293
4.018720
3.002220
2.007343
2.039994
10.017232
3.010127
4.020472
4.009787
4.018540
4.013435
4.013077
4.036287
4.003778
3.006677
3.009881
6.033561
4.006917
4.006563
3.007057
6.009747
3.013143
4.021930
4.003704
4.018702
4.010373
4.012885
4.007323
4.007263
3.005245
3.008235
3.006923
7.014736
4.006783
4.016823
4.006963
3.006277
6.008569
7.012731
11.016602
19.003652
3.007323
4.014203
3.007097
21.015295
10.021234
3.010293
3.013523
3.003632
2.003672
3.005974
3.021930
3.003592
16.005405
3.011345
3.003572
6.002740
3.009967
3.003852
6.000928
3.007163
3.003912
7.004052
2.105860
3.004092
7.009801
10.005690
3.013365
2.115714
3.011423
8.017071
3.011577
2.100852
3.005425
16.009241
3.010959
4.024635
4.006803
4.013683
4.021413
3.006457
3.015455
6.020250
3.006597
3.012831
3.009807
7.007462
4.022980
3.006557
6.000928
5.007222
7.014091
4.009567
4.019352
3.006717
2.028661
5.007197
3.013937
7.017448
3.006657
16.013669
3.009607
3.007017
21.005165
3.010639
4.012631
3.012183
7.006943
4.025393
13.002340
3.005990
3.006317
6.007457
9.000928
3.012731
4.012131
4.015222
4.029246
4.014004
4.031102
3.006717
2.025840
3.006437
3.020604
4.005490
3.006817
13.005805
2.015485
3.008361
5.004563
3.006823
3.003792
8.010007
7.004283
3.007462
3.006617
2.014755
7.006982
3.006817
8.010047
11.033597
4.022660
4.012583
3.006557
12.009547
7.029710
31.000928
7.026054
4.007003
3.006697
3.011279
7.000928
3.015748
4.012877
4.006563
4.011179
4.027106
4.029326
4.026286
3.006637
7.010027
7.023256
4.051614
4.038043
4.005390
3.006597
7.017628
2.037597
3.006817
18.005127
3.010441
7.011259
4.009627
4.007282
4.007103
4.039661
3.008895
2.009679
3.004845
3.013023
4.016594
4.011539
4.018592
4.013770
4.006969
3.005045
8.011299
3.022992
2.032996
4.012849
4.008095
4.012537
3.006297
5.039297
3.011439
6.017536
14.000928
3.013289
4.019597
3.006997
2.011079
7.019466
4.015161
3.006637
13.006777
12.007357
10.008001
19.006997
7.022637
4.010207
4.014497
4.015929
4.005230
4.044985
4.008055
4.010307
4.005270
3.006437
3.015075
3.009547
2.023797
3.006757
12.052156
11.007357
3.009947
6.009867
4.023452
3.006543
6.006983
3.016095
4.012302
4.012171
4.012817
3.006957
3.005005
3.015168
7.012457
4.008873
4.023362
4.013990
3.006877
4.006877
16.005565
3.015776
4.018206
3.006857
7.009467
7.009787
4.010899
4.005250
3.006817
16.014997
3.010341
3.006717
3.006923
6.019464
9.029751
3.006937
3.013843
3.013745
12.016028
4.022512
4.044192
3.007317
12.007875
17.026830
16.009087
15.012678
12.015119
3.015043
3.006697
8.010647
3.009887
7.008253
4.012259
4.022456
4.021396
4.008675
4.008435
4.020978
4.008101
4.011679
3.006457
16.006677
3.009989
4.010719
4.011419
4.012597
4.011325
4.011457
4.008635
4.009421
4.012971
3.003732
2.005450
5.009367
6.023822
4.007915
4.011385
4.049366
3.006157
3.008255
7.000928
3.008135
4.008681
3.003692
12.021035
8.008859
15.002286
2.024767
3.008635
17.020732
13.017814
3.006763
4.009427
3.006897
12.006523
3.007177
3.009307
4.012551
3.006497
5.015407
4.005670
4.009907
4.035320
4.020301
3.003772
18.008255
2.021628
3.012671
3.006437
3.013764
3.006717
7.015867
4.017203
4.013815
4.009507
3.006897
9.007317
15.022829
4.011659
4.010213
4.014804
4.017978
3.006577
3.009953
6.016794
4.009407
4.011519
4.007142
4.011665
4.007063
3.006257
13.007197
6.033079
4.046699
4.014902
4.006523
4.023792
4.013223
3.006297
2.010193
5.012231
3.007283
7.013029
4.019480
3.003532
4.004991
6.012481
3.019051
3.006417
6.011330
3.009687
4.007249
3.006637
3.008035
6.031227
4.014363
4.014978
3.006497
2.017048
7.008679
4.011931
4.007243
4.024070
4.012831
3.006663
4.013303
4.010367
13.010533
6.015167
4.009799
4.009713
4.007954
3.006677
6.007357
10.013217
2.099844
3.006377
2.012073
5.006683
7.000928
3.016868
3.006337
6.008169
6.012911
3.006803
7.018346
4.011159
3.006637
12.005831
3.006297
3.011479
4.038779
4.009679
4.008537
3.003952
11.016902
3.012997
3.006317
17.015662
5.012051
12.000928
3.008360
4.007283
4.013397
4.012129
4.012737
3.006557
3.007715
7.002700
3.017060
6.010227
7.013177
4.002220
4.009907
3.006957
21.002300
3.006982
4.011065
4.008255
3.006897
7.026341
12.016273
4.014395
4.025889
3.005345
8.011619
3.010267
3.003972
3.040608
4.019077
3.006397
37.005390
3.005965
3.008055
3.005505
7.005045
3.005265
3.014583
3.005345
2.006343
23.000928
3.008149
3.005485
2.006617
7.007402
4.046360
3.006337
3.016467
8.009447
7.011519
4.002220
4.005670
3.006917
8.003552
8.009657
7.008295
4.006090
4.014311
4.008395
4.030196
4.008335
3.006877
3.018771
4.006917
8.011559
7.007543
3.004012
2.006977
17.012637
4.011559
4.016731
3.007017
11.007457
3.006883
4.026296
4.009847
4.018158
4.015934
7.009927
3.013985
3.006877
3.045367
3.011843
5.032547
4.010773
4.018938
3.006557
6.018816
11.006523
3.007383
7.015961
4.011305
4.010719
3.003832
3.012211
3.009787
2.029451
4.006462
4.006723
3.007017
3.007397
8.006883
2.109668
4.012831
3.006697
2.011285
7.004058
4.015696
3.011323
7.004253
6.004632
3.006757
6.026453
3.006937
2.008315
15.012115
3.004084
2.039128
3.006997
9.005165
26.006897
3.030097
4.013437
3.006537
6.036445
5.014856
7.011221
4.012139
4.012411
4.018511
4.007283
4.006983
3.007017
12.012635
7.011479
4.009061
4.008895
3.007057
10.032377
7.015276
3.011619
7.007102
4.009927
4.018068
3.006563
6.012130
3.022490
4.014669
4.011225
3.003912
8.006997
20.008249
2.008909
2.091717
4.008535
3.006217
2.011739
7.012691
3.006877
20.027241
3.006717
21.009339
11.004093
8.006717
7.016254
4.008595
4.015601
4.006882
3.006217
12.007949
8.009260
3.013331
4.029355
4.014123
3.006637
2.011865
8.005205
3.007003
3.007037
6.005145
3.026947
4.011139
4.013197
4.021132
3.007157
6.007037
9.000928
3.015495
3.007037
12.003632
2.019939
3.006677
5.012997
4.011759
4.013843
3.007157
7.006603
2.105571
3.006697
11.026259
3.021358
3.006297
2.011059
2.024990
7.006803
3.004618
2.034437
3.006383
6.012271
3.007043
4.009927
4.009587
3.006957
15.015237
3.011059
3.007137
4.007337
8.009801
18.005185
3.009101
4.013111
3.006657
22.004158
2.035190
4.014377
4.019664
4.013923
4.015756
3.006477
6.005685
3.006908
4.008521
4.021088
4.011519
4.007103
4.020091
4.010563
4.013691
4.017848
4.014169
4.015224
3.006617
3.013271
3.010207
7.030041
3.007117
9.011370
3.011601
18.006817
7.022387
4.009579
3.005245
13.014323
6.033035
3.006977
18.006423
3.010147
2.076282
4.017987
4.011319
4.016848
4.008475
4.012757
4.013293
4.016920
6.008255
7.028657
4.025952
3.006917
2.004092
7.011179
3.005385
16.010447
3.011805
3.006319
2.010933
5.005185
2.016047
3.026855
3.008895
2.011399
7.018169
4.012171
4.012231
3.006357
11.019123
3.031677
4.011331
3.006837
2.010187
7.011091
4.012671
4.024306
3.007017
7.006743
7.021184
3.006417
2.026415
7.005342
4.007123
4.019992
4.006010
4.009867
4.021862
4.008121
3.004905
17.012941
2.025098
3.003632
12.009987
3.006757
3.014209
3.006397
18.018516
3.005425
2.044330
3.004945
10.046588
4.011179
3.006697
12.012851
3.006537
3.015236
3.006817
2.007523
5.012791
6.020584
4.024368
3.006757
6.008429
3.012851
4.007768
4.013544
4.006903
4.027259
3.006977
3.010787
3.012965
7.008201
4.033155
4.018586
4.021098
4.005570
3.006937
4.007077
3.013683
6.021846
4.011271
4.005770
4.011245
4.018564
3.003792
8.010611
12.005405
3.010239
4.011165
4.014310
4.025833
4.005191
4.006949
4.018729
3.007705
17.000928
3.006757
3.014284
3.006717
7.009647
7.027332
4.006862
4.033474
3.012303
7.007003
7.009898
3.006637
6.007397
5.013543
7.010427
3.006697
6.009627
3.011631
4.005790
4.006603
3.006657
11.012010
9.000928
3.012251
4.012847
4.010207
4.014937
3.005565
13.007463
3.010359
13.000928
3.023282
4.013983
4.011199
3.006397
3.009207
2.005771
3.011791
4.011719
4.029504
3.006577
15.005170
4.007343
4.006289
4.012667
4.023609
4.010945
4.013597
4.006829
4.011239
4.011119
3.007017
3.015395
7.018246
3.008415
4.003738
4.010167
3.007277
14.015156
9.011579
4.007655
7.012105
7.007002
4.012735
3.027941
2.005736
7.007343
3.006757
5.022899
4.017074
4.006842
3.003832
11.000928
3.011453
3.006697
9.011659
11.007037
29.006737
3.010227
4.046914
3.006897
7.003532
5.006497
4.013131
7.007283
3.039862
3.012303
7.012605
7.028079
3.007197
6.006963
3.017494
4.017847
4.024454
4.027419
4.017228
3.006877
16.005225
3.006822
3.006797
7.010047
5.008489
11.039827
3.006917
3.006877
8.015688
10.010007
6.012053
4.007223
4.018100
4.010759
3.006637
20.023329
3.006417
11.007097
