108.004523
8.038409
4.029143
4.008513
9.037025
4.012471
14.015335
4.023036
9.024780
9.039244
4.034385
9.016887
4.019246
14.028857
17.004503
6.025738
4.029803
4.025143
24.034904
4.026041
14.005730
4.005110
4.024766
9.020318
9.034961
19.006323
4.015687
9.019612
10.019216
3.055996
4.021230
9.032073
24.019824
4.015221
9.040956
4.038987
6.009807
2.070940
4.014909
6.039502
2.070560
9.008441
4.015162
7.004183
6.059329
4.045933
9.021378
7.012271
6.006522
4.027299
4.025958
4.039493
9.031774
9.043305
4.026264
19.033100
4.014977
4.009953
29.020543
4.013949
9.037102
24.031356
9.007975
4.044339
4.034923
9.013989
4.008355
14.023940
4.047349
16.004543
2.074228
9.028713
4.024404
4.029671
9.023440
9.005370
9.027859
4.029367
19.019783
9.035111
4.040563
14.031867
4.028671
24.008435
10.006625
18.048193
9.049000
4.034793
6.012951
2.057939
9.013603
6.015349
12.025612
4.023648
9.013949
4.035173
6.033197
7.012661
94.034568
4.024986
15.014867
8.059478
9.019684
4.026387
4.036346
9.027577
14.018106
4.039313
4.008741
9.029108
14.035715
4.020819
14.011611
4.016653
4.017594
9.037885
14.036253
5.004773
13.031721
4.012983
4.032421
9.039988
4.036883
4.017612
9.028380
4.031789
6.015110
8.004523
3.032791
4.009147
4.011037
4.006422
4.044760
4.048556
4.023282
14.030430
9.025750
4.030059
19.025064
4.023747
4.039550
4.044370
25.004203
3.011265
4.010105
4.029479
4.029451
9.030625
6.019426
7.040269
4.021026
9.012231
9.020336
16.023349
2.092210
24.034394
19.017545
4.026393
9.012259
4.048262
9.027384
4.024270
9.040079
4.029163
5.037727
5.010493
2.052933
19.017139
19.026812
14.020649
9.046332
4.016753
14.018165
14.014283
9.046755
4.010965
9.014565
9.019572
4.024526
14.017934
9.023568
4.043481
4.039115
4.038403
4.049566
9.026652
4.024652
14.021829
4.044231
9.028423
4.015752
4.011514
14.050467
5.006094
8.031219
9.033893
24.050537
9.018106
9.034266
4.009865
19.039167
4.015489
4.026985
4.016480
16.025207
2.030582
19.047078
4.013403
14.010899
100.005575
3.015153
9.060794
19.010499
4.034888
4.039687
4.042912
9.035746
9.020246
14.034313
9.037182
9.038716
19.026904
4.024202
4.009747
4.038820
19.023869
4.005216
4.023274
14.028008
4.023608
9.008255
4.026152
4.025192
24.033175
10.012005
104.004443
3.008627
6.020576
12.045730
4.024154
9.015495
9.059127
15.007489
18.010979
9.013929
14.017639
9.018932
4.029915
9.012739
9.019381
5.021858
9.015670
3.034286
9.032989
4.041888
4.047528
9.036367
14.027513
9.024140
9.017228
15.004143
3.023024
4.010805
4.017488
9.049401
4.031798
4.019928
4.025992
15.019249
8.016199
4.021762
4.019792
9.040103
4.028459
14.025498
9.036318
19.023563
19.024807
4.018366
9.046957
9.048076
4.027425
9.006843
4.034843
9.024934
4.040832
4.033548
4.042870
10.013627
3.041752
4.009427
24.041351
4.035752
10.023569
3.045519
4.005370
4.020590
4.038704
4.005550
4.026320
9.014879
9.028711
4.038210
9.013297
4.026425
4.031380
10.013795
4.004303
3.017292
14.033841
4.016087
4.040305
19.027525
4.039070
14.022049
9.038541
4.029620
9.028977
14.021110
4.026284
9.007043
4.038641
4.016639
14.025324
4.021650
4.037491
4.035693
9.025792
9.023880
4.034019
10.013777
3.012571
4.025816
11.044232
2.103567
14.052894
4.034030
4.009527
4.020976
11.020198
7.046532
9.029698
4.022342
4.044965
14.022862
4.019896
9.021024
4.040344
9.016662
4.029057
10.072097
3.039068
4.017399
15.014141
3.024641
4.019366
9.016847
4.012535
19.011531
4.025148
9.024442
4.012411
4.022690
4.048801
14.009647
4.021035
4.011585
4.040991
11.004663
2.083784
9.026606
4.040978
9.025227
4.025467
4.028057
4.033893
4.023342
9.041890
14.017481
4.009493
9.040745
19.019286
4.048073
9.032277
5.005176
8.035295
4.033027
9.029345
4.032495
9.056375
19.044085
14.026558
4.029431
5.025872
18.014454
24.016436
4.030189
15.015401
8.031119
19.012511
5.010820
8.033623
9.038880
4.034059
9.010951
9.030197
4.031363
4.013709
29.020448
4.035554
14.039865
4.039060
9.011139
4.023401
20.006516
3.031547
9.049889
4.028418
4.043157
10.004323
3.043265
9.037724
4.021882
9.036489
4.018712
4.035257
9.063149
4.041472
4.008275
9.005250
4.034161
19.003638
4.034741
9.022116
9.040422
4.025727
19.013677
4.037746
6.030394
2.070004
9.021229
4.025258
4.019170
25.010055
3.027136
9.019492
4.009473
9.040025
4.021064
9.011809
4.006423
4.019238
19.053674
9.031249
14.011291
19.050128
9.045085
4.006734
11.036547
7.030773
4.046728
9.014929
9.024374
89.022346
4.017720
9.022562
4.027940
19.025263
14.023346
9.013543
9.010298
4.054494
4.012671
4.032187
4.041206
4.051148
14.015067
4.030911
9.014095
4.006548
4.049523
4.028770
85.004343
3.009327
9.032691
4.022248
9.035429
4.046321
4.025467
20.011785
3.035083
9.008100
21.006461
17.016741
4.048885
7.004463
8.006976
2.092652
4.018291
4.025280
4.040041
4.062157
14.029217
9.038043
19.036533
9.014796
4.042329
6.023349
2.059256
4.030360
14.022670
5.024097
13.027209
9.021842
4.008001
4.026991
9.029668
16.011053
7.044676
4.012571
9.005050
4.023946
9.034569
9.029383
14.023338
101.004143
2.038230
4.024032
14.039201
4.031263
4.005110
24.008621
4.044308
9.024944
4.015067
14.027828
9.012437
4.022268
19.024082
4.028083
4.023240
6.040401
2.090554
10.014841
9.012181
8.019692
9.016816
4.022450
4.027969
9.038510
9.052946
4.019738
4.018764
9.022582
24.036631
4.035855
6.030163
7.026719
9.054508
16.020232
17.039760
4.009787
4.033707
9.033011
4.021864
9.019972
6.004643
7.045684
4.024866
4.019192
4.018838
9.024632
9.018266
14.028024
9.022517
5.005934
8.010725
4.027771
14.034943
9.023188
14.018220
99.042006
4.025179
14.038749
4.019338
14.026340
9.011271
9.020876
9.045580
4.024316
9.012124
4.029002
4.009765
9.032513
9.030929
115.004323
3.006788
9.015196
9.047463
4.003558
14.042244
4.036292
14.032662
4.022286
14.044598
14.042889
14.027899
10.004603
3.017433
14.045527
4.039201
19.023802
4.044391
14.021350
9.019686
24.021922
4.034564
9.018026
4.024520
6.004443
2.113306
9.013057
4.022891
9.013475
14.011573
4.029689
24.042947
14.040942
9.030403
4.008635
9.053557
4.043642
6.004283
2.062967
9.030587
4.022874
4.036915
14.016028
4.034313
4.028334
9.034543
4.034285
9.014727
10.048056
3.030139
6.012045
7.020198
4.017891
9.013629
110.010841
3.009633
14.012051
4.010799
16.006783
12.042370
4.033560
19.030977
9.061513
4.028090
11.037813
7.033712
4.035391
6.038661
102.035433
9.026575
25.009001
3.031082
6.033202
12.026705
20.011001
13.034285
9.011133
4.025438
14.007477
4.025447
9.021530
9.024133
4.026153
4.009573
4.057232
14.041881
14.057637
4.026258
4.026012
9.026220
4.024813
10.037004
4.004662
18.018419
6.037278
7.025887
4.008366
4.039264
4.016620
