108.004343
3.036567
4.038568
9.044497
4.012771
4.015456
4.019508
4.013843
4.019200
9.015661
6.028750
7.014003
4.026880
4.007908
4.042976
4.021370
4.010725
4.036135
4.027980
4.023062
4.028505
4.040137
5.004623
3.016728
15.013075
3.041584
4.036975
4.045235
4.028220
4.010898
4.008355
4.029139
4.017527
4.016554
4.035341
4.046768
4.012711
4.009533
4.050505
4.019510
4.012817
4.042041
4.032424
4.027894
4.019737
3.008649
3.009901
17.021123
3.021650
4.014643
4.013609
4.011146
4.040862
4.014443
4.025134
4.030226
4.031655
4.028997
4.016642
4.029466
4.034131
4.006809
4.028398
4.023297
4.021690
4.016041
4.022028
4.020052
5.004563
3.032075
4.027765
4.017445
4.026637
4.044647
4.034232
4.012883
4.019632
4.015940
4.030785
4.026813
4.029705
4.012591
4.017754
4.019692
4.021131
4.041610
4.011459
4.011219
4.015241
4.037261
4.027958
4.009307
4.024570
5.004503
3.019493
4.017640
4.045217
4.010597
4.019566
9.018380
4.017946
4.026088
4.047835
4.015935
4.026772
4.040748
4.013915
4.023786
4.020432
4.040645
4.024656
4.008435
4.039391
4.014003
4.041638
4.038604
4.022956
4.015651
4.008315
4.032601
4.012015
2.057835
3.010913
7.009567
9.039062
4.043748
4.039764
4.015376
4.011379
4.014922
4.013551
4.014423
4.015875
4.020964
4.039791
4.007262
4.035888
4.019192
4.015435
4.021918
4.032420
4.041240
4.047192
4.019946
4.054512
4.008195
4.039694
4.032832
4.023100
4.006803
4.023514
4.015022
4.038072
4.022410
4.012331
4.009507
4.016472
19.026898
4.026013
4.038958
4.035981
4.048123
4.017309
4.026979
4.027954
4.046425
4.034768
4.045876
4.023558
4.035672
4.024462
4.024544
4.032574
4.017487
4.017693
4.009833
4.018180
4.011059
4.022582
9.023608
4.026156
4.033903
4.030177
4.037128
4.033225
4.041330
4.010227
4.008001
4.008675
4.041510
4.035001
4.005290
4.046285
4.015836
4.025081
4.013823
4.012337
4.016627
4.024668
4.043137
4.017334
4.044138
4.015255
4.010819
4.012511
4.020413
9.024121
4.024176
4.029714
4.031338
4.015341
4.056348
4.027319
4.014858
4.037871
4.027643
4.023028
4.018547
4.005170
4.020352
4.024494
4.019652
4.022540
4.023102
4.029497
4.011071
4.023216
4.023402
4.022446
4.022362
4.048070
4.005330
4.029204
3.009049
15.009707
4.032855
4.012451
4.046940
4.009713
4.009987
4.020764
9.021464
4.014249
4.018566
4.023177
4.048107
4.049360
4.011365
4.040943
4.026177
4.024901
4.033121
4.008195
4.013571
4.005870
4.019012
4.036135
4.016059
4.047706
4.028750
2.012386
6.042263
4.040126
4.019812
4.038858
4.005871
4.031748
4.031078
4.020364
4.030346
4.023602
4.020384
4.025227
4.039338
4.028852
4.057398
4.016268
4.019532
4.015635
5.004483
3.020118
16.011890
2.041652
4.006823
4.026814
4.015596
4.012471
4.038423
4.038528
4.014083
4.012751
4.033520
4.020348
4.008115
4.035877
4.027139
4.021483
4.018358
4.024240
4.006709
4.041748
4.018686
5.004123
3.045781
4.024754
4.005451
4.035885
4.005270
4.024593
4.033435
4.024481
4.022855
4.020931
4.019632
4.012531
9.016227
4.042842
4.034432
4.028800
4.011153
4.023997
4.031286
4.028079
4.016719
4.028325
4.020954
6.004163
7.022124
4.030458
4.019747
4.033501
4.031645
4.024472
4.041333
4.027329
4.005531
4.016933
4.025168
4.027687
4.025228
4.008194
4.036076
4.029927
4.015721
4.044342
4.033242
4.029320
4.008022
4.041383
4.012531
5.004523
3.027819
4.025430
4.032734
4.011685
4.024003
4.024122
4.028342
4.029367
4.023516
4.007775
4.040523
4.012843
4.016513
4.003784
4.040822
4.018333
4.019466
4.048665
4.011059
4.018905
4.030198
4.032847
4.026760
4.032620
5.014517
3.026263
7.011950
3.022350
5.008729
6.019072
4.039229
4.021916
4.034348
4.024694
4.054699
4.023048
4.036984
4.027949
4.028520
4.015939
4.046365
4.036656
4.046706
4.009527
4.031378
4.026241
4.025224
4.044023
5.004203
3.006869
4.015043
4.026444
4.030832
4.041893
4.029120
9.008241
4.033978
4.008094
4.044257
4.046353
4.033812
4.024268
4.050353
4.035721
4.014949
4.009973
4.018160
4.010944
4.027145
4.006982
4.005170
4.027410
5.013381
3.013465
4.031653
4.014583
4.026039
4.008295
4.008035
4.026955
4.024538
4.031546
4.042669
4.013023
4.025307
4.016534
4.033562
4.026168
4.043156
4.036255
4.024474
4.016528
4.017614
4.003598
4.038187
4.038638
4.015396
5.004523
3.028606
4.041806
4.031291
4.044521
4.025620
4.022505
4.021089
4.029428
4.020590
4.006689
4.028178
4.009487
4.045724
4.018479
4.016540
4.054945
4.040258
4.021603
4.016748
4.017016
4.004966
4.019892
4.005382
4.038683
4.010517
5.014954
6.011091
7.000928
3.029199
4.033613
4.044385
4.005450
4.019078
4.005197
4.025241
4.025825
4.026780
4.008395
4.024716
4.005356
4.030491
4.022032
9.027863
4.025819
4.016489
2.010733
6.025515
4.020198
4.031008
4.021343
4.040037
4.031544
4.035254
4.038430
4.023980
4.009487
4.025086
4.043497
4.022934
4.045132
4.027674
4.012511
4.045010
4.034396
4.023516
4.037368
4.019452
4.024842
4.017417
4.017715
4.033570
4.019186
4.041908
4.014063
4.034905
4.027229
4.047549
4.027602
4.040673
4.012451
4.024151
4.005231
4.008515
4.039728
4.016167
4.022276
4.009927
4.006909
4.016886
4.026493
4.009566
4.005050
4.024494
4.011339
4.029614
4.019505
4.017207
4.025410
4.038924
4.008395
4.035640
4.013823
4.022818
4.022786
4.018159
4.041105
4.038381
4.013903
4.023209
4.017168
4.010345
4.015796
4.027926
4.040050
4.044888
4.027274
4.006722
4.021219
4.024867
4.020496
4.026995
4.050388
4.043139
4.043650
4.015425
9.042898
4.021319
4.014957
4.006763
4.033770
4.013963
4.033943
4.034571
4.022242
4.022888
4.044514
4.041980
4.028910
4.044911
4.031432
4.024069
4.017348
4.020272
4.008015
4.021996
4.008435
4.003838
4.042445
4.014523
4.031772
4.020751
4.016788
4.017477
4.022657
4.022217
4.019925
4.033678
4.024954
4.044798
4.016762
4.022582
4.028079
4.020770
4.032665
9.029294
4.031484
4.040764
5.004343
3.046584
4.008054
4.014144
4.005691
4.027128
4.040004
4.025940
4.027429
4.035466
4.008915
4.006883
4.013311
4.016928
4.015516
4.045239
4.005590
4.030996
4.033887
4.027835
4.047572
4.018440
4.009847
4.026346
4.042653
5.005915
3.018319
4.027877
4.030451
4.015175
4.036207
4.013943
4.024300
4.043953
9.036165
4.011153
4.009393
4.012039
4.047536
4.016667
4.031464
4.021664
15.015943
3.024750
3.008789
17.004583
7.025076
4.038501
4.009187
4.040623
4.022638
4.034264
4.015235
4.016609
4.021483
4.026594
4.008221
4.037927
4.046196
4.005370
4.029258
4.025100
4.024216
4.030545
4.019540
4.031193
4.023704
4.013843
4.039021
5.004123
3.034285
4.031863
4.015861
4.011845
4.029462
4.039810
4.025345
4.027072
4.024894
4.016961
4.032871
4.020598
4.032653
4.031203
4.026700
4.037543
4.032673
4.016507
4.035115
4.013309
14.020840
4.036004
5.004443
3.039011
4.009607
4.027778
4.009653
4.040759
4.021340
4.009813
4.042414
4.011339
4.025255
4.028991
4.036217
4.025480
4.025871
4.011305
4.030538
4.016322
4.026474
4.015141
2.006025
18.003572
8.004503
3.033348
4.038026
4.019512
4.044378
4.011031
4.015642
4.019632
4.021896
4.013870
4.008015
4.037954
4.022016
4.015076
4.048271
4.039337
4.017165
4.026680
4.023314
4.033581
4.019620
4.038711
4.034475
4.034124
4.032157
5.004503
3.008234
4.008486
4.019977
4.025324
6.030809
7.026481
4.036028
4.024268
4.035514
4.015342
4.037713
4.013924
4.011725
4.033591
4.019285
4.041465
4.012319
4.021077
4.011819
4.032773
4.012531
4.036834
4.026671
5.004563
3.031961
4.034211
4.010885
2.019388
16.034561
4.025811
4.009447
4.015176
4.021184
4.024224
4.038685
4.025661
4.017159
4.035622
4.017820
4.024788
4.045015
4.026786
4.014758
4.009987
4.019840
4.007835
5.004663
3.005457
4.040988
4.015855
4.020704
4.024284
4.020690
4.019071
4.039154
4.026460
4.019132
4.023282
4.030033
4.006663
4.019395
4.019326
4.014244
4.030255
2.022642
6.032517
4.030545
4.008575
4.039971
4.021380
4.040415
5.004523
3.033039
4.028581
4.015155
4.012351
4.006969
4.021504
4.023236
4.027230
4.011099
4.025966
4.038770
4.027271
4.008560
4.029126
4.012638
4.037516
4.031853
4.028320
4.026037
4.019751
4.027732
4.038471
4.014675
4.014089
5.004403
3.012791
4.028311
9.019918
4.017940
4.034072
4.023939
4.009467
4.035658
4.036852
4.019752
4.027733
4.026944
4.036099
4.015435
4.015315
4.017920
4.039177
4.005636
4.013191
4.036046
4.016992
4.039585
4.007328
5.004183
3.008095
4.008321
4.033635
4.012497
4.031022
4.017514
4.030761
4.012871
4.023814
4.023174
4.016060
4.017787
4.025221
4.040784
4.036296
4.040979
4.023048
4.028770
4.008415
4.010617
4.028908
4.010859
4.006583
4.025762
4.015508
4.015295
9.022742
4.022588
4.044327
4.034556
4.018500
4.023597
4.019012
4.039486
4.025830
4.020924
4.011199
4.030416
4.020090
4.030788
4.032337
4.038302
4.028217
4.017526
4.024436
9.057640
4.014552
4.038597
9.027993
4.036235
4.008201
4.027682
4.045503
4.019333
4.013889
4.021873
4.021004
4.026873
4.026142
4.015135
4.033441
4.049211
4.020864
4.032836
4.044801
4.006708
4.044976
4.040144
4.024235
4.042215
4.018426
4.023708
4.022262
4.027841
4.026158
4.014873
4.010965
4.018439
4.020998
4.029754
4.028402
4.008401
4.007209
4.024056
4.013409
4.027246
4.036984
2.047258
6.008117
4.037973
4.016548
4.035202
4.042757
4.022883
4.021486
4.011125
4.008607
4.019117
4.018979
4.034920
4.029544
4.011139
4.007023
4.024987
4.040243
4.028565
4.037723
4.017548
4.040314
4.021380
4.022802
4.035418
4.031263
4.014043
4.009587
4.007256
4.028258
4.031619
4.019040
5.004663
8.032312
4.026661
4.042822
4.021684
4.035890
4.025294
4.016376
4.011685
4.022896
4.021188
4.018870
4.019386
4.023809
4.028418
4.044612
4.020790
4.023296
4.013643
4.037703
4.013510
4.027892
4.025391
4.013943
5.004523
3.019612
4.028122
4.037267
4.038279
4.037887
4.013923
4.037869
9.018739
4.038197
4.008135
4.033192
4.014649
4.041417
4.019340
4.039082
4.044338
4.005310
4.009927
4.034654
4.025408
4.031419
4.033051
4.046363
5.004423
3.039988
4.005151
4.015335
4.036311
4.026870
4.022895
4.023972
4.012737
4.016714
4.026555
4.017294
4.035460
4.014095
4.038129
4.042931
4.032302
4.015302
4.036672
4.034684
2.016168
2.065439
8.009135
4.039575
4.018946
5.004523
3.052955
4.012759
4.012591
4.024275
4.027440
4.036462
2.015672
11.054718
4.036411
4.025100
4.035074
4.038413
4.057460
4.020296
4.021018
4.012511
4.008355
4.035649
4.015235
4.024907
4.020937
4.022702
4.009407
5.004323
3.015592
4.048719
4.006922
4.037386
4.011519
4.039213
4.028040
4.042508
4.020092
4.014835
4.027252
4.020088
4.021455
4.024221
4.023991
4.048172
4.036640
4.016919
4.005256
4.018480
4.026800
4.033592
4.005770
4.030207
5.004103
3.017646
4.015527
4.015467
4.012851
4.030224
4.043041
