4.018163
3.006997
3.025240
3.007357
8.000928
7.007057
3.023162
3.006897
26.006696
3.034922
3.006957
5.014889
6.008709
3.006817
3.023596
3.007177
5.023728
3.007097
4.000928
7.003973
7.018829
3.006617
4.000928
2.006957
7.009767
3.006957
2.008089
3.007237
3.019646
3.007217
7.007057
3.006936
3.020357
3.007237
4.000928
4.000928
5.009867
3.006897
7.012805
3.006557
3.028264
3.007337
5.023062
3.007217
2.006630
8.009999
3.016295
3.006797
2.008249
6.007197
4.006757
8.000928
3.007157
3.007097
3.019145
3.006837
5.020749
3.006737
4.000928
7.007277
7.014643
3.006657
4.006437
25.027619
3.006457
15.011619
3.006737
4.000928
2.010647
12.009627
3.007217
8.006837
4.007217
4.007057
3.006837
3.004925
3.015123
3.006857
5.022017
9.008754
9.015647
3.006857
9.009645
6.004462
5.006915
8.005124
3.014175
3.006997
5.010839
3.006497
2.008809
11.000928
4.000928
10.013983
3.007057
5.003918
3.006817
2.006557
3.006797
3.014703
3.006417
5.021146
3.007337
5.028566
3.011930
4.007397
3.007017
8.000928
3.009441
3.014741
3.007677
5.019877
3.007097
4.000928
7.006997
3.005204
3.020011
3.006457
7.006977
3.007237
3.025328
3.007457
4.008589
4.005345
4.000928
11.007357
3.021172
3.006005
4.000928
3.006408
3.026394
3.005651
3.032128
3.007613
7.006637
3.008514
3.016553
3.007177
5.003778
3.006737
16.006477
3.023902
3.006777
5.012304
3.006877
5.018119
3.006717
4.000928
9.006577
5.006588
6.011170
7.009086
4.012229
13.012339
10.013123
9.013309
3.006757
2.006857
3.007097
3.024934
3.007057
2.008135
5.000928
6.008281
3.006957
5.023375
3.006997
5.009813
3.006997
2.008315
3.006217
3.024002
3.009970
2.008161
3.006817
3.013945
5.004132
8.003206
3.008939
4.000928
9.000928
4.006997
5.006683
3.005005
14.003632
9.000928
5.005716
3.006937
8.000928
5.000928
9.006897
12.005324
3.004971
3.017447
3.008839
2.006597
8.000928
3.024988
3.007337
9.000928
15.024481
3.007297
5.029456
3.007577
5.020744
3.006837
4.000928
4.000928
2.007597
6.000928
4.007737
2.010870
7.005730
3.007017
4.007457
5.017266
3.009290
4.000928
4.000928
3.006837
3.006977
3.006917
3.014749
3.007097
31.006797
3.019971
3.007357
2.010287
3.007197
3.016965
3.007537
2.008449
7.021124
23.003813
8.007357
12.009761
3.026108
3.005085
5.017433
8.000928
5.012697
3.006877
5.007322
3.006837
2.010474
5.006317
4.007057
27.012150
3.020358
3.007257
2.007237
4.011481
13.008549
3.014103
3.006697
4.000928
5.009493
3.006937
5.003798
3.007237
4.000928
11.005144
3.024448
3.006657
13.000928
12.006997
3.016847
3.007677
5.010107
3.007217
1.015329
7.000928
1.007417
3.023934
3.009279
2.011683
3.007237
3.016487
3.007277
2.008709
7.012991
3.007437
2.008149
7.019048
6.008469
7.005950
3.006577
4.000928
4.006937
2.006317
8.000928
3.021954
3.007377
5.019650
9.026586
16.003832
3.006957
3.021776
3.006417
8.000928
6.011439
3.007137
12.006897
8.005084
3.023956
3.007337
7.010487
3.006737
3.030403
3.007017
4.000928
8.011401
7.006597
3.022270
3.009039
12.009119
3.006457
3.021962
3.007297
7.007995
8.005664
3.023994
3.006803
5.010593
3.007097
2.008309
7.010605
3.007017
4.000928
3.007017
8.007497
3.006119
3.017646
3.007357
4.005225
7.004373
3.011810
3.023202
3.007197
3.007157
4.007197
8.007317
3.006877
3.018299
3.007417
2.010507
4.007857
3.007677
3.022516
3.007397
2.007517
3.006677
3.016888
3.006637
4.000928
3.007097
4.007157
3.007337
9.005264
3.006937
3.023348
3.007177
2.014249
7.020974
3.007537
12.008319
8.005564
3.026098
3.007577
5.018300
3.006597
10.022702
3.006777
2.006457
8.008769
3.018959
3.007137
4.008649
2.011151
3.006957
3.021436
3.009519
2.006397
4.010779
7.012637
3.015948
4.006777
11.010767
3.025368
3.007017
7.010227
8.005724
3.017754
3.007397
4.000928
5.014121
3.007677
2.008569
7.012651
3.007037
5.005250
10.008955
3.026366
3.007537
5.017285
3.006777
6.004643
8.016485
6.003753
3.007070
3.019646
3.003853
15.018413
6.008089
9.004153
8.008200
3.020971
3.004173
5.027418
19.022802
8.000928
4.000928
4.000928
5.005425
6.014739
4.011309
4.007197
4.007357
4.000928
8.008069
3.006797
3.018826
3.007597
8.007357
3.007077
3.006637
3.017339
3.007217
9.000928
3.006737
4.007397
7.016016
3.035721
3.006777
7.011983
6.006757
5.007214
3.011850
7.012085
8.005304
3.022716
3.006657
4.000928
4.003992
4.004865
5.006943
3.007157
4.000928
5.022284
3.007577
2.008609
12.008535
3.006597
5.037786
3.009459
2.009015
3.007557
3.017793
3.007137
2.006337
13.009561
3.026308
3.007097
5.014621
3.006797
7.008009
7.013177
3.006797
4.000928
7.006657
3.006777
3.018819
3.007337
7.008109
11.000928
10.008201
3.008919
5.005416
9.015983
7.007533
4.007557
4.007197
8.007337
12.013775
3.007157
2.008089
6.005685
2.006977
3.008229
3.031597
3.007417
2.013165
3.006257
3.022896
3.007637
2.005025
3.007097
3.017554
3.006517
5.028454
3.007337
5.008655
4.026082
14.016009
3.007117
14.000928
4.000928
4.000928
5.007243
3.007117
2.009175
8.008489
3.021209
3.007097
10.005436
8.000928
8.000928
9.000928
3.007157
3.010411
3.024200
3.007517
4.000928
8.007257
4.006977
7.006597
3.023282
3.007397
4.000928
3.007037
4.007357
8.007017
3.007077
3.024667
3.006917
4.007337
5.014363
3.006577
4.000928
5.011739
3.007017
7.011190
9.006817
17.022629
9.019918
6.006917
3.006897
3.019601
3.006917
6.007417
3.015049
3.006817
7.006797
3.007117
3.028713
3.006717
6.011153
3.014489
3.003773
2.013405
8.008689
3.017799
5.000928
11.007497
12.006837
3.023014
3.007337
5.027026
3.007417
9.000928
7.008809
3.006977
3.025108
3.007017
5.007835
3.007237
2.006717
9.012835
3.006937
3.026936
3.007157
2.006857
3.007497
3.020526
3.015441
5.005791
3.007077
5.005150
3.007017
8.000928
4.007377
8.000928
3.006937
3.025894
3.006957
3.007677
3.007277
8.008615
3.021329
3.006897
8.006337
13.010110
22.023939
3.007557
7.000928
6.000928
8.000928
2.007363
3.022510
3.007337
5.008581
3.007297
12.007017
3.010693
3.024056
3.006917
2.007137
12.017201
3.007297
2.008895
4.003953
3.006977
3.029604
3.006797
5.012411
3.010270
5.009627
3.007817
5.014251
3.007377
7.006957
3.006473
3.020412
3.007437
5.010031
3.007517
2.006657
3.006937
3.023416
3.006797
9.000928
9.007237
4.000928
5.008501
3.004113
2.007337
3.009179
3.027420
3.006877
5.010034
3.007537
4.003852
4.000928
7.006857
8.006922
3.016014
3.007157
2.007297
4.008069
5.006757
12.007117
3.021724
3.007457
4.000928
7.006397
3.007017
3.015315
3.005825
2.005964
3.007377
3.022077
3.007057
4.000928
4.000928
7.007077
8.000928
3.024108
3.005445
3.007237
2.007297
3.021438
3.007357
5.012431
3.007737
11.006517
3.024682
3.007097
5.025601
3.006797
4.010411
3.007949
4.000928
7.007477
3.028183
3.007837
4.005505
8.011585
13.007317
7.014429
4.009806
3.007197
2.008369
7.013243
3.006477
4.000928
5.012511
3.007117
5.006342
9.011599
3.006857
4.000928
3.007397
8.005745
3.006997
3.025026
3.007777
4.000928
10.005430
3.006737
2.018463
3.006977
3.016339
3.006997
4.000928
12.009421
11.000928
12.007017
3.006957
3.017567
3.006817
8.009779
3.006897
8.011517
3.036104
3.007097
5.012863
3.009910
9.000928
5.023890
8.000928
5.006883
3.006777
10.008395
3.007197
13.006797
22.007377
3.025042
3.007217
9.000928
3.006517
8.006637
3.008979
3.029131
3.015381
2.007929
7.011631
3.006697
2.013185
7.030315
3.006697
10.016667
9.016735
3.007597
2.007177
3.006917
3.018493
3.006917
18.000928
6.014797
3.006677
12.009299
3.007297
3.028812
3.007157
2.008069
4.010311
6.000928
4.006737
3.007137
12.005524
3.017788
3.006997
4.000928
4.007417
7.007017
3.006697
3.021564
3.006837
2.007317
4.006337
8.005444
3.028439
3.012317
5.011171
3.008279
14.000928
5.030056
3.007063
2.021267
3.007617
3.029130
3.007693
4.000928
4.006717
2.007377
3.007557
3.023636
3.006817
2.007237
3.006697
3.019800
3.007637
10.009066
14.006516
8.000928
7.006777
8.008009
3.026598
3.006557
4.008699
5.022390
3.007377
10.005756
3.006517
2.007263
18.006616
3.022304
3.007117
3.007497
3.006637
3.006977
3.021418
3.006717
11.013137
3.024168
3.007657
4.000928
5.012911
3.006297
5.022780
21.007077
3.006997
3.029703
3.007437
2.007117
8.000928
3.028524
3.006837
2.007017
3.006817
3.015955
3.007217
2.014859
11.000928
5.027562
9.007955
3.006897
2.006997
3.006917
3.019603
4.022882
6.010551
7.017067
3.007197
4.000928
9.000928
8.006777
8.008129
3.007697
3.019591
3.006757
7.010873
3.008289
3.026240
3.007157
5.010693
3.006737
3.009259
12.019550
3.012051
3.007057
12.007517
3.013519
3.023114
3.006737
5.019272
3.006977
15.009947
3.007097
2.006697
3.007177
3.015201
3.006717
5.026160
3.006477
5.013603
3.006917
4.000928
12.000928
4.010070
3.007337
3.018713
3.007517
16.005324
3.016076
3.006757
21.007417
3.006957
3.019693
3.007037
6.006937
5.006957
22.012263
3.003933
7.008429
7.008755
9.010327
11.008395
3.006677
3.015847
3.006697
2.007317
3.006917
3.019240
3.007297
7.006957
3.006397
3.022176
3.007317
2.007869
7.005162
3.007397
9.006597
3.005524
42.008629
3.019250
4.016558
24.009887
3.006977
5.026412
3.006957
2.012785
3.007357
3.016748
3.006717
2.008449
7.036354
3.006597
5.005877
3.009399
2.007337
6.021140
5.021236
3.006397
5.008155
3.006937
6.008239
3.017666
3.006937
4.000928
4.000928
5.007243
3.007057
12.007097
3.010733
3.019131
3.006617
2.008289
5.007397
4.000928
7.006877
3.016667
3.006817
13.003632
4.006957
9.007057
7.000928
3.031805
3.006937
2.008109
3.006597
3.018113
3.006857
5.007115
9.005890
3.007257
9.000928
11.006897
3.024248
3.007537
5.017768
3.006837
2.009681
4.008549
9.005825
3.006837
3.017828
3.007257
18.006877
7.015370
3.023108
3.007157
2.006997
7.022775
3.006857
10.012471
3.006977
4.000928
3.006957
7.005404
3.021109
3.007417
4.000928
4.000928
5.005750
5.020998
3.019306
3.007217
2.008789
7.024636
3.007197
8.006577
4.007337
13.007077
3.006617
3.020312
3.006857
5.009867
3.007037
4.000928
5.005250
3.006497
12.011113
3.007137
3.021036
3.006857
5.009807
3.008624
3.007288
3.007257
8.000928
3.015761
3.006837
12.006877
3.007517
3.018846
3.006797
2.007969
6.003792
3.005385
6.006663
3.007297
4.000928
3.007277
8.007037
3.007377
3.013757
3.006537
5.014930
3.006877
2.006877
3.006897
3.014849
3.007437
7.006617
3.006777
3.019012
3.007097
5.005436
3.007397
5.010127
3.007337
3.007077
3.007077
17.012591
3.007717
11.005324
3.025568
3.006457
5.006602
3.005585
5.005570
3.006837
5.011911
3.007737
22.019739
7.005370
3.014861
5.023394
3.007497
5.005310
3.006797
5.027904
3.006917
4.000928
11.006977
3.017047
3.007317
2.007237
3.011170
3.022916
3.006657
2.010667
3.007237
3.017807
3.006937
5.008160
3.006917
2.009435
7.006509
3.009039
2.009019
3.007017
3.012877
4.020763
6.007077
11.005145
5.018065
3.007017
4.000928
2.008575
3.006837
3.029935
3.007317
4.000928
3.004332
13.006997
3.008849
3.020131
3.007597
4.006857
4.000928
7.006896
12.005696
14.014757
6.007889
14.007889
3.007257
3.024448
3.006797
5.041218
3.007497
4.000928
7.005765
3.006917
3.025368
3.004393
5.013217
3.007217
4.000928
4.006937
3.006557
13.007969
3.006817
3.018539
4.013989
40.006697
3.016336
3.006997
8.000928
10.006519
5.015495
3.007517
3.007017
4.011330
3.006777
8.006517
3.022462
3.007773
3.006997
4.000928
4.000928
4.007037
3.007137
3.007273
3.017574
3.007277
4.000928
3.006897
3.007417
3.007397
3.026578
3.007697
5.023456
3.009579
10.015799
3.004173
2.007397
11.000928
11.006717
3.022782
3.009859
3.009881
6.012663
3.007057
7.007077
3.007057
3.030284
3.007477
4.000928
14.000928
2.008709
3.007589
3.016748
3.006517
5.019991
6.010830
7.005330
9.010813
3.007177
22.009359
12.021786
3.006917
5.006848
3.007697
13.008449
12.007277
3.017227
3.006817
11.010489
3.013863
3.004073
4.000928
9.000928
9.008069
5.013735
3.006757
5.012911
3.007257
15.015370
9.028150
12.000928
8.010531
3.007237
3.027686
3.006757
4.000928
9.000928
5.012263
16.007277
8.000928
3.021644
3.009990
4.000928
3.010939
5.000928
7.008389
7.017979
3.007237
11.008220
3.020597
3.006777
3.006957
4.008839
3.007057
3.007237
3.013637
3.007017
3.007637
7.007197
3.022172
3.006917
2.007197
3.008269
3.016807
3.007057
2.008989
4.011669
3.006697
3.020524
3.006717
2.014423
4.006917
7.014764
3.007197
10.018845
3.007037
2.007197
3.007217
3.028558
3.007457
13.004312
4.007437
4.009199
3.006757
3.007317
3.024108
3.006397
5.008014
9.008241
3.008830
5.008095
6.008229
13.008895
7.007547
5.009035
3.006617
4.000928
5.005530
3.007077
3.000928
6.009613
3.007137
12.008649
12.012651
3.007437
14.000928
9.000928
11.012425
3.025348
3.014155
5.013863
3.006897
5.013437
3.007517
5.009547
9.008995
3.006877
5.014856
9.015603
3.006537
4.000928
3.007457
3.007397
3.006997
3.021144
3.006937
2.006317
3.012270
3.021483
3.007357
5.014523
3.006977
9.010050
4.000928
3.006757
3.006617
13.008529
3.015401
3.006817
5.014063
3.007017
2.007017
8.009519
3.015835
3.006797
13.000928
8.011247
3.006917
3.015115
3.007097
5.014015
4.020897
13.000928
5.005296
3.007237
5.003798
3.006997
5.027476
3.006977
7.006697
3.007297
3.022430
3.006997
6.006756
3.019712
3.005385
2.007357
6.000928
3.006797
3.007277
3.009061
3.021542
3.006497
4.000928
4.000928
5.036908
8.000928
5.006563
3.007237
2.006897
13.006976
3.028956
3.006537
8.011810
12.005364
3.021316
3.007417
9.000928
12.007277
8.006836
3.019120
4.015416
3.007717
2.006997
13.007116
3.023016
9.005436
3.006897
5.036630
9.007023
3.006817
4.000928
8.007197
17.008529
3.012997
3.006617
2.008849
5.006637
8.008329
3.007889
3.030824
3.007397
7.009075
3.007377
3.025034
3.007097
2.011247
3.006897
3.024342
3.007017
10.006743
3.007117
4.000928
11.006677
3.017934
3.006515
4.000928
3.015357
8.006857
3.007229
3.020269
3.006777
4.000928
3.006977
4.006917
8.000928
3.007357
3.022222
4.024668
9.013969
3.007337
2.008309
7.020111
3.006417
2.006937
3.005664
3.018477
3.007097
7.009279
3.007150
3.026960
3.006957
2.006177
13.010767
3.015807
3.007037
9.007257
5.008435
3.007317
5.015735
3.014261
4.000928
4.006517
10.023081
9.034497
3.007397
9.007317
3.006897
4.000928
5.008255
3.006537
2.007597
3.006437
3.018080
3.007257
7.006817
3.008899
3.019798
3.007477
4.000928
10.014663
3.007297
3.010953
12.006877
3.018766
3.006577
5.015475
8.000928
5.019657
3.006517
17.006757
3.009011
3.032048
3.007077
10.005796
10.009001
3.018514
3.006297
9.000928
2.007317
13.000928
3.029650
3.007057
2.008409
3.014289
3.022982
3.007437
4.007617
7.010473
3.010830
3.018380
3.003793
4.000928
2.007477
17.016415
3.007077
9.000928
5.006789
3.007177
4.000928
4.007377
2.007637
7.011431
3.006997
9.007037
18.000928
3.006537
7.005810
3.005865
8.000928
3.007357
8.008789
3.023521
3.007297
5.006863
3.007577
2.007217
7.004018
3.007517
5.018906
3.014795
8.000928
6.014801
3.007557
21.009753
3.012903
3.007257
9.005365
4.005645
4.003652
9.000928
12.008349
7.015161
6.000928
4.010693
3.007517
3.015262
3.006797
4.000928
9.002260
5.027471
3.007097
2.007157
3.005264
3.031428
3.007017
4.000928
22.013541
3.007297
3.023242
3.006997
2.008769
6.000928
5.011873
3.006917
5.005876
3.007097
2.008475
28.000928
3.022610
3.007097
4.000928
10.005830
3.006777
15.030937
3.008919
8.007297
7.010653
3.020338
3.007157
4.000928
5.017904
3.006757
2.006757
8.008400
3.018360
3.006277
7.007257
3.009701
3.013875
3.007337
7.006957
3.007597
3.019634
3.006877
5.023934
9.008541
3.004313
16.007517
3.024462
3.006957
4.005945
9.003572
2.008549
9.010787
10.006837
3.008369
8.006336
3.025474
3.006677
4.004925
7.007037
3.011483
3.023056
3.007117
4.005185
6.011370
3.017074
3.007317
2.008349
4.008269
3.006957
3.022490
3.006797
12.012651
3.008765
3.018148
3.007377
11.017735
3.029276
3.007097
4.000928
4.007097
14.000928
8.006617
4.006937
3.006617
3.007117
3.018426
3.006617
8.000928
4.000928
8.007137
3.006937
3.014955
3.007277
4.000928
3.006557
3.006817
3.007757
3.021870
3.013821
14.005405
19.005685
2.007417
7.020496
3.006377
2.004473
3.006537
3.023516
3.007557
6.010387
3.013763
3.006937
2.012225
7.019526
3.007137
2.006977
7.025860
8.000928
3.006717
3.008515
8.000928
3.020846
3.006657
9.000928
5.019119
9.022676
3.007217
9.000928
4.000928
9.000928
4.000928
5.013345
6.013832
7.011199
3.007757
2.007017
3.007197
3.020178
3.007597
9.007657
5.014443
9.007142
3.007417
3.006937
3.015663
3.007177
3.013131
3.008839
2.007577
3.006957
3.011779
3.007257
5.013583
6.008069
3.007057
3.013011
3.007257
5.008554
3.007017
7.007413
8.006756
3.019692
3.007157
7.006977
12.018083
3.007417
5.017831
3.007117
8.000928
7.007537
3.020052
16.009941
3.006397
3.020829
3.006537
5.006668
14.018018
9.014003
13.000928
16.012005
3.024916
3.007397
5.018983
3.007377
2.011130
8.005664
3.013171
3.010370
2.006677
3.007197
3.020886
3.007437
5.010087
3.008679
12.007017
3.007037
3.023602
3.007217
2.012625
3.007297
3.020432
3.007757
26.009547
3.020052
3.007557
5.013783
3.006757
5.010519
3.006257
7.007929
9.006477
3.007197
3.025810
3.006357
2.006877
9.010391
4.007137
7.008635
3.006777
2.008355
7.020944
3.006837
5.031350
9.015281
9.011919
6.008979
4.006537
9.006395
8.005564
3.011171
3.006917
9.007517
12.006957
4.008109
7.015293
6.008329
7.010033
3.007057
2.007597
3.007117
3.018246
3.006857
5.009847
2.011099
4.006637
4.008799
8.000928
3.007197
3.034988
3.007257
5.011125
3.006657
7.008029
3.009339
3.025793
3.006617
2.006577
3.006657
3.020006
3.006877
4.000928
4.007097
5.008121
3.006837
3.006837
4.006617
32.010919
3.019632
3.007397
7.006957
3.006397
3.021664
3.006637
5.021394
3.008479
3.006677
9.000928
4.000928
2.006877
3.005564
3.024888
3.007077
4.007207
11.006836
3.022750
3.007177
7.005105
3.007477
3.028802
4.017425
6.007397
3.010813
3.018700
3.009519
4.005345
8.000928
7.007188
3.018880
3.007297
