7.030385
3.035309
13.029311
6.008646
4.016328
3.031643
3.020864
18.012831
3.014765
3.033446
3.012271
5.006362
3.050401
5.009513
3.045236
15.023542
3.038242
11.011619
3.065133
3.026333
5.011199
4.006703
3.027951
50.008561
3.043956
5.027745
3.031621
10.012571
3.017764
5.011911
3.021736
5.025393
3.023877
5.019384
3.016182
5.015375
3.035565
12.032740
3.040600
3.039402
3.020758
5.019420
3.020712
5.018520
3.023328
15.011345
3.019666
4.021424
22.032297
3.018208
3.025641
3.022711
5.005470
8.034666
21.003592
3.026713
4.032654
4.014023
4.024842
3.046202
9.040017
3.021144
11.036291
3.042795
12.029510
4.009361
7.031526
3.029437
20.032675
4.007202
3.032887
5.009827
4.011125
3.036157
3.012705
3.024580
7.011265
3.036458
3.013943
7.009701
3.068073
3.018214
4.037151
20.015475
3.020010
2.037752
7.010319
3.020330
3.008009
22.005875
3.027185
3.038190
10.018266
3.037624
2.021770
7.032030
3.040440
28.040802
3.026334
7.015966
4.016637
3.033238
25.003718
4.033180
3.017514
5.014269
4.029180
3.031555
5.014030
3.017934
5.032587
3.010973
2.008229
3.015109
3.037850
3.011766
3.011093
6.011017
3.020059
4.009541
20.013930
4.008155
3.019937
7.016827
4.000928
3.000928
3.021105
3.035645
10.008706
3.036943
10.023237
3.027405
21.021318
3.020885
4.014110
3.018654
3.024992
6.019486
3.038584
3.011114
4.021376
6.005516
3.021706
4.009667
3.031149
16.015476
4.016288
3.047380
10.021510
3.023748
10.018026
4.028245
3.033665
10.022995
3.037337
5.022310
4.019992
3.013504
5.019230
4.024870
3.032098
10.027976
3.023457
47.020237
7.017493
3.041869
5.017260
3.020918
8.024154
3.000928
3.004478
3.024853
3.027045
5.021944
3.006736
5.013323
3.031019
5.016186
3.013743
5.028021
3.031315
2.024008
3.017854
8.026861
4.039996
3.023688
10.013743
3.020838
4.012705
10.015181
3.035984
3.021464
8.003998
3.019506
3.032634
4.013849
3.023575
4.029119
5.018100
3.032693
10.022896
3.019335
9.019100
5.013864
3.036639
20.013504
3.018806
15.015748
3.036771
4.034699
38.016454
13.035992
3.017854
3.016756
3.019206
5.017992
3.026067
15.035847
3.022890
5.022804
14.011339
3.023050
15.009713
3.033707
2.039119
3.011823
3.030551
4.015602
3.033330
3.009961
8.023514
3.022596
8.017148
3.021610
3.037296
3.018220
3.034194
8.007082
3.023270
35.048719
3.022510
2.035120
3.030409
3.025627
4.011079
3.020338
9.006576
25.024669
4.027485
3.040529
27.012785
3.046963
3.038441
3.036058
8.014749
7.013397
3.023228
4.010853
3.036990
5.011859
3.021657
5.029694
4.030179
3.022885
20.029769
3.017574
2.002466
3.037809
3.038694
3.020779
5.011871
3.024300
8.034993
17.006677
3.075851
3.024386
5.042594
3.035033
13.003110
4.011699
7.023551
3.031750
4.020690
4.026573
3.014572
5.016756
3.020766
5.029348
3.031741
5.018266
3.032987
9.020074
3.012905
4.034793
3.017539
3.025460
3.019592
3.028623
2.026146
3.019186
3.044964
3.017320
4.020604
5.013138
3.038586
13.015980
8.000928
3.005084
3.047128
3.027032
25.018866
3.021038
3.032521
3.017954
3.033073
3.034965
3.020372
15.016427
3.021484
10.021939
3.013543
3.023483
3.021538
3.019446
3.031722
3.019392
3.014303
7.022626
3.019152
3.033959
3.045595
4.035227
4.019286
3.026187
3.034166
3.006622
3.034246
3.016148
5.011845
3.040713
12.041878
3.022510
3.023804
3.043058
3.022703
4.030687
6.007283
3.036991
5.022002
3.010639
4.013237
2.030935
3.038859
3.028515
3.021010
10.016860
3.020426
7.032085
3.007755
3.029077
3.023110
5.028073
3.017799
8.036907
3.035459
8.005735
8.010167
3.027697
5.020324
3.025001
2.021590
3.022489
3.033269
3.027545
5.024058
3.016368
2.023653
7.012171
3.021830
2.054183
7.008795
3.028073
7.009721
3.037763
3.038103
3.018280
3.021164
4.029251
13.002306
3.017940
3.051650
3.022190
7.016408
7.030135
3.027404
2.023494
7.012691
4.017120
3.016342
12.008069
3.020118
3.026187
3.036077
5.008506
3.023848
17.045002
4.003912
7.019144
4.028623
3.022510
4.025624
23.032773
7.015740
3.021425
4.019832
3.020560
5.019272
3.022466
10.008427
36.022370
3.027305
3.028798
4.009707
3.016194
10.021344
3.046775
5.015056
3.005084
5.024278
3.041087
6.000928
3.036713
4.018830
3.036563
7.023356
3.020518
3.020731
4.019498
3.031455
6.021418
3.035804
3.033659
7.053675
6.009421
5.008361
3.054607
5.021782
3.027251
3.012711
6.025945
3.019266
22.023235
3.039853
3.039914
3.051000
3.010293
6.016833
3.019746
17.000928
3.019152
3.045675
3.024741
9.021952
5.028522
3.019916
5.005130
3.037538
10.026386
4.020658
3.027565
11.022339
3.041203
3.027147
4.012385
3.027631
3.029910
3.023522
3.046563
3.013303
51.021304
3.013684
3.022950
18.019058
13.030377
3.019052
3.047012
4.020751
3.023570
15.033201
3.022130
3.012845
13.024522
3.020698
3.029037
9.016808
3.026311
3.033794
17.009861
3.029815
4.030157
4.018159
3.050205
2.064517
17.027447
3.024232
12.032655
3.020378
3.031462
3.027185
5.016828
3.022856
7.000928
7.005050
3.016302
10.014303
3.017794
10.020382
3.038384
5.031677
3.022270
12.039082
3.026898
3.028091
3.016648
10.009387
3.034127
12.000928
3.038855
3.019166
3.035005
5.018318
3.031581
5.012692
3.046114
2.036158
3.024042
3.040574
3.027505
10.009735
3.036866
8.023184
6.014584
3.017480
5.035084
3.019347
5.022394
3.022990
5.009369
3.022770
5.013970
4.031349
3.014890
5.022310
3.014770
4.036459
5.029903
3.051879
5.028457
3.045663
8.030049
3.034745
4.003692
3.024835
3.036710
3.021334
20.028001
3.019572
17.013144
3.051019
3.034426
3.021791
2.037301
3.010553
3.023142
3.033353
21.009741
8.019557
3.045036
7.008089
7.033500
4.057066
4.024328
4.044944
4.018320
4.018026
4.023987
4.022960
4.012397
4.024078
4.035632
4.015521
4.039297
4.007995
4.047771
4.015321
4.020870
4.024569
4.018060
4.031594
7.020809
3.038994
3.030143
3.048641
3.036243
3.013930
3.043170
3.026185
3.047944
3.016528
5.033337
4.023255
3.014830
12.013405
3.020318
8.011099
4.019478
4.031359
3.031367
2.033227
3.020524
3.031115
3.032648
12.033969
7.007002
3.022770
5.025361
3.008249
3.026105
3.023935
4.000928
3.022370
3.032639
3.024993
2.018164
3.000928
3.024407
3.028417
3.028557
3.045742
3.000928
3.026198
3.024468
5.008981
3.023912
15.021956
3.050004
17.033282
7.026807
3.022037
10.022016
3.036505
5.023941
3.020502
2.055230
12.008515
3.034307
15.012331
3.037017
6.000928
3.049773
3.050239
4.017668
4.025460
4.037857
11.012121
3.024666
4.022977
3.023449
5.029645
3.022350
4.020126
21.010999
3.032641
3.024128
5.010047
3.034693
6.018160
6.009621
9.039692
6.035355
3.019506
3.036551
7.008489
3.031069
3.017954
5.020990
4.011399
3.021164
3.002750
6.012689
3.032241
27.032629
3.022730
8.013509
3.019746
2.043084
3.000928
3.059691
3.018574
5.025719
3.037343
4.011299
10.016728
18.021506
15.019868
3.029903
8.033261
3.022976
3.027541
3.026499
3.030392
10.020972
3.017486
9.032929
2.052623
3.000928
3.022708
3.024948
4.021430
10.027625
3.034765
3.022270
3.023029
3.020878
3.018120
3.022310
3.022470
7.018986
3.050143
3.026999
4.016660
3.019352
3.023482
7.026311
3.020172
6.004092
3.031561
3.035285
5.022082
3.018825
4.044023
4.019712
7.048032
4.009041
3.000928
3.050446
3.035212
5.014864
3.032226
5.013750
3.020586
7.011059
3.014887
3.047594
3.053572
5.014377
4.013363
3.036777
15.018790
3.023222
5.019972
3.027224
5.014304
3.045489
8.037391
6.015095
3.019318
5.011285
4.019192
3.038160
10.040380
3.035665
5.048844
3.049885
7.047830
12.023734
3.029563
5.026292
4.013443
3.032433
5.008201
3.020964
10.026891
3.018254
5.018452
3.036617
12.029771
4.012691
3.045088
3.024681
3.026373
5.008175
3.022036
7.000928
3.016182
3.048819
3.025358
9.020300
7.012491
7.012013
3.038748
10.019418
3.038354
3.017480
3.030735
7.033824
3.022710
25.035078
3.054557
9.011625
2.044637
4.005064
2.055963
4.023603
3.022190
7.038678
3.017954
3.023436
3.014575
5.019682
3.038904
22.012675
3.035818
3.033913
4.008255
3.029895
5.021890
3.049011
2.030409
3.024049
3.036244
3.036038
4.018106
15.007754
3.014570
2.032381
3.021551
3.044817
3.022552
3.020064
3.040065
4.021812
7.022094
3.025769
10.005510
3.016602
3.042395
8.041260
3.024042
3.043490
4.019684
3.031815
3.035240
11.008621
3.023728
8.033883
7.045435
3.024565
3.023688
3.041159
11.038965
3.041657
3.017352
13.033873
4.014643
3.005131
3.036444
3.023842
10.017505
9.021057
3.031267
13.047893
4.027163
3.015968
7.021284
3.018645
5.013924
4.007029
3.031863
10.028273
3.051462
5.023322
3.022170
5.019210
3.016508
2.071586
5.024796
6.016854
3.050345
13.022743
13.003932
3.003712
3.058189
3.022196
15.011145
3.020364
5.021496
3.019780
10.020011
3.022901
3.041643
3.002266
3.017694
3.030535
4.019778
3.019846
7.031255
7.008195
3.023136
7.020184
7.020590
3.050183
4.012771
5.031097
3.022350
5.004977
3.017622
10.016515
3.021538
10.024956
3.019786
9.024074
10.028579
3.038328
5.047075
3.024128
5.016035
3.020544
4.038644
5.017874
3.019292
25.031037
3.026073
5.024645
3.041909
3.031515
3.036020
7.034961
3.026226
5.027359
3.018414
19.016894
5.006423
3.021810
12.035145
3.023189
3.035092
3.037989
4.014543
5.012583
3.021038
4.031539
5.009407
3.033515
5.005850
4.017407
3.020738
2.036311
3.015149
3.032977
3.028503
5.028008
3.047292
11.014868
3.030056
3.035078
12.005205
3.043218
3.035213
3.033999
3.018300
16.016888
3.032201
3.022988
6.014034
3.010973
7.046647
3.023503
3.029909
3.016047
4.021418
22.002366
3.033539
3.024721
3.040521
5.015696
3.021616
10.007835
3.020144
7.051364
7.030111
3.034486
18.027548
11.020122
3.019466
5.027513
3.017782
5.023008
4.029824
3.016367
10.039255
3.013864
5.018272
3.018294
8.036437
2.015096
3.028006
3.018946
67.000928
3.030769
3.030435
3.019612
2.064593
3.002540
3.036070
4.014476
4.013071
3.013323
15.026726
