4.005817
3.007742
3.004138
3.000928
11.000928
3.003798
3.000928
12.005405
3.000928
3.004658
3.000928
11.000928
3.007362
3.000928
3.000928
3.005465
3.000928
3.012269
3.000928
3.000928
3.002260
3.000928
3.004578
3.000928
7.035173
3.000928
3.014281
3.000928
3.000928
6.018657
3.000928
21.000928
3.005570
3.000928
3.002600
3.000928
7.028270
3.000928
16.000928
3.008755
3.000928
3.022246
6.020231
3.000928
8.014189
3.002760
3.002700
3.010387
3.000928
16.017999
3.005590
3.002280
7.009593
10.002320
6.027179
7.000928
3.002220
3.008309
3.003938
3.000928
25.015679
3.000928
20.032885
3.000928
1.073572
3.007508
3.000928
7.002580
7.009779
3.002520
3.006797
6.013291
10.007257
3.009958
3.000928
2.002240
3.000928
3.011425
3.000928
3.004965
6.016155
14.023528
10.000928
3.013779
3.000928
16.006577
3.011279
3.000928
8.005265
16.005410
3.000928
2.005325
3.000928
3.008340
3.000928
3.005285
12.002360
3.007049
3.000928
12.000928
7.016608
3.000928
3.002580
3.008089
3.000928
3.009607
3.000928
8.000928
3.000928
7.008135
3.000928
7.009487
3.000928
3.007602
3.000928
3.000928
3.008369
2.058978
3.000928
1.014910
15.000928
7.020997
3.000928
2.060076
5.008829
3.025806
4.064302
10.012325
12.000928
3.004996
3.000928
3.002520
6.013883
11.048784
9.012485
15.012105
7.006194
3.008415
3.000928
8.015853
7.021696
3.005330
3.000928
10.022211
3.000928
5.010599
3.000928
2.028844
7.010461
3.000928
15.027220
3.000928
10.040721
16.013105
3.000928
3.018206
3.000928
21.010941
3.004198
3.000928
2.002260
3.000928
3.003738
3.000928
2.010061
8.000928
3.005590
3.000928
11.000928
3.005130
3.000928
7.019586
9.049364
8.018260
3.009467
3.000928
7.012387
4.002360
3.000928
3.002366
3.000928
5.014643
3.000928
2.015589
3.000928
3.005210
3.000928
3.000928
3.008429
3.000928
3.008686
3.000928
8.000928
3.002760
7.009207
3.000928
3.002320
3.008269
3.000928
3.006988
3.000928
3.002340
6.013423
7.015238
6.018836
6.002260
17.005690
3.000928
7.021086
7.010246
3.000928
7.010261
8.028844
5.009801
9.011033
7.016395
3.000928
8.000928
3.000928
3.000928
3.007048
3.000928
2.002560
3.000928
3.011445
3.000928
2.014435
3.000928
3.012983
3.000928
3.021976
3.002520
3.008901
3.009453
3.000928
2.008849
3.000928
3.005930
3.000928
3.000928
12.008769
3.024562
3.000928
3.012765
7.000928
3.009209
4.026756
8.029193
13.015924
12.000928
3.005890
3.000928
3.002220
3.000928
3.000928
3.008620
3.000928
3.002660
2.027724
3.010387
3.000928
2.034168
5.000928
7.007929
3.014089
3.000928
2.008629
3.000928
3.005550
3.000928
3.010210
6.008715
10.000928
3.005731
3.000928
3.008449
6.026560
6.020320
12.020398
3.000928
7.013265
3.000928
3.005350
3.000928
8.002300
7.009761
3.006583
3.000928
7.034292
7.023224
3.000928
3.008549
3.000928
3.000928
3.007102
3.000928
12.017121
12.032088
3.000928
7.002580
3.000928
3.011659
3.000928
2.048162
19.044586
7.006882
3.000928
10.014227
14.008800
14.015135
3.000928
10.040831
3.000928
3.002620
7.000928
3.006010
3.002780
8.006997
6.007362
11.002360
3.002220
3.008347
3.000928
12.031250
19.002380
3.014773
3.004218
3.000928
5.019591
3.000928
15.019163
7.008029
3.002280
3.000928
3.005750
3.000928
10.011455
3.000928
3.000928
3.002520
2.068287
3.000928
2.002380
7.026080
3.000928
8.000928
6.020129
24.037146
3.000928
5.026192
12.000928
7.019906
3.007348
3.000928
15.022148
14.014063
7.008110
3.008469
7.011039
3.000928
5.017861
11.002400
3.000928
3.005710
3.000928
6.000928
3.003838
3.000928
7.002660
3.000928
3.004258
3.000928
2.060560
5.000928
7.000928
3.006542
3.000928
2.014703
4.008369
2.085700
3.008739
6.002220
3.012019
3.000928
15.017639
3.002340
6.000928
3.008668
3.000928
2.008589
3.000928
3.022249
3.000928
2.025198
5.002660
6.005750
14.005650
3.000928
10.005210
3.000928
40.013796
16.002820
3.000928
3.006863
3.000928
3.000928
3.000928
3.000928
3.002306
3.000928
5.013695
7.002480
12.000928
3.005770
3.002320
2.023245
3.000928
3.004018
3.000928
7.083287
10.000928
7.009055
3.006583
3.000928
3.002380
2.035235
8.024736
3.000928
3.002780
6.015116
7.008489
7.000928
3.005570
3.000928
5.029098
6.028805
4.008409
7.012743
3.000928
6.003852
3.003818
3.000928
7.038484
10.000928
3.010467
3.000928
3.011664
3.000928
2.046350
12.042025
3.000928
15.016619
3.000928
11.000928
3.006882
3.009239
15.016707
26.040461
3.000928
3.004238
3.000928
5.012491
3.000928
3.000928
7.007849
3.012943
3.000928
8.000928
11.007382
3.000928
5.013903
3.000928
7.055769
7.051035
3.000928
8.012425
3.022056
8.000928
3.012777
3.000928
3.008329
11.010227
3.000928
4.002400
3.002400
6.037814
3.000928
3.005745
2.032514
3.004038
3.000928
8.000928
12.005605
3.008015
3.000928
2.093856
22.012731
7.016701
18.002700
3.000928
3.007182
3.000928
10.030808
3.000928
5.013823
7.007889
6.009907
10.007347
3.006962
3.000928
3.013175
6.021822
7.002280
28.005325
7.006922
3.000928
8.018006
6.012143
13.000928
17.034473
12.021525
9.014123
16.002740
2.054613
3.000928
3.021740
6.009312
9.011879
12.002500
7.008089
3.005510
3.000928
12.017333
19.002320
3.000928
3.008854
3.000928
2.043863
3.000928
3.005170
3.000928
16.007869
3.003898
3.000928
11.000928
3.010013
8.000928
13.000928
11.025663
12.008509
11.012497
3.000928
8.019312
11.011989
7.002660
3.000928
3.000928
3.003718
3.000928
12.002620
14.038435
3.009741
3.003858
3.000928
3.002600
3.000928
7.018833
3.000928
12.000928
3.000928
3.006050
3.000928
10.015195
7.002640
3.000928
7.013409
3.012330
21.000928
3.005230
3.000928
2.008189
3.000928
3.014363
3.000928
13.010021
6.038919
3.000928
21.008509
11.008089
3.028366
3.000928
3.008675
3.000928
2.019778
7.043469
3.000928
17.053115
3.000928
3.009767
3.000928
3.008429
6.038812
6.010933
7.027710
7.002220
7.000928
3.009253
3.000928
20.012191
3.000928
3.025312
6.016215
15.008699
3.017327
3.000928
15.007955
14.031947
3.000928
15.008174
6.000928
7.005490
3.000928
2.058975
8.000928
3.007620
3.002380
15.020703
15.046994
3.006968
3.000928
13.010141
17.004132
3.008255
3.008199
8.002680
7.003612
3.006070
3.000928
7.016101
7.014283
3.000928
4.000928
5.032690
14.009747
3.000928
3.000928
8.009721
7.014943
3.000928
7.048294
12.016345
3.000928
2.000928
3.000928
3.008341
3.000928
6.000928
3.015589
3.000928
17.065436
7.011213
3.000928
3.005185
12.002680
3.005676
3.000928
5.026720
6.038650
5.000928
6.017635
3.000928
13.002380
7.002740
3.005756
3.000928
8.002420
6.019074
5.012543
3.010313
3.000928
5.012137
3.000928
2.016202
3.000928
3.058946
3.000928
12.000928
3.000928
3.003678
3.000928
8.002440
6.023256
6.038029
4.002780
3.000928
3.005736
3.000928
7.008609
3.000928
3.010944
3.000928
2.008489
8.011214
9.008509
3.008201
3.000928
6.008169
3.009652
3.000928
3.005150
6.016867
7.015693
7.008689
3.005856
3.010910
3.002380
4.002600
11.013841
3.000928
21.000928
3.005870
3.000928
7.009801
17.041746
3.000928
3.008049
6.030806
8.000928
2.002520
3.000928
3.015155
3.000928
8.010417
3.000928
3.002240
3.005310
3.000928
5.022596
15.008329
3.009275
3.000928
21.002680
3.005790
3.000928
12.055471
3.044125
3.005690
3.000928
8.000928
3.000928
7.042215
3.000928
3.000928
3.000928
3.000928
3.045773
3.000928
3.008349
6.006350
6.017897
9.047653
14.021828
3.000928
3.006323
3.000928
3.008349
6.016169
8.002760
2.006317
3.000928
3.019379
17.002580
7.004418
3.009974
3.000928
2.043618
5.008109
6.006622
3.000928
15.029655
11.002780
3.000928
3.009054
3.000928
6.000928
3.007050
3.000928
2.051086
15.000928
11.029172
3.000928
3.000928
6.007029
15.013157
14.000928
3.004078
3.000928
10.009893
3.000928
3.002300
6.023283
7.008149
6.007182
3.000928
12.002400
3.000928
3.007168
3.028663
3.002500
3.004698
3.000928
3.003944
3.000928
5.012177
3.000928
20.002220
3.000928
8.009279
2.008189
3.007941
3.000928
5.030136
5.076094
5.000928
3.000928
3.010067
3.002820
5.008155
6.019138
3.000928
3.008781
3.000928
15.009447
3.000928
1.075653
3.009567
3.000928
3.000928
16.003858
3.000928
5.009727
3.000928
10.023182
19.013803
3.000928
15.007163
3.000928
26.000928
3.013425
3.000928
22.033456
7.024028
3.000928
8.002280
3.000928
3.000928
3.006729
3.000928
2.011725
5.014069
6.007162
16.005845
3.000928
3.006576
3.000928
11.000928
3.007762
3.000928
16.010561
6.002660
16.035269
3.000928
18.007237
7.019946
3.009853
3.000928
25.017237
6.002840
7.012065
3.000928
2.025665
12.009707
3.000928
7.009840
20.009787
7.007849
3.011410
3.000928
12.008369
3.000928
3.015421
3.000928
18.002380
6.017910
15.000928
3.006030
3.000928
7.037535
4.029944
7.019803
3.000928
8.008429
6.023247
6.014649
3.000928
3.005150
3.000928
25.014737
3.000928
7.011107
5.000928
7.006517
3.029422
3.000928
7.000928
3.000928
3.006356
3.000928
5.008314
19.019513
12.019037
14.011763
17.000928
3.017101
3.000928
3.022230
3.000928
7.005556
3.000928
15.050601
6.059576
