18.005755
19.005725
11.000928
9.000928
17.000928
35.000928
20.000928
21.030965
26.000928
10.026513
13.009654
28.008329
25.005784
11.003592
13.000928
37.005344
16.000928
15.025781
17.000928
30.025473
27.005424
16.000928
19.000928
14.000928
14.000928
12.004012
11.024728
12.005465
16.000928
32.003938
12.000928
18.008839
28.000928
15.000928
9.000928
18.000928
14.000928
18.005624
21.000928
19.000928
9.000928
24.000928
9.000928
19.000928
14.000928
14.000928
17.000928
12.000928
15.017873
26.000928
15.000928
25.000928
66.000928
11.000928
9.000928
22.008369
12.000928
13.002786
14.000928
11.008015
16.000928
