8.022850
18.008129
8.011297
10.015836
58.015975
15.040417
23.008755
20.017999
15.012005
8.012505
9.029192
14.008189
13.011483
11.007889
7.045665
8.081299
19.014383
8.005849
10.012053
23.040603
24.030717
14.038518
29.025048
15.028995
8.060991
9.019513
11.036976
11.015709
21.006997
10.010501
7.061405
21.000928
7.058541
15.007808
9.007097
8.061262
10.018607
8.054149
9.025180
31.020298
13.002600
13.022571
15.030213
11.027657
10.012191
15.011459
10.025282
10.015009
9.004092
7.060315
10.010959
14.005464
12.000928
12.045828
17.023136
7.033519
7.028585
14.005371
10.010687
22.059951
7.030650
16.006943
14.017827
14.016263
14.049055
12.006577
27.004223
8.038096
9.011665
10.012443
14.011763
8.078332
10.022468
12.020005
10.049115
14.017233
10.044991
8.050385
11.020098
24.010581
25.038978
