42.028112
44.005804
28.018098
31.012981
13.012855
11.000928
37.003592
23.027038
21.000928
17.006070
15.000928
10.010861
14.000928
33.006317
18.026337
30.011067
14.014838
10.013000
14.000928
18.007056
14.005164
10.021278
19.018784
18.007362
19.006957
19.013658
11.006457
8.006857
23.009421
19.027677
15.000928
12.018414
40.010001
13.043909
15.014078
24.000928
14.008479
13.018505
15.015038
18.007015
16.008249
17.022475
15.015940
14.017130
14.008145
34.005231
18.019925
25.007057
15.000928
20.014038
13.009621
18.007676
24.013340
9.008929
24.004158
9.009321
19.012900
33.005350
