18.005864
8.021037
9.026280
14.005530
21.005410
18.005804
13.010019
9.011499
10.009881
23.024709
9.016457
14.031923
14.005336
9.008675
9.005450
14.004098
4.036378
14.018799
14.013037
9.008220
5.006996
9.000928
8.033691
9.027776
9.019958
9.038692
9.030677
9.033527
9.016301
9.015477
9.030369
9.022774
12.008034
13.006897
7.029874
9.043952
9.022549
9.037416
9.016777
24.013357
9.020314
19.026192
9.008235
36.005584
34.010246
22.026168
60.006656
28.011525
14.004458
15.007986
29.002420
43.005330
29.009515
25.004302
19.000928
23.007262
19.010746
19.023991
39.017835
14.010132
24.008474
14.008474
19.009746
64.014787
19.018433
