14.004072
17.007742
25.004112
9.004132
28.002220
9.035317
10.006877
9.016658
5.004258
9.008389
8.006437
4.006997
4.007663
9.009601
13.005310
5.006297
9.016242
9.006877
14.006397
8.021210
10.013435
9.017324
8.018499
14.007494
19.014093
9.013406
5.006837
13.007422
5.006917
4.019269
9.006553
13.007522
5.006457
13.002220
7.005205
12.006457
13.016224
10.006617
6.009367
7.037985
9.007935
13.007648
5.015274
5.008669
7.028119
14.035972
15.014046
9.016571
13.011605
5.008489
18.032660
9.049809
5.008515
13.008155
14.028637
15.008135
28.018179
9.025714
10.006917
8.012757
9.025506
9.044699
19.007202
9.004398
19.002220
9.027827
9.040633
10.008149
13.045673
39.002220
24.039176
9.016388
39.016297
19.023781
14.020066
19.010126
9.046061
19.023064
19.013257
19.017658
24.015527
44.030324
24.012673
15.004303
8.034575
14.009340
