9.041181
19.034416
7.018472
12.008389
13.011139
14.030723
12.022921
9.008561
6.028745
10.028597
11.032899
6.014383
19.038424
7.018412
6.005284
10.024840
8.011891
10.008429
8.019792
6.026687
17.025881
17.053118
9.034797
9.033242
10.015224
13.029602
10.003712
18.040817
19.039222
14.023348
24.012359
14.031430
12.030264
11.006849
19.032696
14.033690
34.024680
9.025793
24.008115
9.034060
19.032567
19.033452
14.034408
5.018833
19.005530
18.033506
9.017056
9.029774
14.033154
9.036053
9.041743
9.009613
9.038284
14.008875
9.024000
14.051992
14.062363
25.004696
23.034710
34.040964
19.011391
9.026293
44.032769
14.018298
9.029612
21.004303
12.032853
24.068548
54.048122
19.036720
37.000928
31.018990
