7.025816
4.022702
6.004418
4.000928
3.028801
5.009987
7.009227
4.037203
4.016116
11.000928
9.005285
7.020536
4.006514
4.008707
6.003952
12.011999
4.019304
4.010439
4.006205
10.019730
3.039923
4.058343
4.031511
4.017753
4.017088
4.028058
4.029723
4.003598
4.027026
16.000928
8.000928
3.061413
4.003824
4.022682
4.022208
4.023512
5.000928
3.038430
4.049238
4.018176
4.048068
4.028917
19.015549
4.027917
9.020670
9.023895
4.024128
4.017359
11.000928
7.014629
4.050727
14.016327
4.027785
14.038080
6.004558
27.016558
9.024774
35.007875
4.000928
8.013011
14.017603
4.027628
12.021876
6.032955
4.015195
14.025392
9.008467
4.036853
4.056107
4.025692
4.027144
4.043888
14.023076
6.005605
10.000928
6.013851
7.005885
11.055956
6.000928
7.016313
14.016077
5.000928
8.006588
4.049655
9.020106
4.015230
6.010979
7.021323
9.013744
4.050006
9.033845
16.004663
7.030259
5.010901
8.048359
5.011833
8.013977
7.000928
16.033283
14.041455
19.015262
9.032759
24.034740
19.041361
9.022099
9.030576
14.035719
9.018706
19.025252
9.012985
14.010925
14.008175
14.028016
14.010807
14.017991
14.022720
14.028896
19.011327
19.025088
24.028014
14.026273
