7.007867
5.006517
8.047093
9.012498
9.009199
9.018021
9.014389
10.006457
8.027651
9.018445
9.007955
9.018188
4.038729
11.012994
10.003952
23.008089
9.008469
12.013677
9.014995
9.020624
9.013283
9.018752
9.020862
9.032481
9.008538
9.037079
9.032065
9.019232
9.029923
5.018153
13.019451
9.033626
9.028732
9.015653
9.017134
9.021095
9.030343
9.013803
9.022508
9.026490
9.017959
9.024560
9.022694
9.029411
9.019244
5.009527
8.048160
9.029883
9.021204
9.018946
9.019886
10.005830
13.015074
9.015987
14.014909
9.023482
9.028514
9.041969
10.012725
9.000928
11.003250
21.058079
10.015229
33.046017
5.012877
8.037508
9.026364
11.004112
12.017158
9.009507
29.042711
9.029451
9.009707
15.012880
13.022720
9.021975
14.015135
9.052430
19.041127
9.023298
14.009450
16.006704
23.003632
13.018531
9.026035
14.022942
14.046427
14.012617
9.050108
9.010639
9.028236
59.029515
