3.024310
3.019036
4.022188
4.045306
4.010785
4.030059
4.029797
4.018898
4.030635
4.022296
4.029775
4.018500
4.023955
4.035206
4.016579
4.009767
4.026459
4.032307
4.016168
4.011045
4.016854
4.042748
4.050742
4.020624
4.013889
10.011015
8.023034
4.036012
4.021412
4.025380
4.044770
4.011285
4.024196
4.008434
4.029004
4.018193
4.013743
4.019006
4.010619
4.019158
4.012791
4.044538
4.029683
4.012477
4.010199
4.025741
4.041836
4.011459
4.055521
4.007961
4.006543
4.031359
4.030983
4.052761
4.026353
4.007974
9.019898
4.029504
4.011305
4.030690
4.035132
4.041087
4.036485
4.013809
4.040008
5.029217
3.059370
4.048900
4.066022
4.025367
4.020634
5.004363
8.045553
9.010979
4.023425
4.027432
4.019413
4.023408
4.045137
4.040005
4.028231
4.051911
4.034951
4.039221
4.047000
4.030281
5.009721
3.051514
4.046840
4.034452
4.036646
4.046558
4.039540
9.009587
4.029255
5.004382
8.006150
4.050629
10.004012
8.009566
5.004092
4.003573
23.052241
9.010499
19.007888
11.000928
8.009391
8.013644
9.009823
19.008049
24.026158
5.009268
18.041637
5.004073
19.012180
14.007521
9.004072
13.047182
9.005251
5.003632
28.030424
10.003632
18.031289
9.017428
19.032693
9.012451
19.008267
9.016819
14.034105
34.022977
15.000928
8.020590
15.003552
14.011277
8.064220
24.016721
9.029454
19.016894
9.037796
34.029656
19.013491
19.014965
