8.012389
13.011605
10.003772
4.020246
4.005085
4.003573
8.005510
5.003893
9.004132
9.003872
9.003572
9.003872
4.003573
9.004092
8.014087
7.003812
31.017977
5.004881
8.011139
9.012537
10.003712
14.009441
8.005630
5.015169
9.003692
4.023468
4.004072
4.015760
18.024250
9.008735
9.027416
5.003773
14.003892
9.000928
13.021622
19.008347
9.019734
5.003532
8.026412
9.024162
9.049467
9.006570
9.026465
5.003652
19.003652
4.004033
8.011465
10.003632
3.072711
15.005490
8.023050
4.020744
19.013369
5.001762
8.049141
10.003892
13.022208
9.033207
9.010385
19.005390
9.012595
14.005250
5.000928
13.011345
9.024830
10.004132
13.006069
9.026007
6.000928
18.014006
5.000928
22.016277
9.008488
9.018105
5.003989
13.022944
24.035989
14.007761
14.021929
11.004302
12.026434
9.042501
14.005590
9.054260
14.058375
10.000928
14.000928
8.062698
9.039726
14.008301
14.016992
11.010541
12.024162
20.000928
13.038657
19.026784
14.045714
19.033431
25.000928
14.000928
18.011455
