108.005675
8.007463
9.033148
9.025556
9.015896
9.057861
4.053101
9.051388
9.021964
9.045700
9.015261
9.016102
4.038362
15.004503
8.027078
4.052780
9.055528
24.010589
14.058847
9.011524
9.035844
9.023726
9.025392
9.039985
10.004483
18.006165
14.041388
14.018386
4.064473
19.026226
9.009587
9.018506
14.023734
4.032271
10.004263
8.015161
14.035006
9.009688
14.017188
10.000928
8.010639
6.000928
8.039184
3.087716
19.015876
9.038504
6.004523
22.066480
9.054537
14.020961
9.022226
9.015401
10.000928
13.052632
14.042304
9.014433
6.004603
7.022008
9.012277
9.050589
5.000928
9.006597
8.019477
14.052612
15.004603
8.051253
14.020314
14.023432
19.012761
19.019558
9.024796
9.012385
9.025747
14.015527
14.044448
9.056176
9.018440
14.017344
10.012181
18.007781
14.028068
14.051617
19.050484
24.025315
19.014629
24.013386
9.033361
9.037752
9.061212
