14.003912
13.003712
4.000928
13.008840
4.061993
24.009174
10.003852
13.021570
4.033851
14.047172
9.046705
6.006917
7.012917
9.012044
9.007094
5.003652
8.020714
5.006577
4.004072
9.006637
8.019649
9.019218
10.002220
8.028485
5.004052
8.031295
10.006957
8.032475
5.003672
13.023848
5.010081
8.009759
5.003772
8.033280
9.015302
4.025887
9.009847
9.017999
9.044686
14.048116
6.006917
7.037297
9.008681
9.028924
4.030282
4.051073
15.008595
9.006917
8.034991
4.005590
9.026479
16.003972
12.026491
11.003992
23.000928
8.026619
6.009015
12.030102
4.057796
14.028188
9.039489
10.005245
4.015573
8.037316
4.017125
9.016774
9.029212
5.007057
10.008899
7.037059
9.018699
4.027106
12.003712
11.009853
9.009493
9.034830
9.028610
4.054065
9.025459
14.024148
10.000928
13.052788
11.003772
32.011225
14.051790
9.029454
10.011097
8.049862
12.009180
26.049360
9.020523
14.015356
25.000928
8.035497
19.063003
9.065025
9.025455
9.039681
14.020710
9.043168
24.039248
11.004418
17.006330
19.020219
26.005991
