4.014565
18.000928
83.004583
4.008249
3.029855
3.031280
15.032850
3.021140
9.017820
3.018671
6.038917
3.027419
5.013317
4.011119
3.028405
3.000928
12.010041
3.060250
3.023463
4.010121
5.018414
3.021218
6.013777
3.025494
3.019149
5.020996
3.014558
9.010453
7.005684
7.014703
24.023066
4.018605
4.036619
5.000928
9.007969
5.006697
7.024095
5.005525
8.027547
4.037236
4.027026
5.004523
8.015341
4.020518
5.012211
6.008609
4.008389
6.007203
4.016768
6.005005
9.003932
7.028444
6.003952
7.007283
6.010999
7.023491
9.005376
4.011859
4.048467
4.025368
6.015819
10.006357
9.007017
6.033980
4.039649
9.007115
8.009401
6.000928
5.005565
12.033737
19.007955
6.006317
7.016679
14.012222
9.012453
4.040468
9.016031
9.021550
9.013491
6.006757
8.005545
8.039566
4.036400
6.003772
8.004243
10.003652
7.044649
19.050417
9.019563
4.014150
4.023632
4.017786
4.025867
9.025895
9.017260
9.010067
9.048517
9.024514
14.008995
14.024921
15.002626
9.006955
8.020200
24.005071
9.008151
14.031043
14.025563
19.015847
10.002360
18.032009
9.027487
14.006963
10.000928
29.000928
13.015415
29.017869
39.016941
