7.002220
14.008303
7.003792
5.030748
15.009649
24.007255
4.015889
4.028449
4.063012
7.003832
4.006937
5.007017
20.018781
59.005870
9.026580
5.006497
14.006497
4.004032
4.012388
5.012451
12.034741
7.006917
5.000928
22.002500
17.023920
5.006777
8.043051
9.015475
9.006948
5.015350
9.014391
4.015124
8.014295
5.007447
9.006584
6.011764
7.012773
6.010613
4.034538
4.026044
7.000928
6.017854
4.077335
6.013111
4.039395
4.029750
4.029462
6.006437
7.044586
4.045694
9.017410
10.004249
11.014181
6.040110
9.024345
5.005525
13.029532
4.040774
7.007017
11.042530
4.017794
4.035437
9.034699
4.031161
9.032227
4.046552
4.076278
10.004112
9.003752
6.000928
16.017260
4.033933
5.013325
13.018620
4.039034
7.005044
16.015729
10.004084
8.012443
6.007713
12.019814
11.011409
7.014007
19.014567
11.000928
17.014823
9.027553
16.004012
10.003652
16.034838
9.043072
8.002260
30.026119
9.023936
14.034083
19.008801
10.004072
8.039104
12.004662
11.010247
9.072632
14.022210
19.008181
29.024803
14.024834
25.015163
13.014283
14.041259
