42.015034
20.003832
48.014589
21.015421
58.005345
38.025333
61.003992
67.008814
21.021736
30.006836
72.012231
33.052135
35.006637
41.017727
23.003672
25.012121
31.024904
44.020556
34.021410
24.024468
34.009365
29.017855
44.012149
34.025526
34.022679
135.008601
23.015595
29.028437
34.033245
35.012237
25.004032
33.010015
38.024378
24.107552
36.017398
44.031628
22.042398
119.015352
29.061318
29.035772
24.009747
34.053529
40.003692
53.050228
49.079833
49.047723
38.024010
30.018140
25.008255
48.008765
50.003532
19.014787
29.004242
29.040618
24.000928
34.006956
44.020524
28.010979
25.007096
28.058008
30.005525
26.035783
31.047610
34.019260
94.059894
25.010351
29.022318
48.019233
35.006696
23.031255
30.000928
63.038049
44.043651
29.043941
32.000928
42.008609
48.035357
44.025924
29.029297
25.012221
31.022473
50.020670
30.013317
34.014775
24.016749
31.003868
38.003952
34.004449
23.055461
59.101336
41.000928
22.111644
34.007489
34.043198
46.006837
52.006683
36.000928
32.095337
55.005764
39.013745
23.024987
42.014657
31.069383
41.007177
47.030503
85.003592
39.003758
43.049675
36.010167
38.012019
39.008675
104.007343
23.007588
33.061985
40.037004
34.016918
52.003632
36.014609
29.011021
34.020190
30.004323
48.048195
25.005226
38.026235
32.000928
24.018598
21.030811
20.009181
29.000928
28.020512
37.000928
31.015089
54.017766
54.024880
54.034391
35.002806
43.005471
30.018240
39.013803
28.009634
25.004143
24.000928
26.009207
43.005244
32.029255
29.076258
32.006717
42.012619
31.003693
31.021344
34.018740
29.073444
35.010881
29.000928
38.015069
39.058938
24.016107
30.000928
30.019346
38.013393
54.045315
35.000928
33.009641
33.026378
34.019066
29.019520
26.000928
33.023406
34.000928
48.010653
24.062405
25.011780
25.016727
42.027096
24.005790
20.004112
23.032490
29.039318
54.013695
20.000928
58.052917
30.009359
43.022574
41.006916
27.051387
30.009675
38.104899
50.000928
49.030067
58.023434
29.019996
26.008035
32.021909
51.007849
37.010999
40.002946
23.045228
23.005165
22.006876
27.014059
54.019551
39.013989
39.085957
30.057811
43.019578
20.021222
43.049263
20.005644
37.008849
57.006603
37.007202
39.007649
54.008580
49.026921
44.040789
