22.056132
44.014063
29.029004
16.002340
23.010519
19.006437
22.000928
30.018175
29.019722
20.038082
23.022050
19.036985
24.076305
25.009581
18.027732
29.059743
20.004238
29.008107
23.050921
30.007649
28.043682
19.060331
14.073619
20.012745
33.015869
19.076629
25.026839
23.022998
29.044729
29.019395
25.004318
24.031325
18.056201
31.014841
17.041561
19.054461
25.005635
23.036555
19.011985
24.035539
30.009321
23.047715
25.002420
28.036067
26.007168
17.020843
24.037138
19.077803
29.024730
28.027172
24.042304
24.030626
20.007421
18.022786
29.027295
24.005136
25.000928
18.024516
19.020658
24.019770
19.096591
39.022223
20.022572
19.010681
