30.012065
41.013231
24.033561
55.009841
25.016454
44.033651
23.009719
38.022348
49.011413
35.006602
28.026896
39.012523
29.041443
30.000928
30.024654
22.028802
24.058500
30.028310
30.000928
25.006317
28.002220
33.007337
23.047165
19.029222
39.033159
24.036631
31.002540
35.023898
25.003572
46.002766
24.010941
34.000928
19.003732
39.006877
41.036989
31.041726
20.007357
39.000928
29.006837
23.048069
45.007057
29.006657
20.008049
23.010830
23.069543
39.025302
29.022057
37.000928
22.003552
37.006217
20.034679
35.008421
33.006442
26.003632
37.034793
24.042443
44.026626
24.017705
26.034766
27.005970
20.005525
39.006075
29.007317
21.056216
32.006334
28.013915
30.006437
23.017125
21.004523
42.038047
26.003792
