25.003290
26.025174
34.031801
25.002846
24.016248
94.004122
34.005165
24.005465
28.013263
34.023374
37.032137
23.021242
32.048630
39.030323
20.005525
23.031342
19.049286
34.022100
20.006477
18.041880
24.037009
33.015429
30.012549
20.008940
33.020060
42.008909
26.010857
24.038190
20.006976
18.027726
29.049306
39.018706
42.020724
20.012203
40.017418
24.039309
35.004582
38.005510
29.012311
19.021948
24.055438
41.000928
21.038037
21.000928
33.026267
30.000928
33.044017
29.023507
34.016781
25.000928
29.005344
28.054846
26.009461
24.026683
27.009169
27.022366
21.031572
20.015009
23.045113
25.011593
33.010327
31.003992
27.011951
31.012511
29.016102
28.005784
26.020905
27.004905
44.000928
28.011325
38.000928
25.079578
29.011979
26.027857
32.022820
27.006957
23.018946
23.013001
28.039382
21.011093
42.020890
24.029841
29.039603
21.016639
23.005205
15.023722
42.027107
26.037486
23.000928
28.035291
32.029174
21.015979
30.002266
28.021443
19.033957
30.021180
39.000928
24.019471
18.056554
24.039804
20.005285
26.000928
27.000928
29.013425
23.058552
24.016800
34.004970
37.016922
26.052246
25.005625
28.007322
25.010391
26.020304
34.026796
27.003873
39.002220
36.023481
41.042586
21.009661
27.035839
44.026745
20.021012
19.036787
23.033111
30.003952
25.015785
37.008135
39.038017
35.009141
38.013186
19.006010
29.027820
35.003653
33.046908
19.036549
38.009801
20.039012
17.018324
56.015530
59.006074
38.006936
26.007701
23.025546
35.000928
25.000928
25.020696
63.021870
32.025996
29.040753
22.007297
24.000928
36.016969
34.034681
25.016521
33.021358
35.014808
28.043424
29.029060
20.007191
28.005051
19.024980
34.035721
20.043046
