47.020701
20.012851
34.003952
24.012559
58.004950
39.019858
30.000928
29.003070
23.017008
37.000928
22.007180
41.000928
31.005770
44.014203
69.023014
41.003892
42.025334
39.020483
38.000928
54.003652
80.008040
39.007833
30.003892
28.011619
34.015551
105.003592
68.008307
60.003532
35.011991
60.003732
32.003672
60.008149
27.008055
39.005190
49.018487
59.006749
35.005486
39.015180
28.007562
29.015669
58.000928
25.025575
56.017780
56.003552
127.005425
22.025930
22.002166
42.006197
19.000928
38.023818
29.007154
33.000928
42.041993
23.000928
44.023156
43.009493
26.000928
27.008574
31.003692
37.017662
44.018143
29.035425
74.012617
45.022364
33.026266
23.000928
50.020409
36.011439
33.003752
67.000928
36.000928
44.018355
21.003712
36.008581
34.011179
33.000928
48.000928
36.005536
39.009953
49.025168
41.004904
41.006577
49.003652
25.007955
32.003832
40.000928
28.013315
29.000928
42.003952
33.013928
55.006637
78.009527
55.007620
37.000928
67.003838
66.000928
26.003658
49.004503
33.018879
35.002660
47.000928
35.020108
28.000928
72.003898
32.007275
54.021732
24.016401
47.000928
29.000928
71.006809
59.009367
43.002266
82.007849
66.000928
30.036192
37.000928
53.003732
32.008208
39.003738
42.002380
53.000928
30.000928
41.015817
43.000928
50.027659
44.008489
49.008621
45.003572
72.003732
41.003170
60.006703
40.003772
24.003812
31.012631
43.000928
40.014523
34.041946
26.000928
56.000928
26.003552
45.011013
28.012617
48.007583
107.007869
51.016209
37.003832
36.010213
34.005211
61.009267
49.011404
32.036806
38.000928
44.000928
36.002746
53.011079
88.004012
35.011851
34.039527
29.006525
24.032739
