1188.077835
1188.041129
1189.043066
1189.000000
1189.000704
1189.000704
1190.026515
1188.058138
1190.021446
1190.034539
1189.000704
1189.000928
1189.000704
1190.000704
1189.035729
1189.000000
1189.022615
1189.024770
1189.044688
1189.033637
1189.000704
1189.016522
1189.027244
1191.018726
1188.060282
1189.019616
1189.020211
1188.076024
1188.040316
1189.000000
1190.035333
1189.035786
1190.018160
1188.043014
1189.056256
1189.053931
1190.000704
1189.000704
1188.033273
1189.000704
1188.072377
1190.018431
1189.044099
1190.041342
1190.044906
1189.000000
1190.017207
1189.038257
1189.065814
1190.036827
1189.000000
1190.037645
1188.057701
1190.000000
1189.044273
1189.028786
1189.050676
1189.027946
1190.026956
1189.052929
1188.065491
1189.025192
1190.022134
1190.014517
1189.000000
1189.000704
1189.071150
1189.036980
1189.086646
1189.000000
1189.020332
1190.000704
1190.000000
1189.000704
1188.085072
1190.025468
1189.045650
1189.000704
1189.042110
1189.000928
