1189.028046
1189.000704
1190.013047
1189.033711
1188.055639
1190.049425
1190.027101
1189.059902
1189.000704
1189.028941
1190.028826
1189.019386
1190.030462
1189.041658
1189.032189
1189.000704
1189.034542
1189.015313
1190.060546
1189.000704
1189.039562
1189.065939
1190.000704
1189.000704
1189.044294
1190.029643
1190.000000
1190.000704
1188.067338
1189.000000
1189.000704
1189.015307
1191.007076
1189.059592
1189.000704
1189.029663
1189.032504
1189.064706
1187.022965
1189.027029
1189.040381
1190.020132
1190.000000
1189.033549
1190.001242
1189.000704
1190.044634
1190.000000
1189.042732
1189.000704
1190.000704
1189.050819
1190.000704
1190.019786
1189.028655
1189.029798
1189.029533
1190.017158
1190.008391
