30.003812
16.037212
25.012405
11.006797
41.032773
16.006677
12.014073
16.005345
28.005645
13.029231
16.006997
10.000928
21.012641
14.015602
19.037523
26.000928
12.037537
31.005025
21.003692
16.005804
32.008015
12.006833
13.000928
13.011603
14.017863
17.000928
12.005205
14.006862
13.060106
14.028882
13.000928
39.000928
10.006443
17.000928
23.000928
19.000928
22.041498
7.006757
12.002786
18.017469
29.009893
20.005165
10.017037
23.008229
13.041886
18.000928
39.000928
15.036897
14.036125
14.044706
22.000928
11.034105
20.000928
18.027866
16.006677
24.007037
9.006597
17.022296
13.008295
13.000928
8.000928
12.040386
9.034247
