24.000928
32.021431
50.005894
10.003532
18.004342
25.011238
28.003612
18.024846
29.042960
14.055839
19.044482
16.000928
18.008155
13.029089
14.042437
15.010047
8.029567
14.028363
14.037976
24.050949
24.024290
9.030937
13.019112
15.038973
34.027239
14.037997
9.020112
10.004132
14.014773
13.039714
19.044118
9.034635
24.019645
14.041078
19.017972
24.047068
14.027226
10.013297
8.035965
14.011145
9.020668
9.023616
9.045551
9.037431
19.016888
9.025412
19.044475
19.015135
20.013438
13.013335
25.014299
13.031339
14.010313
24.029969
24.009587
14.009573
19.022709
10.004582
13.012729
20.004262
18.024687
24.022149
14.039919
11.006205
11.003893
