29.004052
27.030587
14.039458
29.012744
29.031910
20.006917
15.000928
12.035969
9.036238
19.015490
10.003612
13.018046
9.062023
14.005816
10.012800
11.015795
11.036230
9.047673
11.013341
12.025093
14.059909
19.017385
9.023496
14.017940
11.007347
16.012885
12.004302
26.021374
15.003752
8.027893
14.015095
29.006663
14.041499
14.010433
15.008381
15.003792
27.019438
14.012783
14.038630
14.013085
24.036813
24.017861
9.030935
14.032492
20.003692
18.023116
29.034115
10.009987
18.014689
24.019552
9.022296
10.003892
18.031255
9.026973
9.035221
9.076531
14.019238
14.039937
9.024069
19.022174
25.006825
11.015362
11.010139
9.035819
14.033025
24.009055
14.005390
29.014495
14.021656
14.020798
