13.000928
25.004052
17.010593
29.055565
22.006777
16.019530
20.000928
9.014475
23.012431
42.005724
18.000928
18.011001
8.052448
25.005795
14.005485
26.011559
26.017153
14.010067
17.005182
17.002220
16.010407
11.057648
24.006582
42.011270
22.004403
20.002500
23.005784
24.012213
33.008695
10.006556
9.003712
19.004092
13.033547
14.037690
29.014883
13.007370
19.006130
16.010067
9.011085
8.069336
27.007749
24.010347
21.027624
39.019950
19.004024
10.005664
11.003612
12.007036
14.011663
24.012639
13.029552
14.021030
10.011311
14.000928
33.018100
19.014343
12.005505
9.003832
26.050835
