16.004092
32.003712
18.003572
13.028686
62.003652
77.005725
24.006377
14.020473
13.048612
9.050376
14.008375
20.014469
29.006977
10.003832
13.008110
13.009627
19.050876
16.007037
29.011419
8.002266
18.008440
16.002560
9.005765
22.021885
18.016101
20.006417
23.006483
10.007087
39.008097
8.063879
14.012531
35.004149
9.003752
13.009947
9.047846
14.021176
24.005410
10.007783
19.000928
19.009019
14.003852
13.009827
15.023189
9.003652
8.074033
30.013825
13.028997
15.010561
19.005305
9.013626
8.035173
16.005445
12.010873
20.005545
10.005285
13.003732
15.005385
12.014049
9.044995
19.003818
12.003772
11.030987
9.060786
