13.022152
9.005504
34.003852
31.000928
27.000928
13.015223
24.005810
39.005970
25.003552
24.005725
48.012937
35.000928
43.012991
17.000928
31.005730
10.000928
20.000928
8.000928
10.010873
24.006876
42.017041
22.016501
13.005725
13.000928
10.005524
19.010870
10.000928
62.006956
18.022002
19.015103
26.003832
30.000928
14.000928
29.000928
27.000928
13.035671
29.008674
10.000928
16.000928
17.003632
23.053535
20.008147
13.046768
15.003972
13.015095
14.023314
10.011253
8.065292
11.006536
14.004032
8.004670
24.005765
21.000928
