1189.042250
1189.000704
1189.000704
1189.000704
1188.057122
1189.012325
1189.000704
1189.000704
1189.000704
1189.000704
1189.000704
1189.052987
1189.040646
1189.000704
1188.043006
1189.044681
1189.004946
1189.029673
1190.000704
1189.000704
1189.009427
1189.000704
1189.000704
1189.000704
1188.036708
1189.046759
1189.000704
1189.000704
1189.000704
1189.000704
1189.000704
1189.000704
1189.025410
1189.000704
1189.000704
1189.000704
1189.000704
1189.000704
1188.064424
1188.071126
1189.000928
1189.000704
1189.000704
1189.000704
1189.000704
1188.110311
