1187.032447
1189.000928
1189.000928
1187.000928
1187.053100
1186.112434
1187.008488
1190.024710
1188.222828
1190.033583
1188.005239
1189.000928
1189.000928
1186.000928
1189.000928
1189.038996
1189.000928
1187.157457
1189.000928
1189.000928
1190.023691
1188.000928
1188.000928
1189.000928
1189.000928
1187.000928
1190.043598
1190.000928
1189.000928
1188.000928
1188.000928
1189.000928
1188.000928
1188.040689
1190.000928
1186.031354
1189.054296
1189.000928
1189.054387
1187.000928
1188.000928
1189.000928
1188.000928
1189.000928
1190.000928
1187.128867
1189.023481
1188.036585
1186.000928
1189.102075
1188.000928
1189.043964
1190.000928
1188.000928
1187.006169
1186.035959
1189.000928
1188.000928
1186.000928
1187.133521
1188.006857
1186.001242
1193.023536
1187.032143
1185.034430
1190.002220
1184.049404
1188.127570
1188.000928
1188.000928
1188.000928
1189.000928
1188.000928
1190.000928
1187.000928
1190.000704
1190.002220
1187.069085
1188.000928
1185.092048
1189.047888
1186.000928
1188.000928
1189.043796
1189.000928
