1189.035202
1189.030984
1189.036050
1189.044282
1188.050130
1189.042223
1188.050096
1187.008007
1189.047423
1189.025136
1189.000704
1189.000928
1188.055589
1190.008455
1189.065051
1188.073499
1189.000704
1189.038501
1189.026502
1189.000928
1188.046822
1188.043246
1188.059064
1189.037895
1188.078284
1189.027707
1189.054104
1189.000704
1189.000704
1189.000704
1189.000704
1189.046585
1189.000704
1190.000704
1189.000928
1188.000928
1188.101357
1189.030377
1189.000704
1189.016126
1189.000704
1189.047371
1189.037260
1189.000704
1189.000704
1188.056078
1189.042361
1189.047978
1189.000704
