9.000928
29.003712
14.003552
32.007062
14.010971
10.008149
10.003612
19.000928
10.000928
9.003126
16.018524
15.009561
11.000928
11.038163
10.014349
15.000928
12.039568
15.016732
9.015121
44.011119
23.021170
10.005504
11.011425
26.008461
24.012137
19.020596
10.008955
10.009681
16.012791
15.028151
34.002220
14.023396
34.009975
14.013757
19.002266
14.027995
17.011381
26.023982
15.004338
33.009193
19.007548
14.071120
15.000928
14.007801
23.016296
29.011225
20.020460
28.033412
19.012931
24.061397
14.013071
14.024270
37.003872
21.028628
35.000928
53.027033
39.029078
