37.028615
49.039305
49.009847
29.040746
33.027584
49.050721
24.033404
49.002220
27.003658
36.010225
39.025228
39.030303
54.021704
54.024121
29.035168
29.039805
59.027231
60.002346
24.002426
33.029735
64.032558
44.009947
34.017349
54.016707
34.026893
34.029086
24.035993
24.039808
54.036220
49.011491
39.043947
24.051210
34.014062
39.033655
29.021784
34.034310
54.040906
30.009981
43.020464
24.030505
30.000928
28.018120
49.029965
29.037165
44.031365
50.000928
33.041714
39.036735
44.031384
29.021002
29.033723
34.032055
34.058084
44.014005
34.027908
44.047163
24.032493
26.004423
32.031959
39.043656
59.030698
34.017328
29.011649
29.030541
30.004282
43.018159
45.000928
28.016779
49.007921
29.010247
36.005110
37.034713
29.016507
44.030102
39.029823
24.020451
30.011800
38.029251
39.034419
45.015140
38.020032
44.074203
29.019045
39.046136
35.000928
48.026092
44.022158
30.007225
43.011467
49.041474
29.027793
35.000928
28.030098
39.007047
34.044958
29.057164
44.028102
34.048603
39.040622
31.004202
52.046312
39.043472
34.018856
39.017618
29.026929
39.011353
39.007202
34.061066
34.002220
39.032659
24.019172
39.027725
55.002426
33.031867
45.000928
63.025076
29.013471
29.051697
50.000928
63.002220
49.015069
29.049073
49.006343
39.010933
24.033317
15.004458
29.002706
29.002326
29.003146
28.013011
29.028394
29.027664
46.000928
47.070735
34.047174
29.015457
35.002546
43.025182
36.004422
37.012963
29.025908
30.014903
33.019330
29.058991
34.052038
39.005470
35.000928
38.026162
34.036988
39.031111
39.050326
24.046320
44.051973
64.006803
29.033989
39.022800
34.027365
69.007801
24.038736
44.029375
44.064026
39.024484
36.014501
43.004562
33.017307
34.028781
34.019322
24.029358
24.052998
39.018099
29.031508
39.018291
49.027590
34.058096
49.016851
49.018607
24.022476
34.008520
34.020891
49.033907
60.004402
23.025914
53.032388
34.049446
21.006055
29.000928
27.060850
25.018695
29.015443
28.035864
39.051684
42.000928
51.043907
29.017115
59.010971
29.022690
39.022482
45.012901
24.008537
38.011885
49.013407
31.005190
27.029628
24.030369
39.056513
34.010779
29.012711
34.014950
44.027422
39.019114
34.012789
34.028125
29.030509
39.039891
49.048022
39.005890
40.000928
38.021831
40.004610
38.052175
30.006317
38.036207
34.034051
26.016502
27.033509
54.022818
38.000928
55.009733
39.010947
24.028252
34.032439
29.028685
34.041922
40.009213
28.032237
49.024774
34.057148
49.024867
29.045635
29.067372
29.007029
34.019232
39.032428
36.009355
27.016740
49.022916
34.063611
30.000928
25.011101
53.000928
48.016248
49.031087
44.033955
24.033245
39.034166
40.000928
46.004663
36.021580
49.018984
29.060853
34.014739
34.029328
49.071430
49.017413
24.044287
29.043034
24.045122
44.032869
49.030463
49.008842
24.037076
29.031754
34.043150
44.016899
49.065527
44.027227
39.007283
49.024994
34.022134
39.029676
49.009143
39.058353
47.002386
41.008754
35.002626
38.010939
34.022694
30.000928
23.052629
39.025080
44.020871
34.010107
34.027769
34.031521
34.005150
34.024042
