47.031249
72.000928
77.000928
123.015715
49.006649
89.031889
99.010783
84.031142
34.011037
59.018094
94.015836
49.019574
49.009687
64.013409
99.039053
99.015464
39.015842
64.028622
104.032813
124.018370
99.037397
54.012571
50.000928
48.019006
54.023732
59.044867
74.007283
104.020056
115.004443
63.016372
50.000928
118.035966
109.012377
69.006622
74.017410
134.022074
89.018620
34.018266
109.024501
79.028459
80.000928
79.004283
58.012651
49.019832
59.035008
76.004243
67.034841
69.037273
64.009853
89.037006
69.017433
74.012951
49.012151
134.036639
99.011286
59.026873
49.040506
129.046471
44.014375
59.039264
34.006030
95.000928
54.006987
38.021020
74.013384
89.024800
84.025269
69.018753
114.018088
94.036235
69.032871
92.003673
76.006923
94.021522
59.044442
100.004203
38.045121
59.009687
74.033359
44.019684
69.014583
64.032391
59.046395
59.024286
54.037552
65.004323
68.026785
79.021916
79.008951
99.006694
74.011465
79.006802
69.019476
90.006413
123.007955
94.011079
124.039727
73.006144
65.026965
59.013789
119.020590
119.016076
59.027541
50.000928
73.018146
221.004824
67.005690
59.042069
80.005971
83.015476
86.006335
57.016814
75.014101
108.024420
99.030525
94.013302
104.034266
104.025028
200.000928
88.008335
64.022562
64.010755
54.030413
109.014835
69.008394
94.012955
64.033427
109.016528
94.020582
50.004684
78.005376
59.033946
59.010453
84.037794
79.028355
64.029247
99.017405
84.032355
74.021910
69.054825
49.024762
55.000928
109.006139
50.007081
87.037653
56.000928
107.025431
34.012825
79.023809
54.027891
44.013356
69.028533
79.031664
51.004603
82.041274
54.026092
84.005750
75.000928
98.006728
124.048093
61.011261
47.025527
64.008015
75.007563
38.035047
84.028254
70.007089
