97.020006
44.011245
45.000928
73.013847
54.008355
65.000928
83.007328
146.000928
57.011845
69.006375
35.000928
73.011285
64.005956
29.011079
59.009973
55.000928
63.008421
60.000928
48.022012
95.000928
64.003026
83.008015
54.026435
64.009373
59.010719
49.008249
84.011585
54.012905
49.011619
195.000928
38.002220
81.000928
117.018480
41.000928
44.000928
32.013471
74.006629
41.000928
82.052024
49.045450
60.000928
65.000928
138.000928
68.029138
54.035064
64.007969
74.008841
45.000928
84.000928
78.005311
104.013131
44.009219
64.008983
36.000928
72.015850
49.009873
49.012019
39.023245
74.027497
94.026496
75.000928
78.006823
59.022693
61.000928
57.005830
95.000928
48.037327
81.000928
77.007263
55.000928
38.018278
49.032754
44.012573
80.000928
63.021424
49.005050
79.006963
69.012877
54.005750
74.011255
65.000928
54.000928
38.013811
68.000928
71.000928
63.016307
60.000928
33.021077
49.020722
60.010250
64.000928
68.024111
87.000928
71.025399
44.011659
44.009015
74.009767
54.011085
69.006070
49.033865
64.006411
60.000928
78.024333
50.000928
39.000928
69.000928
58.007048
43.000928
60.008535
64.007883
94.005330
45.000928
93.005330
59.007263
104.007623
44.007303
54.015931
66.000928
87.007843
49.009120
75.000928
99.000928
73.013119
50.000928
64.000928
78.028995
45.000928
39.002446
43.019700
69.005390
75.002806
28.022576
80.000928
35.000928
53.000928
43.008115
45.000928
58.031084
65.000928
29.000928
63.011465
70.000928
53.007283
89.007243
51.002286
67.017408
70.000928
73.008695
39.010959
69.010653
59.010799
82.000928
56.019146
80.000928
75.000928
67.006542
64.002446
105.000928
39.000928
