57.015415
44.020964
64.007622
69.038169
81.000928
47.016428
74.019752
84.036318
65.014060
58.023882
35.010345
53.046604
50.000928
77.000928
75.014901
64.020004
64.012479
34.012911
64.015436
39.018178
84.015208
44.027651
84.013623
59.017425
69.016588
40.004462
48.023438
64.025212
74.049434
74.015418
99.018806
50.000928
54.009490
38.034465
59.020333
74.048237
40.004498
74.004483
23.049957
49.038041
54.015895
84.027880
89.017429
54.024606
49.006923
44.032436
39.022124
54.039299
84.016525
54.007182
49.013283
59.009167
44.009887
34.044353
54.020192
39.032318
39.018260
45.005960
58.033395
89.017487
54.007003
45.006725
43.013489
77.004623
61.034407
36.000928
42.019496
71.000928
76.000928
65.018657
34.027625
65.002626
58.027951
61.000928
28.006985
43.020474
64.019146
69.014547
62.008394
32.004523
53.012625
79.024220
54.019954
59.013212
49.032886
44.006050
64.038825
49.011179
69.023740
79.013391
94.019307
54.052707
54.033061
59.035999
49.039604
79.037843
74.046444
59.048148
74.027551
67.002686
61.032249
30.000928
58.027650
69.035683
54.034208
59.053156
99.006928
44.055288
59.035083
39.030525
74.013735
39.046417
70.012061
58.011352
64.023633
54.020812
105.004791
68.029827
49.031701
54.034858
69.018746
57.000928
121.018648
79.011159
50.004263
33.005802
74.043436
69.006948
60.000928
58.013571
44.039886
66.000928
57.036312
54.041373
49.020650
94.008555
94.019838
64.037645
59.007083
54.021256
34.033768
79.012257
79.006943
64.030561
84.028636
68.000928
37.005800
47.008621
44.037189
59.021104
74.017258
49.008881
71.015281
77.015727
54.018332
59.021714
84.012731
34.047620
104.026264
39.039337
63.000928
90.036118
69.054802
74.023680
84.026572
40.012197
43.041566
69.025028
54.007342
74.019764
54.018648
50.013755
53.034944
49.014603
36.000928
102.020232
39.016350
54.036588
39.025232
49.028735
66.002286
52.035627
69.017641
68.000928
