127.006010
44.009401
39.007622
49.021401
64.010447
34.005570
24.014265
59.007162
34.018264
49.005184
49.006782
40.004302
53.013437
49.008234
29.011223
49.016321
54.007375
64.005390
49.008755
39.050876
29.006662
34.012791
69.013983
74.015143
49.046010
44.008655
34.005476
164.022237
26.009367
47.008214
64.006190
45.010040
38.019995
169.007622
34.011787
64.005550
44.010653
39.013811
49.012431
74.012105
29.012831
79.012319
24.016954
54.004824
39.008914
49.011291
44.008527
75.006564
43.052740
39.041941
34.009933
64.008774
49.013231
34.008334
44.009787
34.010006
39.009786
39.007643
54.007202
35.004583
58.013197
39.009227
49.012463
39.006762
39.037621
40.000928
48.008435
59.008881
24.014243
59.010226
54.012199
29.005870
44.018513
39.015503
84.008640
49.005310
34.008714
39.009014
39.010035
64.008675
24.020728
24.030240
44.011979
54.009826
59.022299
49.013662
34.011665
39.009833
54.012545
44.006982
54.010133
39.007242
54.016767
39.008414
54.005730
34.006622
34.009774
54.010287
84.006782
39.007162
29.021884
34.021578
44.017632
54.005430
44.012099
34.007262
34.009094
59.005930
24.031687
59.005750
39.011378
54.009766
39.016553
39.009707
44.008594
34.035049
44.026480
44.008195
39.008654
69.012099
55.005770
38.023608
34.009715
49.009895
74.010673
39.009772
39.014074
49.028303
59.010026
54.014105
69.013437
35.007410
63.009686
44.015681
44.006110
64.011491
44.019394
64.010726
44.015960
29.015113
49.023062
35.004562
38.017488
49.012555
49.010987
44.029297
34.036985
54.010026
29.029290
39.002220
44.008175
74.010047
69.005390
39.008594
29.008525
39.012474
39.010766
44.009106
39.006110
29.017805
39.010772
44.008894
54.010686
34.022256
34.009966
44.008914
49.043011
64.005410
64.015002
39.011939
79.010107
51.005741
27.007002
59.007302
34.013009
34.026186
34.016105
49.008534
39.006935
56.013321
22.025881
39.051124
49.007322
