77.022922
54.060427
64.026546
89.015301
44.029699
39.042565
29.057308
74.009095
39.044432
36.004323
32.057941
45.010330
73.022396
64.032774
79.019046
37.000928
56.030548
104.011161
54.010061
49.056540
70.008397
73.007183
29.020614
75.004423
58.011325
44.015443
104.033263
46.000928
62.025897
54.019371
39.016466
74.032723
69.031391
95.020544
61.009661
61.022502
99.017680
89.020804
59.020142
49.034779
64.027527
49.018406
44.012175
44.032034
81.000928
52.015267
74.046069
44.027282
39.017899
79.030477
55.003932
58.030537
74.021574
44.038063
45.000928
58.025208
42.000928
76.010865
71.006370
62.035039
70.000928
63.007023
115.005023
53.025177
79.045531
74.019923
44.045052
64.027615
64.028289
75.000928
88.029166
89.033538
74.046055
59.034323
49.030868
94.022663
64.017348
64.032412
69.029008
54.031820
129.021180
71.000928
72.047981
104.016386
84.008235
40.010519
99.003446
63.011161
100.000928
43.040409
79.012025
41.011321
107.048563
134.031376
64.013647
59.018763
79.022399
64.038389
59.030039
60.017005
43.035271
59.014801
84.053429
64.017619
59.045346
74.029655
79.032400
74.012905
54.012751
49.008095
69.015934
94.010059
66.000928
54.004853
82.041170
54.011637
69.038787
74.010641
74.017844
34.032016
69.028126
74.027534
74.012881
84.033914
54.026002
54.019340
49.031574
49.045027
34.030350
104.038310
59.021382
94.041506
59.010679
49.030624
64.005236
100.006250
68.009347
64.008315
59.013771
60.014365
99.004222
48.008717
74.021278
84.017731
84.036056
54.022561
89.005010
54.026797
79.039509
64.044028
61.005070
42.031310
54.007342
89.053471
69.011773
44.006562
134.041913
64.027594
45.000928
83.043213
69.028617
70.003366
73.027509
89.025592
88.000928
91.006424
88.027430
54.049487
54.022483
74.017900
84.032368
69.043604
84.030022
59.029789
59.030159
96.000928
62.028978
103.000928
70.016815
69.018348
46.000928
64.000928
78.000928
100.000928
42.025552
49.022572
70.006544
63.029164
64.010247
89.018106
89.059948
54.016615
45.006221
48.016367
59.012911
54.017790
54.017523
104.032061
79.021416
44.009567
69.032720
69.014921
94.021298
44.041878
80.006685
38.037558
52.006201
