77.011745
65.004543
63.025329
64.033288
79.012957
46.000928
62.011665
104.014069
40.000928
58.008360
49.026426
36.009370
54.004542
102.019127
34.028559
79.012077
29.005725
139.024408
54.016295
54.025602
55.000928
68.011433
59.019319
39.033627
139.013141
59.008781
39.016287
40.009481
23.017419
39.010173
39.009055
44.025731
39.010273
59.033705
69.015796
84.010387
34.008795
59.010053
109.024797
56.000928
37.023181
49.024500
34.009798
69.005830
34.008521
44.011639
25.000928
37.007102
49.015029
49.012263
89.006543
49.009541
24.010899
34.005290
97.002286
56.018932
39.027636
59.005910
61.000928
62.051719
59.020865
39.022662
34.005797
64.011641
44.022045
44.010865
40.000928
64.000928
23.029225
34.018943
45.000928
39.000928
29.004602
98.023548
40.000928
28.009694
34.011245
79.018080
34.033601
74.010067
44.018092
49.016327
54.033312
69.020232
84.010053
44.014315
59.008035
69.018986
55.011281
53.022650
54.006722
30.010741
28.022127
44.020454
84.005836
49.021084
59.014695
14.044651
36.000928
74.000928
52.020871
62.000928
26.012877
49.030677
49.021646
79.007124
44.025282
39.027166
54.007248
64.006179
39.027198
79.007388
54.024910
44.009893
49.007102
132.000928
46.016229
44.027294
49.002220
44.011153
56.006135
62.015556
44.003558
44.010533
44.022244
104.024382
44.010467
54.007189
36.000928
37.021529
49.008501
44.011519
54.043334
49.028348
49.025657
39.012066
39.029676
94.008741
40.004723
48.019139
49.012339
110.004738
73.030771
49.048204
99.006762
84.047596
40.006947
63.013311
40.000928
33.019919
49.003738
49.007725
64.014733
54.034505
36.003704
47.014131
59.037067
49.021432
55.000928
83.012337
54.012925
49.017350
39.012339
59.010252
46.004018
54.005044
32.013151
59.026904
119.043011
44.019043
59.006096
34.010089
34.010113
49.013723
