111.014458
31.018416
49.012851
50.068778
35.008745
37.016069
25.005364
39.058585
28.014930
40.032775
18.011039
24.013955
51.067541
47.000928
39.003592
40.030809
29.017574
69.016329
28.004052
33.024732
31.032593
34.008049
28.000928
60.046927
28.004462
20.051074
28.022569
100.027779
22.028536
36.019632
64.024706
49.026979
50.005404
27.020378
50.005324
34.032120
19.040220
57.012173
30.007117
55.025166
32.044533
39.021356
51.005704
29.033118
23.005224
24.000928
22.006737
17.039512
35.063359
67.012885
45.024900
32.009553
26.015109
24.033237
68.021064
38.007283
30.000928
