108.004542
64.002600
64.002560
84.000928
164.003872
59.006719
99.014331
155.003106
88.002726
58.016423
41.002286
123.004562
88.010192
130.004908
48.009281
75.002526
58.060197
70.006139
54.004398
78.009993
65.004098
128.063479
85.020890
54.005084
40.002906
58.011823
66.003532
82.003758
84.003972
94.008623
66.009861
47.000928
46.017714
57.006070
64.004092
54.002800
55.003638
43.003632
99.002460
188.010795
69.042494
206.002360
69.002306
164.003858
52.007289
70.003792
59.000928
93.014337
89.011339
57.002586
146.011415
81.004092
67.051504
74.026058
51.008654
72.010153
76.004366
83.002220
75.010835
118.012146
49.006948
48.007342
68.019763
56.007567
73.020855
65.000928
90.003812
60.004984
72.002760
54.006257
64.005244
50.002886
82.014011
41.004618
63.010771
53.020815
