17.010187
15.007223
18.018385
16.018040
13.012705
25.012731
14.004464
22.013783
45.000928
18.010585
20.010633
13.046125
14.026323
19.009113
14.007703
24.014125
20.003812
18.030044
20.000928
19.007357
14.011219
20.020878
20.000928
59.007045
14.006737
19.021750
17.005845
24.004012
12.025290
25.041173
16.008555
12.019206
15.000928
15.014975
11.028667
12.008401
13.019578
18.037681
11.000928
14.023260
15.025804
17.023396
14.010879
13.049929
14.031855
12.023370
21.010007
15.030839
14.005165
20.022122
34.000928
13.010939
18.007029
14.058678
19.035502
10.006957
13.037739
14.015787
12.022390
27.011193
13.009581
12.024724
14.017700
