109.004383
10.000928
9.013261
31.025692
14.040217
29.030183
9.033599
21.005445
18.014109
17.005064
31.017148
24.012311
10.049831
10.000928
10.000928
10.014996
9.039304
13.008840
12.009233
10.008595
19.011399
22.051379
10.014565
17.011761
10.000928
13.014257
12.004092
14.011673
23.030681
16.042060
14.010939
13.008755
36.029893
14.007217
12.030963
23.030349
31.082735
15.009933
14.009501
13.012391
9.030424
9.014917
13.006368
15.065810
14.009387
12.004052
24.000928
12.006295
9.005405
13.016559
15.008148
12.010933
18.006677
13.027889
10.003653
15.013085
12.047774
14.025750
17.021192
13.000928
15.005270
9.017474
9.018420
10.000928
10.002306
16.005875
10.012351
19.040327
