14.011939
21.012877
12.015475
30.015270
41.012553
114.008883
13.019307
19.023570
16.002300
14.027357
53.010357
14.011805
20.006756
23.000928
23.012729
9.009706
32.002320
12.018818
15.009830
13.004178
23.015361
9.019178
40.006357
38.014343
10.003572
19.003972
14.005524
24.003892
8.055303
15.000928
10.034905
14.002280
12.032220
9.012957
9.023168
14.030967
15.002760
9.003732
18.008654
11.011433
17.013906
49.018299
14.009579
11.010853
9.002820
12.039913
11.027380
9.013269
18.010701
10.006537
33.005164
11.002380
17.010281
14.009621
9.003888
17.021892
9.014253
19.011259
