13.013073
13.005910
24.015055
4.037983
4.024168
24.037591
29.009667
9.014425
29.026766
4.032080
39.018578
9.038679
9.024356
25.010001
13.030868
19.038135
9.016455
19.009115
19.013057
9.022982
29.008734
14.009819
14.011045
9.037127
9.046656
9.019218
19.005530
9.007282
19.016814
29.043793
34.010121
14.013915
14.008661
19.022564
19.007222
24.011719
24.007242
19.005690
39.007242
15.007185
28.005430
4.042879
9.034261
19.006742
24.015667
35.006525
13.011265
44.027918
9.037192
29.033872
9.009987
29.024452
29.020681
14.009220
29.007182
9.011831
19.053261
19.005830
29.007742
10.007185
