108.004543
8.025808
10.018729
8.033816
9.012251
24.009415
15.000928
13.034546
9.020072
24.017061
4.026266
21.015081
12.059609
9.045496
9.034811
24.012906
9.017766
14.013711
9.022010
9.003938
9.044386
19.020317
9.050384
9.035571
14.013703
9.020698
14.037153
9.020772
4.049690
14.021469
10.004642
8.041375
4.043815
9.022298
4.040578
9.030897
9.024181
9.033393
9.027531
9.054687
14.007835
4.030073
5.004823
8.015395
10.015261
3.055949
19.049749
9.030099
5.013291
23.011901
9.008375
4.021070
9.015517
15.004303
8.018020
9.027505
9.003618
14.054344
4.025720
9.026366
29.015119
14.016080
9.019495
14.023190
4.029956
14.023570
4.041883
19.014309
9.044816
9.025993
4.042910
9.022244
9.011065
10.005056
8.011559
9.023517
24.012437
24.032330
9.021680
4.039748
9.033931
9.014677
24.017498
9.038357
14.014247
10.010807
18.017959
9.025530
10.002526
13.027902
