108.008260
29.000928
8.024334
14.031520
9.022265
14.011965
15.000928
28.035728
24.002220
15.000928
8.016275
20.000928
33.048520
15.000928
8.023493
15.000928
18.019174
9.015975
14.006057
24.020599
14.023694
29.022395
29.011253
14.005310
9.007748
24.007662
14.008148
14.009732
14.047581
19.016901
35.000928
28.034373
30.000928
23.009464
17.002486
31.008474
24.007034
24.005370
25.000928
38.006854
15.000928
23.030294
14.006050
20.000928
23.022604
19.008435
19.014482
19.016847
14.012395
39.006702
24.009126
