42.016987
9.014535
24.007795
29.028418
14.023668
9.022152
9.009887
14.023598
14.008735
14.012039
19.020684
9.010293
14.014270
24.035507
14.029401
14.041898
9.014323
5.004772
23.018199
9.022609
24.037194
14.049094
10.007253
19.000928
13.027060
9.025194
29.025186
11.005610
17.028104
14.011979
4.026052
9.023642
5.011130
13.023797
40.000928
18.014163
14.019118
9.019964
24.010745
9.023930
29.005130
19.021298
35.004290
13.023618
9.019011
29.019763
10.000928
8.014369
29.023736
10.000928
19.008613
8.021520
14.013051
11.004562
11.000928
15.039301
19.020898
14.010573
14.016977
9.009035
9.017033
14.018537
5.010250
8.022626
9.017174
14.015401
24.017964
5.009234
8.019172
24.019492
15.014145
13.031616
9.029371
