107.025567
9.013017
21.004623
7.018776
9.026000
19.028930
9.035479
14.010835
19.028611
14.009401
10.000928
4.008135
13.012053
4.031298
14.039748
9.038668
14.015015
19.018146
14.022027
10.004162
23.025638
14.011495
9.027679
14.009393
9.037268
4.025955
9.007875
9.025100
19.029382
4.055078
9.031958
4.040015
4.039786
19.037830
9.042976
19.014137
9.028683
9.025820
19.007094
9.020204
9.005510
4.034128
7.004663
6.024119
9.023888
4.038922
14.034480
6.006625
12.040898
4.047180
9.030970
14.029996
9.054963
14.023176
4.054993
19.008421
9.008181
9.047353
4.067247
9.048268
9.032912
9.019988
9.011798
4.051667
14.045039
19.031791
15.004583
8.013417
9.007043
9.038952
14.016635
9.004178
9.017387
10.009801
13.018872
14.019878
9.016286
19.022508
14.028885
5.021616
13.031761
19.007969
9.038689
9.029685
9.035203
14.027012
29.049344
9.005031
9.034618
9.006696
4.027053
