108.004523
8.021804
16.000928
7.053986
4.042503
14.006543
9.021170
4.036277
9.026038
9.033041
4.036424
15.010009
8.047567
14.014355
9.035017
9.021080
4.017024
6.006315
12.036693
9.027386
9.042911
14.024662
9.013371
4.022109
20.004583
8.011199
9.022338
11.013461
12.036307
14.053921
14.025460
14.016908
9.043903
9.037859
120.008101
3.045756
9.028058
6.004312
12.012681
9.019130
4.038560
27.000928
11.015724
4.017559
14.005970
9.017981
4.040736
9.011379
14.029629
4.035227
4.030622
9.005296
9.012937
14.029155
24.022101
24.032783
5.000928
8.035797
25.002686
8.019116
19.022684
14.008541
9.018192
9.013529
4.042647
9.016113
9.008949
4.050412
9.042757
9.010649
9.007043
4.050154
14.025700
4.050388
4.028129
14.023882
9.031803
9.013851
19.031799
9.029294
14.014189
4.046422
44.006742
24.023484
