107.030028
19.012611
6.005918
8.009850
18.030248
14.031743
9.022350
19.003598
14.033621
10.004363
8.041663
19.040261
24.035338
14.016943
10.000928
8.045209
9.023434
4.039713
15.006024
24.012941
14.002706
9.002686
23.015770
9.025084
4.046164
5.000928
8.017815
9.027392
9.020252
9.063748
11.000928
12.016634
9.006470
9.022754
9.043710
5.008811
13.005230
9.022076
14.017365
15.000928
13.024800
19.012991
9.028524
19.024558
10.000928
13.046541
14.016381
14.016548
9.037489
14.038063
9.028425
14.034485
14.012457
14.016269
12.000928
16.011239
9.034085
24.012557
24.033493
14.030649
9.016151
24.013709
19.055183
9.040047
6.004583
17.035194
9.037855
5.017531
8.011471
9.006714
4.051239
9.039798
9.018972
14.031638
6.004542
8.013017
13.026758
14.041014
4.040680
14.026814
16.000928
12.034329
