8.000928
19.000928
18.008568
9.008195
15.000928
10.000928
13.000928
4.000928
28.005325
5.000928
24.000928
19.000928
14.000928
34.000928
30.000928
12.022864
20.000928
8.014291
15.000928
18.005450
19.013597
40.000928
13.006529
10.000928
39.000928
28.011181
10.000928
19.000928
10.000928
18.000928
9.000928
8.013683
15.000928
13.012071
19.014335
15.000928
18.028899
19.005590
9.019464
5.000928
13.012977
25.011870
6.000928
26.024961
7.000928
11.011709
9.032468
35.000928
18.006862
29.052427
34.016487
19.007168
15.000928
13.029488
5.000928
13.006723
10.000928
33.007202
15.000928
13.005630
40.006865
9.000928
9.000928
14.000928
8.029760
14.012321
10.000928
