7.012011
9.032950
20.000928
19.000928
8.008341
9.015149
24.008375
21.000928
13.012700
29.014604
19.000928
8.018339
22.000928
6.016114
11.000928
32.021497
20.003998
23.012159
14.008195
9.012351
20.000928
43.009163
9.023638
4.027648
29.012411
14.008514
14.012657
14.022374
6.006585
23.000928
9.000928
9.000928
4.000928
6.000928
8.002306
14.002926
7.017300
19.008334
9.034514
6.000928
13.006985
8.049155
6.000928
17.016087
5.014401
13.021677
9.024542
11.004478
7.019438
41.004850
7.009573
10.013943
23.014727
13.002966
15.022315
4.037673
31.000928
8.000928
8.035595
12.004778
20.000928
16.000928
6.002506
21.025844
4.023902
5.004358
15.010190
7.017155
6.004598
9.000928
18.004438
18.020510
9.034231
14.016835
4.047821
49.013291
15.004298
