108.004443
10.000928
38.000928
18.029866
4.017068
14.011691
5.000928
13.013912
9.022172
10.000928
18.037455
24.009807
30.000928
8.022038
14.033045
6.002806
22.018966
15.008821
14.000928
10.000928
12.020504
9.018277
9.041417
9.027991
14.043459
11.004463
7.026832
24.059570
14.013869
19.025540
9.009960
19.033284
14.025475
29.009799
9.016312
9.024177
9.016221
15.005227
23.015925
14.010073
34.032811
9.041793
24.006070
19.027613
14.019481
29.014043
14.020046
14.034269
9.013331
14.013615
10.000928
13.043330
14.013063
14.045298
19.017222
9.029723
24.011099
19.025036
14.008255
12.011761
16.023021
15.000928
10.002906
20.003426
16.010191
14.016588
11.003126
