7.031878
14.044685
29.024332
19.027618
9.012551
19.024821
9.011487
14.033863
19.029973
14.019978
14.016488
14.004084
9.027530
29.024540
9.023129
10.000928
8.053590
14.019118
6.010081
7.022794
14.041326
39.038885
5.003732
13.011925
14.012997
9.012735
9.010143
3.040069
9.029063
14.038095
9.032607
9.035886
34.024475
9.008815
21.004602
13.006250
13.014080
9.022084
24.017336
5.000928
3.054177
20.002886
13.041384
9.039316
19.013571
14.043736
11.004663
12.038047
24.042839
14.017931
9.037717
19.022348
14.043317
7.000928
56.022196
29.020822
9.032926
14.035836
10.000928
13.016141
9.029981
9.054328
19.012771
10.000928
13.048724
9.036289
9.035053
9.021346
9.047890
19.049902
9.013603
19.017828
9.014919
19.023752
9.029282
20.008861
9.000928
23.026265
