108.014161
13.032656
10.004643
9.013827
13.024673
24.040863
19.030805
9.020404
4.031069
9.036298
20.009563
8.054381
10.023637
8.055267
19.036258
9.038833
14.021217
5.006967
8.029171
9.022857
9.045998
9.035818
6.008619
23.004463
13.040080
9.003558
9.035755
9.027850
29.013299
9.035001
4.040546
19.021875
14.020052
19.034361
14.050761
14.035460
19.027424
4.043599
19.031329
4.047611
14.025611
19.031523
14.021804
6.003030
7.028502
9.030371
4.057804
9.038337
9.031979
24.028340
4.029823
9.029228
9.028677
9.008115
10.000928
13.013737
9.028563
14.034432
4.033052
25.000928
8.017421
16.004243
15.000928
6.044953
24.005256
4.045604
4.052271
14.033918
25.011245
8.023861
9.014057
19.026919
9.037150
10.027468
8.051605
15.004203
5.004543
32.038721
9.016377
14.016649
4.025372
24.022154
4.030263
