12.040615
9.031144
9.043321
9.015801
9.012791
14.035109
9.009547
14.009813
19.007322
24.009429
14.007043
9.046473
14.008888
19.033141
9.034359
14.029182
19.032238
16.011221
8.007199
18.008003
9.016807
19.007488
14.029457
9.005050
14.016035
9.017680
9.013331
9.006051
19.008323
24.007722
9.015735
9.024822
4.037211
4.028979
24.028930
9.031570
15.009461
8.008574
14.006862
34.021313
9.024022
19.011667
24.042172
9.043633
9.021438
9.019921
14.005250
9.032401
19.035523
9.050191
29.039715
14.002220
9.005390
39.002220
12.000928
36.005910
4.041357
29.045269
9.028337
14.005950
14.030700
12.007921
6.041809
14.012877
9.011761
14.007168
14.006170
14.013067
4.046886
14.033129
24.008535
10.000928
13.007543
9.025158
14.020425
14.005810
24.005631
14.007222
