12.014819
9.005670
4.036515
14.026392
4.041988
4.025536
9.039363
14.016355
30.000928
8.021676
11.010910
2.030319
5.023817
6.010873
20.000928
15.012385
14.008414
19.015375
14.042857
24.018702
9.061515
10.007161
8.024702
4.036831
14.011447
15.000928
3.028943
14.016334
24.009733
9.036984
14.015613
4.028063
15.000928
13.013023
9.011119
9.034220
7.006605
21.008215
5.000928
10.000928
8.003750
28.039119
29.020770
4.033981
19.024620
14.008795
9.046954
9.010557
10.000928
10.004602
17.008495
14.011259
14.030723
20.000928
13.013303
19.019292
9.019781
14.008161
11.002006
7.023888
5.006051
5.000928
7.022985
19.027958
19.027360
10.000928
3.024963
10.011025
8.008734
19.006483
29.017493
29.011959
21.000928
5.000928
12.004333
13.020902
6.000928
22.037797
5.000928
14.000928
8.014963
4.020984
20.000928
9.000928
13.026494
9.017667
14.025366
9.025305
10.000928
