18.005755
18.052889
14.012157
5.000928
13.032936
19.020018
9.041614
9.037881
15.004602
8.036363
9.019617
14.003824
29.013145
9.005582
14.049807
14.040733
9.026553
24.036902
19.026733
14.031171
5.003832
13.025568
14.025446
9.020530
14.016867
9.028998
6.006425
17.013409
14.037868
14.007867
14.032847
19.018426
9.027524
24.034812
9.055892
19.038525
9.040734
9.022592
14.039711
24.023768
9.034433
9.018020
24.024968
29.013769
14.003858
9.024808
9.033403
9.007282
9.029082
9.019978
14.041340
20.012120
18.027376
9.030361
19.017567
14.010486
9.044703
9.038678
9.019378
10.004642
13.026918
19.035989
14.038905
9.010367
19.008100
9.039507
24.015548
14.007403
9.023746
9.038902
19.042530
9.043639
9.005330
19.022354
19.042892
14.006828
14.046927
14.039879
14.042517
9.046764
14.018746
