62.044671
54.019140
79.043301
54.042242
64.020637
64.014435
64.010739
94.009767
64.005430
67.006865
66.014303
34.018739
50.000928
43.050941
74.023465
59.044314
39.043580
60.012161
58.009607
54.009386
44.007222
44.026208
64.021700
50.000928
73.037260
69.015632
135.009801
63.008002
164.015318
69.022478
44.008862
104.011001
54.016770
49.008821
74.007042
79.005291
54.009154
69.015457
81.000928
43.011461
103.011793
65.000928
63.011559
74.027047
59.020374
64.011277
49.048968
64.008041
79.020672
59.019342
69.013151
76.012461
52.021584
84.019436
74.007062
69.005010
56.014041
62.061802
69.003718
79.032833
74.007563
55.009790
