102.026032
140.012221
78.057363
89.023854
64.046491
124.039123
79.043841
104.031882
85.011858
88.018041
114.020498
66.000928
87.029935
84.003818
65.007301
68.033613
89.026854
59.021734
99.025146
74.038793
91.000928
134.010201
102.050557
91.003992
62.034007
99.038651
94.019698
124.033116
99.028573
59.051416
84.010327
95.004985
53.061064
119.030829
89.023076
40.000928
93.007823
84.009852
99.032421
50.000928
83.007909
82.003658
71.070215
49.012239
74.034373
64.015433
69.027492
94.007008
54.027637
109.020964
54.012797
94.026922
65.000928
73.029532
69.006782
84.012123
64.045010
99.009241
64.039862
89.021730
99.002220
79.009647
79.012337
114.034409
109.013559
100.010815
83.018052
109.054071
70.008879
68.006614
86.000928
62.015588
94.049243
91.004363
112.032207
79.014279
69.016375
69.025510
70.000928
53.031391
79.014875
155.000928
133.034500
119.039639
65.003226
73.012897
86.015641
92.026224
84.018887
85.020960
68.046564
99.016547
89.019606
94.028422
59.025878
54.044235
59.027718
74.048553
74.023123
59.008854
64.015069
59.012557
85.004482
83.027415
109.007723
70.012581
