84.002626
132.030292
149.009927
54.040602
69.021477
69.050825
44.020136
90.004563
63.011589
89.010605
54.028079
66.002346
77.024466
53.030623
84.008754
179.007282
69.009867
99.035065
74.011027
74.033360
76.006270
83.015085
73.011579
64.012027
74.026616
99.012681
81.005696
57.018714
99.011665
89.012805
95.017488
80.003918
72.017597
64.046104
104.005670
84.017243
64.007149
69.005150
79.005390
55.011500
73.029755
64.011067
69.054731
84.018870
61.002306
59.000928
52.006942
84.005890
68.002506
36.005811
68.007062
79.021221
74.049806
69.005370
59.021974
99.010287
54.013470
99.008615
69.009947
44.029322
54.005430
84.037638
64.028399
84.007082
119.020144
64.019391
69.043033
124.013551
96.002706
73.007983
53.015007
59.022802
84.008694
89.008614
54.009135
74.005710
61.007476
67.020896
64.005630
