107.035366
74.035031
99.010487
74.015321
55.004322
43.040738
70.004742
63.020256
99.006310
59.010607
49.041880
75.054138
88.026340
79.007877
99.005596
114.033829
114.005730
74.036797
55.000928
63.006689
79.037129
58.020800
89.061268
89.014535
79.040952
80.000928
73.009847
69.028276
128.022453
74.017027
84.018280
99.039505
69.009966
89.008215
94.011439
79.042504
75.000928
113.011559
84.007942
74.035829
69.034744
90.000928
128.005751
109.026619
65.015020
58.034717
64.007842
74.024194
79.043070
54.033279
70.004244
58.048256
99.017506
89.023907
104.026609
84.010707
94.042690
59.014264
119.021190
94.024758
119.027160
134.012971
99.005990
115.000928
56.000928
