107.020132
70.000928
79.000928
58.016231
85.000928
50.000928
59.000928
84.000928
65.000928
108.000928
82.020451
74.006019
51.000928
67.011573
75.006070
68.013091
104.017553
56.000928
67.016254
69.021041
79.020758
86.000928
97.028506
75.000928
85.000928
62.043320
45.006828
53.012153
61.000928
102.013717
64.017634
119.023132
39.019560
67.000928
76.016647
62.000928
71.008115
86.000928
62.008081
69.013850
50.000928
68.028065
90.000928
90.000928
75.000928
92.000928
45.000928
88.000928
93.010913
74.028372
90.003206
83.013643
63.000928
101.000928
38.015855
64.015981
74.021731
56.000928
77.009187
54.015542
64.014127
46.000928
107.007122
80.000928
56.000928
84.000928
87.000928
73.012099
76.000928
67.011371
75.000928
80.000928
52.015551
72.000928
122.000928
83.009973
84.011133
84.014635
86.000928
84.000928
69.000928
59.000928
43.000928
73.005550
75.004462
56.000928
63.000928
57.020418
63.000928
97.000928
88.000928
93.010713
50.000928
39.000928
39.013981
63.014437
79.011035
91.000928
87.023696
79.015702
93.009810
71.000928
61.000928
105.000928
75.010167
