112.006862
79.009687
94.022876
124.006723
104.022308
74.015055
74.037125
244.016667
149.009953
85.000928
89.000928
85.011441
104.004463
77.017348
139.027382
74.016647
84.019759
119.016997
69.012431
104.015495
134.019048
69.049663
84.025380
74.022846
59.037781
134.008501
106.000928
72.019832
110.000928
83.023212
109.017340
154.048645
139.017626
94.016807
89.007542
74.016519
104.013509
74.010257
179.017120
89.008274
64.011439
109.023995
184.030116
94.009149
79.008095
89.020984
84.028390
124.017345
94.021956
109.019761
74.037031
79.015175
79.020284
84.007202
91.000928
77.008741
64.008535
109.007522
77.004642
61.014911
79.013491
124.016215
130.004562
68.016353
69.027388
54.025785
154.008075
44.026546
69.032708
121.000928
83.006365
188.022761
110.000928
83.013437
54.008074
93.000928
80.010927
50.000928
113.021957
69.018204
109.019111
209.008374
129.028022
109.026562
95.000928
208.025367
74.020559
124.007182
99.013443
134.016447
134.011265
89.027465
69.044539
80.003206
113.016807
89.005510
107.002446
96.018720
64.064052
61.011441
