57.020324
104.006543
59.037311
99.023970
60.008081
48.018920
54.060905
89.025605
91.000928
92.002220
89.033051
114.022888
90.000928
64.000928
69.000928
81.004523
81.042010
94.032462
67.006124
92.000928
73.020710
104.050600
79.031737
74.018613
144.012543
84.046232
60.004798
80.012393
47.027564
74.026472
70.012001
83.022846
61.000928
72.024267
89.005291
94.043694
69.009873
81.000928
107.015921
49.032710
77.000928
71.020770
94.022182
65.000928
79.003512
53.015523
84.009767
57.000928
56.003618
67.002786
66.017837
69.007183
69.048253
74.012757
144.035541
90.014241
63.005631
69.012315
74.023770
42.006845
91.023762
54.018119
109.023908
71.004583
72.027742
65.003270
98.025298
84.035341
59.035990
69.031442
49.022310
69.005630
59.009046
44.027094
64.028305
44.012523
64.007022
104.013437
79.010353
64.028340
89.021775
79.020058
60.000928
88.015348
64.043111
84.018752
135.000928
118.009753
90.002386
71.000928
76.029459
84.022104
94.023536
74.032528
84.010387
61.000928
43.010941
79.000928
123.016817
49.026787
69.010293
89.014995
99.025986
64.019698
69.032711
94.052296
74.012101
94.019131
69.009747
59.037656
84.033485
74.020683
99.024442
64.005690
99.015281
69.019784
64.007583
54.049042
50.000928
68.024082
101.007371
77.054831
59.007722
49.010195
64.025041
82.000928
81.016196
54.025408
59.069598
84.010573
106.000928
72.033495
65.007841
73.025842
69.008785
84.010033
59.023504
54.009873
74.007542
79.011991
79.013757
84.017153
89.025140
111.003532
57.005210
59.022452
