108.004443
78.015755
84.008134
59.018308
54.017448
90.000928
153.027738
84.029920
89.009885
109.020406
67.004658
106.033114
59.022036
69.031847
99.009847
105.011040
158.012477
74.019416
69.011453
64.031867
89.030660
90.000928
78.005350
94.016789
119.021446
74.008574
79.006762
84.014673
144.011679
60.000928
78.007809
134.005230
69.015441
109.029865
79.007242
74.012631
70.000928
63.023911
70.000928
68.021736
199.016933
95.000928
114.000928
93.012551
99.014771
54.040599
62.000928
156.017450
100.006801
73.011559
79.011799
64.017740
74.010747
64.016496
69.028526
79.021218
104.011145
130.004183
120.010101
62.018846
54.018720
70.007201
103.014619
104.007182
59.025237
84.018311
49.042020
44.006562
56.000928
77.012697
129.009846
70.004392
103.020318
69.031220
54.058780
169.006683
119.037069
99.018976
74.011059
67.009950
86.008381
84.021604
94.011903
59.018697
89.017625
74.011491
79.032410
79.016943
74.024676
79.029456
69.033602
119.006823
114.017667
149.006943
69.030883
85.000928
83.014563
109.007102
115.000928
88.015516
84.007242
69.037842
74.011145
76.000928
112.011579
69.016127
81.000928
