148.024615
108.006519
165.008081
93.008408
124.010659
164.011059
95.009561
113.021820
135.014740
154.004252
108.025208
194.023249
124.026870
115.011901
118.020022
149.009647
154.021502
129.009627
136.005975
142.013984
134.032973
154.013635
104.011299
144.018746
97.000928
101.023402
179.021344
114.014143
164.020446
199.017640
90.000928
145.000928
162.023572
99.008381
134.018946
129.007981
134.011179
94.039468
104.011679
169.019702
149.011643
139.031673
119.052986
159.015592
91.004030
157.007083
89.022156
194.020372
155.007063
113.012111
199.055099
204.016115
149.009607
164.013121
