173.000928
93.009261
109.019279
79.006010
139.017487
114.011219
115.004262
78.006982
150.004543
103.008475
79.018843
89.005990
99.007182
89.007222
124.024493
204.005990
149.005690
49.009807
105.000928
113.038694
74.005870
69.012271
105.000928
94.000928
73.005410
84.015443
115.000928
74.004786
73.023579
104.020385
59.017813
89.020817
89.015397
70.000928
78.053812
69.019026
69.007222
84.020988
114.005570
102.004050
82.000928
83.017800
86.014740
62.005430
114.025380
74.020746
129.014911
139.011985
104.015203
109.014703
74.006742
54.015315
71.004583
102.018788
99.008114
90.000928
99.000928
113.017073
79.016502
179.013463
99.009773
61.000928
82.023234
95.000928
103.013283
99.019470
74.041702
65.000928
68.006962
165.000928
118.033533
110.000928
108.010362
90.000928
239.004623
88.024049
59.020350
70.000928
68.005650
105.000928
68.014289
74.046690
64.005270
139.018471
54.066923
104.014631
115.000928
83.007775
84.013431
80.000928
93.011045
79.011351
64.051490
105.000928
88.009853
64.022975
54.007128
60.000928
43.012063
94.009847
79.012687
74.015556
149.008775
104.014129
75.000928
93.005490
90.000928
98.006010
79.019484
