128.003226
83.017711
49.027036
89.038091
94.041791
84.005210
94.008969
79.030165
80.000928
138.005556
94.017047
79.022592
115.004543
88.019162
95.000928
59.000928
74.007883
108.057985
64.005811
74.029913
130.000928
48.017224
119.052959
105.000928
113.003998
89.044799
94.013313
99.007722
94.016768
74.018346
74.005230
89.019724
70.000928
84.010753
73.014610
59.011445
129.015679
93.004172
80.010133
100.000928
78.017672
95.000928
109.002346
90.013961
87.033367
114.013595
120.004443
89.000928
139.004523
118.019918
54.020433
76.008461
87.039858
84.035401
89.033923
139.006749
64.002220
94.041153
74.013651
74.020116
119.017208
131.000928
73.000928
78.008561
114.012117
69.054502
109.049931
170.004203
64.000928
68.010407
85.000928
98.039719
105.006090
68.010267
104.039532
150.000928
98.009603
74.024346
84.003678
59.022339
90.013679
98.048500
105.000928
78.018630
67.011969
