18.010389
13.010953
15.005505
23.026784
15.013065
16.013757
16.022766
32.003753
22.012365
18.019014
24.019372
16.012330
14.001822
12.095573
24.034838
14.012377
17.006557
12.022862
10.065277
15.004112
21.027825
14.014131
16.003932
17.005131
10.022064
21.006317
26.064266
19.089949
19.005250
15.013175
12.006397
9.012045
20.054072
15.018395
16.003892
14.004012
11.076291
19.047897
24.046014
25.020032
12.028325
35.011519
15.019620
10.088754
12.034660
14.026982
17.003752
16.054907
19.043802
12.034963
31.020920
20.014688
14.006637
21.007379
16.007762
14.013949
21.011313
18.012771
19.014969
15.011385
22.021502
19.008709
34.009621
