18.010851
23.029649
19.005650
14.037017
20.003632
13.031647
20.000928
20.003190
18.003918
29.000928
23.037618
14.038869
15.081004
27.027713
17.003672
19.018740
26.041898
39.044189
20.015495
25.004072
23.036669
29.011279
15.005855
18.023498
19.027176
14.032726
19.005430
24.025678
21.007990
23.002620
18.005976
29.019199
30.011813
13.033251
26.000928
17.004038
19.016427
24.021070
35.002400
14.003812
14.005765
14.003772
29.013783
23.017095
34.018486
14.029904
24.009607
14.055400
24.034260
19.056862
15.011733
14.000928
15.003632
13.023457
