108.004563
23.039526
14.024296
19.021238
14.028379
26.030549
14.037186
28.004302
20.019492
13.000928
9.008968
24.000928
14.000928
24.000928
15.060443
12.038162
9.045428
15.000928
45.016247
13.006536
23.040691
9.005736
51.021916
19.017394
17.012757
16.017388
16.010331
10.021212
40.008234
19.007257
16.007949
38.008375
11.008989
12.012977
12.009033
14.029528
17.082941
21.026833
9.031841
15.010081
13.018794
11.022043
12.025698
9.127174
25.010861
30.012272
12.014803
9.027657
9.034967
14.008987
16.014595
12.017244
14.011321
14.013823
9.034193
21.020100
14.006656
12.051347
14.008695
