24.012637
14.018433
17.024820
15.027153
18.014475
14.032381
22.006355
27.008189
19.025709
53.016649
15.003672
14.003932
13.006090
44.018845
14.012263
15.000928
28.015777
25.003732
10.027724
37.007202
29.016449
15.010871
13.009279
10.017856
8.020510
24.010960
25.003732
9.003992
10.013323
18.034373
15.016108
7.044381
45.003532
19.009921
19.010341
20.009953
17.009021
14.008880
20.003832
13.036018
10.003632
28.027960
20.007567
15.015136
28.008309
20.040402
12.011085
45.006777
27.000928
12.000928
18.003592
29.008089
25.003592
23.008609
19.010693
