8.005835
19.006517
9.018100
12.064572
21.000928
13.008461
15.012497
14.006757
9.049133
8.023470
10.000928
32.011873
15.007687
25.000928
19.011330
21.008559
17.020755
43.013910
19.026612
14.006863
20.000928
19.006499
14.004112
12.023596
21.008229
16.005245
22.057936
9.008101
21.030375
22.013877
12.042735
11.031081
8.014990
19.000928
23.024146
49.037492
19.029457
11.016068
13.000928
8.022948
27.015090
13.024449
10.009681
20.027586
20.021702
30.018114
14.008688
11.019352
11.055215
11.012251
13.003692
11.034711
15.024754
19.017814
46.010391
10.002680
13.024889
13.010393
25.000928
13.020012
8.036744
13.016622
22.007715
22.008800
