25.003932
113.041001
14.000928
17.042633
15.028973
20.026013
18.014897
23.026671
19.030855
16.028757
18.020675
23.019354
18.020311
20.007365
18.014065
19.015842
9.048597
14.029369
32.050905
11.048100
10.018828
13.049988
14.005722
16.003652
13.004583
18.032747
14.015321
10.008709
16.036956
16.026502
24.027644
25.038811
19.014882
24.008055
10.014470
17.062713
34.003958
14.014895
19.021011
28.038581
21.013870
18.019572
29.013675
10.008515
28.010826
9.049052
10.004642
19.009483
21.075943
23.038823
10.012386
13.049715
12.035285
15.022262
13.043277
16.014756
22.021984
10.019526
