108.003752
26.023562
25.012733
15.006090
22.003912
16.033473
67.016644
104.002930
16.036511
15.006115
13.043349
14.029787
14.026296
14.051762
30.005835
13.043752
29.008834
34.030858
16.003592
23.018743
14.003852
24.003672
25.003612
25.002220
32.015349
13.013823
62.003812
31.060352
25.003948
25.003672
15.004132
15.003832
38.008489
15.003712
115.012817
77.004092
31.039017
50.003752
24.004052
41.004012
28.003772
55.005410
27.003652
24.005954
24.003532
13.057282
27.003772
16.028248
11.003792
130.002220
23.009901
90.003832
31.007182
19.005990
22.014354
18.007197
13.005645
41.003692
44.003892
17.020372
23.013507
30.022176
24.003972
31.003832
21.063339
14.034038
15.009901
49.003692
15.015935
22.066182
35.003672
26.003932
22.003612
81.003972
16.015431
19.043446
24.005870
14.024886
54.024137
29.007342
15.003972
23.007242
93.003612
37.003972
22.036115
12.020184
18.003812
32.033641
24.012457
26.002220
25.003692
31.005170
11.009250
55.007116
54.003972
21.027853
14.036670
47.004398
16.039573
17.006616
16.007103
46.003832
17.041989
57.004092
41.006309
19.009463
29.045914
22.003952
21.046594
20.003632
86.004112
24.003732
17.003812
26.003912
29.006990
29.004072
26.039339
30.014820
128.007542
27.004012
21.014195
19.039897
32.004072
11.035296
19.007222
25.003532
13.034322
20.003652
28.029286
25.008509
14.005754
41.012251
25.014331
30.007821
32.003632
17.004032
24.003572
71.005814
24.003632
21.055983
87.003832
21.025477
24.008913
50.008890
21.003912
11.031843
17.003752
16.057930
37.003952
24.008989
16.038165
34.008682
14.028869
15.021431
81.004092
17.004242
36.003692
34.008310
31.007622
22.003672
16.048467
25.003932
23.027928
29.007522
30.005185
18.053404
45.003852
13.030881
54.006822
20.004052
21.006910
11.013703
12.010601
52.003572
16.013557
69.000928
16.052507
19.025376
24.005610
25.003752
18.007802
24.041745
22.004012
34.003672
21.011293
47.002930
20.008234
15.061051
20.003612
76.000928
27.015395
13.046592
12.004132
32.012106
34.003892
18.023847
92.003932
44.003812
16.016511
19.016422
37.003872
66.005630
19.008194
20.003572
63.032582
14.033912
15.009001
24.003992
51.010891
44.003752
13.012131
