174.046781
22.037681
21.042675
35.009921
11.058892
20.013545
23.014973
59.031781
30.023929
30.026174
27.040422
79.031421
19.068135
27.000928
17.041125
43.013285
74.052292
29.023794
29.028078
27.007695
23.026841
21.030084
151.017185
13.006902
34.021154
31.011841
17.039529
31.014471
18.003552
13.035805
69.036901
19.027906
127.029021
16.040626
19.031677
14.006168
26.016670
28.019264
18.057825
17.024858
21.025587
26.016428
23.009581
18.047868
26.027736
24.010121
37.017505
14.034009
17.011433
21.023548
22.010041
51.032977
14.028106
26.009561
28.021464
38.031343
25.003972
29.006757
39.005730
14.004322
13.047418
21.000928
18.033739
17.016862
12.009841
15.009403
28.009647
23.008609
78.014876
24.044592
29.026358
41.010041
37.006629
29.009366
24.031344
19.051383
70.015455
19.009240
24.016485
21.020119
47.012719
16.010987
19.034401
18.021697
12.022494
27.016822
26.028952
59.028101
29.006922
38.009561
20.010359
14.017708
31.022628
32.027150
25.014444
22.007362
40.045636
33.013437
30.058814
26.014749
28.078733
33.032599
15.007257
43.012477
31.003998
19.010073
35.013957
21.012611
20.009987
18.048501
35.013731
43.057098
74.025307
14.034085
35.012021
14.006725
13.027746
52.039669
26.021862
39.021602
119.032587
15.031637
68.035265
78.023896
42.006617
46.015549
30.037504
66.013246
27.022888
15.006937
18.045077
36.014903
23.007123
35.032213
23.044204
13.046777
16.011499
27.044170
24.052646
29.031473
16.013515
24.024737
88.028995
24.010433
24.006842
36.011313
26.024920
35.004426
15.017654
63.007989
24.023170
19.004563
43.024894
19.026487
21.005605
22.020588
21.046050
24.017916
15.017353
26.045728
14.020471
11.016135
17.049097
19.066453
19.031715
134.059718
15.011033
27.017075
25.035010
77.006157
11.046383
14.020670
24.069228
20.003592
43.051114
25.024742
21.004638
36.006882
21.008195
18.014615
23.024014
48.039108
15.029001
24.007834
37.018000
43.010633
17.034105
34.035901
24.021736
49.039850
24.016488
44.020684
19.033076
14.016918
13.021080
55.050079
18.006537
58.015523
34.028235
31.033393
39.046356
15.019129
20.008509
59.008534
26.018908
30.017351
49.044927
24.007183
14.050933
14.025686
20.020518
38.048144
14.013575
12.024260
25.033565
25.056061
24.055005
26.015181
27.008447
40.013001
29.006916
19.004623
26.009401
36.018860
14.027895
20.012351
23.025932
22.015576
11.035500
23.012751
58.015761
21.027994
36.006556
17.044926
40.009787
53.041732
28.000928
41.000928
28.047512
25.005201
33.045074
17.009991
41.013751
34.017008
29.028021
12.013136
23.037711
38.000928
19.009866
28.005210
14.043061
144.039650
166.023902
30.009961
52.007076
36.006482
16.048574
45.007471
18.044914
26.014115
14.004133
24.006977
62.036545
17.014970
21.013601
24.038935
60.034739
28.033639
19.044228
11.008535
38.000928
15.022942
30.026696
31.020330
74.016840
24.024162
35.010587
