126.002910
17.000928
43.004032
36.003952
21.016387
15.000928
13.007403
19.031715
22.003652
13.000928
52.008325
31.005270
15.003972
16.010327
14.035812
30.008810
13.011505
14.017760
22.003692
13.003792
14.003552
24.003652
17.031287
28.000928
19.000928
25.069199
15.000928
9.000928
28.017217
29.035153
14.028660
19.005370
12.003952
18.000928
9.013081
45.000928
16.013543
15.002620
13.024784
32.004052
22.015002
32.004072
15.023796
19.007063
29.018286
22.003852
11.018959
62.003792
22.013460
18.022392
19.007675
14.005257
15.004112
19.004092
29.011253
25.000928
15.003972
16.006763
22.003752
20.003892
15.010087
29.012971
16.000928
19.002620
27.008475
14.012011
14.006863
12.000928
26.023324
19.013495
19.009633
20.002400
26.007170
16.011259
22.003552
12.015620
16.003772
16.009647
47.003154
29.003792
16.007008
12.004072
21.040805
10.000928
13.013783
17.000928
11.029150
14.016256
15.000928
13.041795
15.003772
19.009089
25.003952
12.011720
20.013708
13.011505
14.053797
14.023621
30.002380
18.020650
19.023236
22.003552
11.030987
34.018540
17.003992
33.003912
17.023958
34.012983
14.018488
22.003732
36.007309
42.003532
16.011669
10.013485
