67.047257
29.002220
9.045911
15.011310
10.006385
27.005230
9.070506
22.000928
16.016599
19.005950
18.000928
16.003812
9.016645
14.004502
28.012497
10.011113
13.022174
12.004945
23.026016
8.008051
14.004112
19.009967
14.004112
15.023989
17.006070
15.005050
7.024138
18.046825
15.013583
26.003732
36.002846
22.000928
15.003592
21.020572
11.014283
16.022682
13.031608
11.000928
11.004052
22.010940
21.014681
28.010147
15.002220
43.008666
18.008479
11.013939
32.000928
22.017920
28.000928
10.007975
14.000928
23.000928
14.002220
19.002560
17.000928
31.003812
19.000928
16.020734
15.000928
18.000928
22.003952
13.046882
21.018845
18.002640
9.002280
23.020152
20.003792
13.010711
45.003632
19.016233
18.011885
34.025277
36.065954
19.000928
13.003552
8.044905
19.019504
11.003066
17.008715
15.014770
18.016948
15.000928
12.012695
20.005990
15.000928
23.007347
13.000928
28.014396
26.016934
16.025571
14.006917
12.025815
20.005043
15.017994
22.021719
31.015770
18.007627
23.015511
31.040826
14.008759
17.059485
12.030997
13.012367
23.003892
10.011533
12.027278
14.023108
9.027577
17.019664
14.015640
20.007929
17.039103
17.024909
24.005830
14.016994
16.009341
9.016402
14.000928
19.000928
27.022136
21.025134
12.050714
