133.005070
23.020696
14.024550
39.020844
25.003552
24.005270
13.042101
38.009287
22.004052
14.009367
32.045849
17.015991
21.027797
22.014635
78.006717
22.006942
16.005245
39.003992
22.005650
26.007914
33.003572
18.029817
26.006274
15.025114
18.008201
32.010945
10.017280
13.019698
21.031201
25.004318
31.027680
12.032134
16.025489
24.040936
14.016021
16.000928
22.007483
35.003988
13.028295
14.040893
14.040601
16.004132
23.006195
18.041929
17.019153
21.029237
19.014649
26.005445
29.004092
26.007063
15.013504
25.006577
18.020124
14.019092
14.050073
21.005305
39.003892
11.008349
31.004072
16.005745
27.003732
16.006403
21.021228
36.007315
18.003952
18.027893
15.005910
13.007669
14.071954
19.008928
26.003592
27.020731
30.004092
29.009609
17.008115
20.029398
20.008227
29.004164
15.019377
17.037374
13.000928
19.007083
13.000928
16.032445
21.012756
17.034107
17.003868
21.018346
21.005485
38.019609
18.028406
15.000928
18.014025
15.006717
23.014912
37.008569
13.009417
26.006517
16.024692
18.045939
33.005265
16.009695
15.009407
23.003872
15.000928
18.006443
14.003888
18.012831
14.021597
16.021460
37.006942
13.008129
20.047280
17.004072
17.006456
18.039737
34.017219
19.050747
16.004924
17.016534
25.003652
19.009790
20.007403
14.002220
17.029603
12.024414
61.020563
26.010719
28.003932
28.026654
10.021580
21.037394
40.009189
19.003552
9.043445
17.019666
17.010367
14.017851
19.037735
14.036205
19.047610
11.005244
23.009401
18.021349
11.009961
43.019731
23.007298
25.014439
24.008369
13.006457
31.002220
29.014921
18.003852
23.017657
14.015115
10.026260
20.009009
22.018586
19.040481
14.030529
14.009961
16.000928
23.003572
17.006777
20.015429
29.014249
29.028392
16.003692
27.018286
14.023362
19.015521
15.008735
16.021892
21.014176
21.018386
13.005145
24.008920
17.010867
30.010133
29.022984
17.005045
36.024917
14.013341
16.016182
12.035429
25.004032
12.016547
20.045452
12.010719
10.011351
35.090525
16.005265
12.053710
26.004012
18.003592
13.009693
20.005584
26.009601
46.101591
18.011519
34.030957
36.033601
20.007096
18.000928
19.007348
19.003592
23.010939
40.006205
19.033216
15.008155
13.008189
20.004012
18.012571
29.003872
16.017660
29.003612
41.027719
15.007188
14.005325
17.005285
20.007582
11.018334
17.008468
9.044744
12.039891
24.020630
33.003772
22.014604
12.012131
21.018715
16.008509
18.003752
20.005525
49.018826
33.026753
13.040934
31.003692
14.013025
23.005914
16.016933
22.003692
18.007194
19.018652
33.003872
36.003792
14.013207
15.008221
18.032770
37.020012
10.083436
101.003752
19.003792
19.012811
13.003612
20.036119
48.016934
19.003632
53.048490
14.022362
15.009981
13.038021
25.014021
18.027791
14.051668
11.016979
16.000928
28.000928
18.012230
18.003592
19.006517
19.014353
15.010593
24.005265
24.003532
26.008482
16.011625
13.019226
17.023622
32.004092
16.011271
112.002380
13.016135
10.034491
19.012557
28.047259
10.012313
27.009661
20.012423
11.006623
38.011990
28.013611
11.015357
17.009839
16.005185
37.012957
9.048598
15.007207
14.007437
13.020021
18.018776
41.013523
23.006682
11.023584
12.018032
15.011419
18.036325
24.028727
19.034095
18.025726
17.016078
19.002286
20.007543
96.024597
31.003652
12.021322
25.009069
11.010341
24.021923
13.002720
27.026574
11.003712
29.017100
17.034185
58.006962
60.012543
20.004887
11.007723
17.014530
