25.009447
116.023425
42.023028
39.010739
36.010747
47.017107
34.013763
24.019291
89.015435
41.048582
69.012411
62.006982
26.025172
27.012231
42.010413
39.007709
30.008563
37.003632
55.011813
46.012291
48.008735
40.013881
48.010699
34.020664
36.007883
106.007975
31.014915
24.013763
98.021494
103.004112
52.017980
32.010347
19.016248
28.016358
52.019312
29.023774
41.022734
28.018240
21.014577
34.012471
133.013863
48.016986
22.016207
48.012071
34.022512
40.021150
35.018072
37.016967
71.016648
29.025486
44.030621
33.009627
30.018112
69.010799
27.006522
79.017540
54.019292
33.012551
26.019412
99.013683
58.008329
26.017094
22.012511
41.016859
27.007042
19.017640
30.022158
70.024521
82.007083
56.013543
32.013623
103.027145
31.014063
24.018732
29.012511
28.006763
26.024549
22.012791
46.022990
46.017825
25.013925
30.020904
32.017959
50.006517
83.008115
50.018020
46.023549
34.024262
32.006442
35.015068
23.020744
41.011325
35.004052
24.003672
156.007083
63.008515
49.015255
31.016628
41.010639
23.041594
19.026765
24.019938
22.008155
32.010061
41.005470
29.018140
21.023134
57.020524
22.006803
31.010759
70.010007
43.013983
29.010293
104.012691
34.010519
59.002320
64.010047
69.015575
136.016082
122.004172
49.016547
49.012811
45.013583
28.012731
50.010659
33.017058
59.015415
34.006603
57.004202
35.017639
38.005704
46.020984
83.013943
23.004252
31.024148
34.016527
33.020151
37.011079
23.010933
34.023070
33.005365
22.010781
119.007277
28.028752
38.017800
33.011179
32.011599
41.008215
39.023412
56.003718
46.014483
38.008289
29.013923
55.018912
37.007534
47.013663
44.012611
40.023878
34.003552
33.006843
24.009607
22.004512
47.005244
36.008349
31.011099
32.000928
41.009907
31.025979
44.030769
37.004132
54.016747
24.011951
34.009427
119.013763
24.014143
28.013111
41.008589
20.022236
30.012270
36.008755
51.008854
66.012931
25.020844
44.020550
24.009947
54.009347
84.012197
63.009107
45.010699
59.015015
39.023408
51.025358
65.004503
75.015075
45.012631
74.015555
71.023328
37.011139
24.013583
29.023108
44.018992
