109.004443
19.003632
61.039329
15.045202
33.011179
68.016448
46.027426
19.079047
34.018271
19.017020
104.023914
25.008049
28.015447
49.012373
24.038359
18.026565
20.017675
24.038961
24.007522
14.084792
21.018606
15.007417
12.000928
114.018590
18.071164
30.000928
17.040643
42.019588
34.015926
27.022456
92.003050
22.008455
14.020604
39.022936
14.028321
13.076306
21.034730
17.022554
30.025662
23.030015
28.042574
48.012757
21.005316
14.031357
19.040633
19.016668
34.010207
89.040350
20.030099
33.051863
76.008175
17.052174
41.016328
24.019406
32.033545
26.019346
13.018488
60.037530
22.033265
31.009867
20.015701
33.027639
47.015195
29.041152
31.024793
27.011205
28.015422
57.002480
18.020666
27.062549
30.005370
29.005670
14.017524
14.032477
19.038050
24.029005
36.038906
112.013284
80.021994
19.007789
23.012257
27.008115
57.018240
38.021110
34.010779
29.005970
19.019783
59.008001
14.094709
18.066433
20.014710
24.030691
106.030834
21.026618
35.036719
16.009101
22.010959
20.011653
23.007639
51.036442
44.006969
24.021951
17.057069
20.023702
18.049014
35.025833
85.003952
59.028376
17.026844
19.027723
15.023616
33.024548
14.018305
29.059230
19.031377
24.032080
22.008349
17.026581
28.022438
30.003692
14.000928
43.042539
26.004563
27.005930
15.002760
23.031063
24.043953
19.052010
31.026355
17.022132
19.014705
20.004052
125.007202
17.011465
19.012237
36.018976
17.009015
67.032286
167.022478
14.019066
37.051634
47.031369
34.018574
49.011553
22.023088
21.020226
18.000928
22.045832
15.000928
20.038596
23.003948
15.015887
18.030372
35.021590
24.023228
18.003552
23.049558
86.025809
18.000928
19.021624
24.027717
23.041894
15.008169
13.080378
66.012465
12.062665
18.040699
27.026675
28.017781
40.035524
21.035426
150.013549
27.010661
103.007177
13.056873
20.030954
17.044607
69.017357
44.032807
53.039654
47.017958
14.051639
124.040161
19.018004
17.073372
19.066500
39.008760
34.024760
20.000928
23.036410
46.015390
25.006737
62.017022
18.035455
66.043588
14.016445
49.016042
27.038625
41.010713
27.010386
19.014421
24.035280
118.008709
91.033869
40.037662
57.040053
14.009247
21.020884
17.042931
14.019637
32.012485
84.045988
