15.002950
99.012919
17.015462
108.015473
30.006757
13.011619
29.008295
15.011079
20.008155
18.000928
14.009181
37.010207
36.004693
58.004945
23.005425
49.003693
43.011679
44.014423
35.003792
33.023861
31.003693
31.034478
31.000928
19.005445
13.038999
17.011377
28.005845
20.009687
17.003733
15.026392
35.004033
27.002580
14.003852
18.037230
14.039577
10.005165
14.005245
23.008415
35.005745
15.008295
62.008434
10.008143
13.009967
25.005665
29.003553
9.021387
7.024994
21.005325
25.005045
38.005545
21.005565
11.042854
44.007323
36.005345
18.000928
18.017229
10.012200
20.011153
18.005645
17.010361
10.018519
34.007915
15.007117
25.007543
17.010747
20.000928
19.005665
34.009087
10.013395
43.010773
25.022329
13.002706
69.004985
28.009221
10.012785
14.005705
60.023612
17.011675
21.011013
17.010533
19.045340
30.009545
15.020878
18.005505
9.011941
21.005085
25.008889
31.000928
13.016847
39.008266
69.023677
25.005285
13.018380
15.005845
13.022513
19.015519
44.010519
30.005725
19.005185
16.020224
18.008595
25.007847
27.004865
24.004885
14.002360
39.005625
19.005925
13.022566
14.022305
18.007443
12.002780
18.000928
15.031178
23.004312
54.005265
40.006517
13.003852
34.005505
8.040534
14.007262
126.005845
12.025406
24.023130
15.005250
44.005125
9.007457
16.027358
13.015803
48.005770
38.015655
31.012072
14.005365
14.004925
50.022416
21.010267
27.008849
14.015129
22.013635
38.034748
15.005905
20.012905
38.000928
49.005225
15.011837
178.005705
9.009901
19.009227
19.000928
19.013079
9.009307
53.017987
24.014809
59.009847
41.005385
33.003572
15.003812
44.028812
28.005665
29.020278
23.002520
23.014223
29.010547
19.009966
11.005785
23.004353
30.006782
13.000928
28.010267
20.007257
15.028935
17.010767
17.007889
22.008529
24.005505
25.005605
23.003953
12.004353
25.010347
15.005705
44.005945
39.005425
74.005445
25.010810
27.023296
26.007857
27.083394
30.000928
35.000928
23.004847
49.005285
20.005545
28.008830
59.005285
20.018443
13.006417
24.003972
32.008195
29.005130
145.005305
29.005365
16.008149
22.005525
13.032087
16.005305
28.007642
19.005365
14.005765
27.009521
27.005125
33.004925
45.000928
25.004073
18.006977
57.008555
11.007977
28.000928
15.006737
22.014707
35.005265
34.009110
28.007042
19.009193
19.030144
13.028147
25.019512
26.004112
12.027433
32.014444
57.005585
13.024820
40.005465
17.008389
41.003953
19.008023
14.005225
34.003969
19.005325
30.005805
33.003892
19.014167
14.005004
33.035735
16.015807
48.003953
19.005465
13.006663
50.004113
44.005685
20.007543
22.033695
17.015716
37.005385
16.008669
22.005685
13.008495
15.005465
9.004945
19.000928
23.019866
34.016837
27.005705
16.036499
9.016448
26.005445
24.000928
34.010953
12.010107
10.005145
78.012079
16.024785
14.008467
18.005925
19.005365
29.008049
14.005210
44.005205
14.018587
24.005925
35.000928
23.008149
15.006817
19.010051
27.008715
8.022847
26.008150
9.017417
19.007403
19.022316
9.005645
34.005445
14.020680
29.005085
11.004663
32.005645
15.010205
33.003732
9.009971
34.007037
17.013497
46.005825
59.000928
38.007895
16.006697
48.010847
44.004825
18.007268
25.027461
19.009090
19.006768
38.022404
11.011765
45.003912
17.000928
13.017733
14.013179
19.011725
19.011113
29.010087
12.005365
