22.035307
54.010785
55.015822
110.004012
13.026085
23.037488
19.018366
31.078013
34.048819
18.006397
28.010479
24.006863
15.005144
28.058826
19.113412
23.004284
31.002740
23.016767
31.009761
28.010280
34.012645
21.011213
32.003792
18.018470
29.025994
24.023114
19.050390
29.062513
19.025897
24.013944
39.014063
24.068933
21.004938
16.009781
25.052742
21.005025
22.027605
24.023968
40.007727
20.012200
19.033914
22.016788
25.005955
28.014882
25.004322
23.019196
17.020704
30.008149
22.008934
22.075872
25.000928
26.015209
36.038148
21.006736
19.005325
17.079459
19.041831
19.043777
27.015647
31.033031
19.048769
28.004204
35.026409
24.027591
25.011421
28.041274
33.033594
30.008221
19.053429
24.082764
19.016325
24.018332
19.022868
26.023628
27.052494
17.006797
21.062456
14.045264
39.014229
22.013065
19.000928
27.011109
35.039043
22.018038
19.007820
20.003932
13.015264
19.068254
19.039722
20.017235
17.009881
30.014317
20.004243
30.024481
22.023686
15.000928
23.068634
24.047791
19.022374
25.003812
19.018486
14.011513
23.013377
18.012443
20.068402
19.046523
24.048868
21.029157
18.022870
14.017325
17.009161
35.058350
14.065813
14.041951
18.043991
20.046904
21.010833
17.006802
25.000928
29.003572
21.002360
31.010259
24.007169
29.038852
21.011033
27.010173
19.029418
19.021748
19.042238
30.003652
35.004345
23.004644
18.053716
19.065048
19.040810
27.016740
51.013487
29.006483
15.003912
18.017987
33.003932
35.011145
15.004322
23.065106
25.010679
28.041213
30.003932
30.008069
23.011591
33.049961
19.039321
24.055244
29.051099
24.022682
19.038918
21.040825
17.038041
24.049458
25.000928
18.017388
14.024282
24.033433
17.049332
26.031085
20.021258
30.006976
33.012709
28.006430
22.006908
46.020290
24.026915
19.030793
19.040968
25.000928
23.011779
24.069666
24.026493
22.006705
26.042115
23.005650
21.003912
23.051121
19.050359
19.027536
18.006556
25.033173
19.007287
20.004582
23.020550
27.018489
26.019674
24.011833
17.023170
21.017275
19.075379
19.046016
42.009993
24.022018
31.005970
24.051340
14.065903
19.076219
24.051577
34.011039
14.069366
24.050708
19.039262
20.004032
23.006563
19.051858
29.081346
17.033865
26.028900
19.017332
22.006502
17.006434
23.038345
44.047366
19.063660
42.006483
32.003712
33.052429
19.022088
25.023276
27.023486
19.007649
37.040947
19.013251
22.007409
39.016507
14.084571
19.068703
17.007176
26.009021
15.006657
22.026407
30.027924
14.069074
20.040473
23.046530
29.016845
24.008121
19.045887
29.045289
29.008527
21.027492
29.000928
27.029791
19.035290
19.058119
19.029833
19.058542
24.005230
24.035874
14.061777
19.051692
