22.042725
15.000928
14.003752
14.005925
14.005125
23.020582
12.013017
16.031898
16.005385
11.032421
16.000928
14.002406
18.008974
25.005384
17.030863
36.007037
22.000928
31.016165
14.005444
14.011141
14.009299
18.009847
10.021092
20.007754
18.000928
15.046129
9.015029
14.013099
28.006457
34.003852
19.011785
11.002846
37.003066
19.007829
13.028364
14.008315
12.000928
16.008021
19.005190
15.005404
26.005144
17.000928
24.000928
18.028901
25.010181
13.064210
14.025946
16.005945
30.000928
22.003852
20.041197
13.028372
14.005545
21.003612
21.018680
21.006237
13.010753
10.004925
14.000928
12.030711
14.005376
14.053659
19.021584
30.008929
28.011579
26.005365
13.004763
33.003878
20.002560
15.000928
17.017792
16.020160
17.011419
15.006736
13.010925
16.008469
15.000928
11.058273
24.023288
19.022542
15.007207
55.005445
10.012491
13.005365
13.011503
14.004904
11.005205
13.012865
15.000928
22.011319
9.008249
34.006717
11.011190
17.005305
9.007017
40.000928
22.007258
14.006946
25.012223
11.000928
16.027563
12.000928
17.000928
16.016904
12.012425
28.007022
14.045102
14.021116
11.021210
17.024170
50.002686
10.003758
34.019796
13.009315
16.000928
21.005196
25.006717
16.008161
12.009439
24.005664
13.038541
25.003809
10.007729
12.041528
16.012929
13.006075
10.042660
13.005384
20.007889
