34.003852
37.011179
24.035233
12.006697
12.005454
19.000928
39.007007
14.009841
49.010911
20.000928
27.022822
14.028090
17.021405
16.021636
15.010925
30.014845
19.017467
17.019598
29.014371
19.040287
20.005265
13.026981
14.040857
12.007323
17.003892
13.031853
15.008409
18.005430
14.011485
15.003732
18.021002
25.004602
18.006723
20.010927
19.010951
120.009459
18.010207
23.020218
25.000928
13.010307
25.003798
20.030563
15.005385
16.022244
30.013775
23.030941
30.007929
16.013074
14.011579
9.003772
11.033904
20.007895
23.016688
44.018312
14.005190
39.030113
35.010231
13.045806
10.005050
33.012713
20.000928
24.006357
13.019819
24.057212
15.006716
18.006070
14.033094
19.011253
14.050098
19.048577
9.021782
10.011486
13.012317
20.003832
14.004343
23.008388
12.008929
25.012131
20.011379
14.010081
20.008189
18.016201
14.038987
20.011290
23.005450
14.040966
19.012793
19.012273
19.006902
15.009421
29.015244
25.006677
17.012126
36.012345
27.042776
19.009847
30.015211
18.015173
34.005790
22.010391
19.005145
13.006877
15.006837
22.003752
10.026969
12.014057
18.015942
17.020481
13.003872
19.007949
13.026102
14.017677
15.011999
18.019461
20.005655
40.007889
23.009481
13.021349
19.021078
24.017122
29.006019
20.004012
29.003832
23.031715
11.006365
18.006457
13.037368
24.007848
19.018028
29.010297
14.039367
15.010341
13.018753
15.003792
14.009941
9.009301
10.013883
22.011145
20.017312
18.032223
20.000928
13.026404
19.009607
15.003912
28.024827
28.020308
26.003572
19.010241
45.005305
22.016047
19.036850
25.003672
13.008414
19.008995
26.008769
22.027241
15.007849
23.005810
15.007257
10.037463
18.004012
19.009961
13.014919
24.015601
15.013617
33.042128
14.010013
99.012349
25.000928
20.018074
19.008329
32.023595
19.021064
19.010547
19.008051
19.035448
35.000928
23.021016
29.011381
34.029970
21.005425
59.009041
23.008749
31.012851
22.050474
23.037166
19.039316
24.006982
19.028990
