8.010181
38.017941
32.005184
26.010399
19.033877
5.031189
8.029228
9.035382
14.015336
14.018366
11.009401
2.070774
9.013843
14.010945
6.003952
7.019732
4.030656
9.031432
5.006924
6.000928
16.009887
4.006948
4.023415
4.034345
16.007077
4.024868
2.073342
4.022790
19.019344
4.032874
14.005450
4.045811
21.014041
4.008441
7.024480
4.005170
4.029063
14.026873
9.033685
9.017760
24.011165
4.005110
4.022070
5.007228
3.011769
9.030213
14.009672
4.033587
9.011859
4.022456
9.006722
9.018706
4.044813
14.021636
8.003692
5.010965
9.029991
14.039308
5.008240
3.018618
4.015121
20.007729
3.058647
9.006788
4.023108
4.032945
4.019184
4.028716
4.038198
4.030869
19.012831
4.016600
6.006657
7.044848
9.025278
14.020352
10.012961
31.014915
6.051471
9.037349
9.020590
4.036961
6.005655
3.004032
6.000928
7.008809
3.041983
4.042710
4.014029
9.008135
4.056542
4.033710
19.039093
24.021542
4.049175
4.010187
4.017992
4.032513
4.060119
4.035804
5.007605
8.025422
14.010693
9.020372
9.006888
4.018738
29.006343
9.009787
9.026707
9.012053
14.040981
9.034173
10.018871
9.012380
13.018946
10.004552
8.025929
4.034845
