6.009939
7.011685
3.020984
3.036032
3.024735
13.032668
3.020910
4.013143
4.017694
3.030144
3.048052
3.018760
18.033820
4.034620
3.024555
3.026080
3.034297
3.017468
2.022673
4.009881
4.013463
3.007083
3.043863
3.014884
9.018994
8.020644
4.013903
5.009901
3.010861
13.027053
2.043744
3.012426
10.020018
3.014383
18.010505
4.013591
9.029244
17.016592
3.050801
3.058118
8.023222
6.021396
4.008387
4.028683
3.032990
7.017446
3.029661
3.023609
4.017392
3.026503
3.027459
4.016616
6.015495
4.037535
3.010859
3.017374
4.009681
4.024304
4.011093
9.012583
4.016562
5.018896
2.033848
3.020387
3.058168
3.017447
9.015922
8.014922
9.009341
8.003872
12.021184
3.012419
20.036509
4.013363
3.009867
13.009947
3.032213
7.016412
4.018325
3.036028
4.009993
29.006297
10.035231
4.015283
14.010933
15.004603
4.006797
14.013241
8.070661
4.011179
4.009447
4.017500
9.030359
4.030568
4.014263
5.006736
8.010965
4.025192
9.016346
4.025319
4.011299
4.019106
4.031942
9.013372
4.019086
4.017588
5.004243
8.011566
4.030747
4.016762
4.014149
5.006155
3.012132
9.030669
4.035932
14.054290
5.007257
4.003732
8.023710
19.031021
9.013050
4.034965
9.011465
15.005895
13.026851
9.015672
4.039336
9.030605
4.029791
9.007363
4.063360
4.035617
9.011319
4.030880
4.020208
9.008515
4.057956
9.024167
5.027459
8.018734
5.009888
3.048445
4.032988
4.035329
4.026127
4.015676
4.026670
14.013992
14.003638
9.034024
9.017186
9.014395
14.025426
9.027633
9.042495
9.033805
29.033211
