5.000928
8.023668
3.006417
3.040912
4.008235
3.023954
2.014483
3.018992
3.044429
3.017492
3.023722
3.018140
3.031821
3.040361
3.022920
8.015057
8.024275
3.018187
3.036758
3.020412
3.031283
4.006397
3.008775
3.016599
3.037162
3.022468
3.021386
3.015921
3.006543
3.065291
3.011885
6.017774
3.016648
3.016215
10.016168
3.033616
8.017657
8.028583
3.008409
3.044825
3.015798
2.015983
3.021870
3.025001
3.008921
10.008835
3.029819
23.013247
12.004282
3.015895
3.039558
4.005284
28.027542
27.002700
4.005404
3.026866
4.030037
3.020238
4.008209
22.013417
4.000928
12.025223
4.023014
3.028471
3.025909
18.000928
3.025316
4.008209
3.033453
4.011145
3.015578
28.001822
21.005950
4.079814
6.006857
7.014083
14.013097
9.019265
9.034937
9.005210
4.048555
4.036634
6.006836
12.033858
4.049992
4.060647
4.028763
4.015035
4.018066
4.043722
5.008355
3.046093
4.037717
4.030789
4.013197
4.032423
5.013071
3.028351
5.013757
4.019432
8.014223
4.015455
9.038452
4.011791
4.018152
4.040634
4.028863
9.025078
5.000928
3.058079
4.034892
9.013241
4.021723
10.003592
13.028305
9.032067
9.024806
9.015323
4.026021
4.055738
9.022562
14.012019
9.032315
9.006968
5.000928
3.027833
9.017901
14.020830
4.026809
4.035116
6.003618
12.005650
4.052504
9.024260
4.019817
5.007729
8.005730
9.028909
10.009441
8.024544
9.007861
14.014916
5.015947
4.005390
8.017227
15.000928
13.028804
19.005490
12.004990
8.000928
27.048754
4.039691
14.016613
