4.002600
7.019190
4.010187
4.008461
4.005730
4.007123
4.008621
4.024856
4.027964
4.014283
4.018674
4.007249
4.027612
4.013197
4.009175
4.009015
4.017448
4.016375
4.009833
4.026507
4.007448
4.025468
4.007403
4.024626
4.011559
4.026187
4.032460
4.005691
4.013971
4.010551
4.007229
4.019187
4.022328
4.016431
4.007043
4.006943
4.012511
4.045603
4.025919
4.005891
4.015181
4.009513
4.028510
4.005716
4.011945
4.027070
4.005690
4.009893
4.006719
4.003998
4.016924
4.008661
4.024934
4.008607
4.023376
4.017044
4.008261
4.005616
4.016989
4.013863
4.011399
4.010193
4.008455
4.022524
4.030572
4.014081
4.019195
4.008315
4.014664
4.011259
4.005550
4.012823
4.008165
4.019286
4.023362
4.024336
4.009987
4.024929
4.012691
4.031930
4.017932
4.023560
4.008555
4.007163
4.008587
4.009228
4.010985
4.014741
4.037020
4.006156
4.008835
4.006030
4.005130
4.007708
4.019267
4.016728
4.008269
16.000928
18.000928
3.025051
9.029782
4.021072
14.013157
7.000928
7.005705
3.019711
6.004965
7.023156
4.016021
21.005505
7.017601
4.024308
21.005625
7.022490
4.021011
14.015303
36.005445
7.027277
4.028224
17.005465
17.000928
3.014583
9.040106
4.029090
12.000928
19.000928
16.025928
4.011645
29.016018
12.000928
43.000928
13.000928
8.016814
9.011365
4.014349
14.009287
4.039898
19.009966
9.034312
25.000928
4.000928
45.000928
18.000928
13.016739
14.008614
29.008674
