4.007893
4.018125
5.006997
14.006397
9.006517
67.004223
8.005891
4.031458
4.016819
4.026964
4.021898
4.014110
4.013189
4.025538
4.031960
4.021335
4.015569
4.024514
4.029036
4.014349
4.032716
4.033412
4.011159
4.017374
4.013045
4.031583
4.036086
4.017253
4.007987
4.039134
4.029356
4.019951
4.013655
4.028474
4.035558
9.014571
9.011401
5.006417
8.012931
9.008795
4.028439
15.006697
13.007082
5.006437
13.014039
4.011733
5.003572
5.007333
12.005910
5.006797
8.014303
10.007257
8.031518
9.025202
9.009967
9.013503
9.016799
5.007197
13.030428
5.015031
19.004012
8.007428
5.006617
9.006757
13.025309
5.006997
8.005690
9.005362
5.006677
13.013777
10.008935
14.009149
9.006917
4.006677
3.023018
14.005311
10.007197
4.006157
8.021430
9.009867
5.006797
8.005310
9.009759
9.012771
9.013125
117.004563
11.029967
14.005590
14.005174
14.038544
19.007929
14.009647
14.025148
9.005376
110.004483
48.005356
34.019210
19.009654
