3.006529
3.025475
3.008080
4.015115
22.000928
3.006916
3.012737
3.005404
2.012872
3.007036
3.012431
3.008529
18.015788
3.021224
2.054243
3.013903
4.008409
2.025782
7.022962
11.007691
5.016148
4.024028
3.018400
3.009301
3.032375
3.007949
10.048968
3.009621
5.027851
3.008389
10.021964
7.009301
3.015602
2.068454
3.008369
1.044491
8.019851
14.031350
3.016258
11.014695
3.029743
3.009241
7.026326
10.009401
3.019446
12.031463
3.009661
3.019986
7.009101
3.023894
3.016241
5.013703
3.013718
7.014576
10.025601
4.011093
7.008069
3.016316
3.012205
8.019035
19.012451
5.021817
11.019806
3.033121
4.017300
9.018087
4.033776
10.006417
3.028365
4.016468
14.027032
4.007242
3.005944
10.033839
3.031539
10.027966
5.012785
3.028849
4.014429
4.036659
4.033466
14.028580
9.012883
4.041466
4.039767
4.013375
9.026624
9.009034
14.018626
4.032225
9.016051
4.037326
9.021867
14.019604
14.023470
9.006502
4.023176
9.017095
9.038665
9.007348
9.016814
4.005590
4.018998
34.029733
14.017025
4.005790
24.012451
9.030413
14.013763
4.029119
4.038037
9.031239
4.039541
4.056808
9.023978
4.009387
9.032490
19.011745
6.004622
7.020046
9.034557
14.029166
4.028326
9.029978
4.027573
4.030137
14.012597
6.004302
12.018790
5.012960
8.046060
9.030512
9.021716
14.020173
19.023682
9.038332
19.033407
9.052626
9.009539
14.008375
9.015623
14.018500
