12.028980
14.010133
20.005465
18.034070
14.021284
14.017446
9.019771
14.028180
15.005285
18.016081
9.029811
14.046463
9.025326
9.035251
9.017145
9.009347
14.015433
9.033569
14.039673
9.017758
19.017879
15.000928
18.015899
9.049113
9.015969
9.012371
9.016883
14.007282
14.026093
9.024580
14.005010
9.017093
9.015921
19.009927
9.020677
12.004032
6.021731
15.006465
13.037176
9.010939
9.037242
9.048280
9.009627
14.008235
14.029542
14.002220
14.010627
19.022486
9.031317
14.024728
14.017359
19.021248
9.017347
10.002786
15.003612
12.009646
9.035435
12.009162
26.008514
19.012311
9.035863
9.019626
20.003572
13.012937
9.035321
9.053751
9.016915
14.039312
9.025248
19.009547
9.017995
9.014221
9.008174
11.014581
7.030098
9.013651
9.012297
9.010999
9.017070
9.013389
19.014223
24.008160
9.036942
18.000928
12.003732
17.009867
9.007162
