18.008453
9.000928
79.004342
13.026313
19.026712
9.010159
6.010333
12.017108
10.009641
8.017821
9.019604
14.009659
15.004602
5.000928
13.004472
14.003832
9.003953
28.009375
9.015175
24.031621
10.003933
13.005490
17.011781
11.044640
14.009629
19.016723
10.011409
23.032478
14.030929
11.000928
18.011010
9.000928
28.006030
20.003992
13.007929
15.000928
8.004976
19.049036
6.003992
9.003992
12.046289
14.008283
14.017438
6.005225
12.017308
9.005391
14.015516
15.000928
8.050349
10.014591
18.035284
11.000928
12.011965
10.000928
13.009813
14.005730
10.011465
18.058651
9.006989
11.000928
10.000928
7.000928
9.000928
8.023117
9.044554
14.009241
14.034179
9.008135
19.021902
9.050393
14.004518
14.023902
19.009121
9.044992
14.027006
16.003972
8.007548
13.050368
5.022006
13.045947
5.018715
9.000928
