7.020539
24.002220
5.011314
13.014203
29.012711
7.000928
16.008221
19.018975
11.000928
8.005365
18.034705
14.037716
8.004012
5.072668
9.052631
9.007208
7.006697
21.014675
6.005624
12.004278
15.000928
5.008269
12.026060
4.065997
14.034073
20.004063
8.011599
14.005536
5.023941
9.006235
9.002566
18.017288
6.006339
14.004072
12.031958
11.000928
7.030255
9.034880
9.019479
20.006989
8.009447
9.012197
9.026769
20.000928
9.000928
8.034568
5.012573
8.015471
9.008795
9.008401
9.006583
9.007862
10.000928
9.000928
8.008595
9.013397
9.038259
17.003812
11.008335
21.000928
18.003592
23.033664
5.000928
8.032457
9.016495
9.018871
10.005325
4.011219
8.018906
9.015649
5.000928
9.004582
13.026410
9.050779
9.010819
15.000928
8.008735
5.025622
8.031181
5.010007
8.005516
19.035145
9.031717
14.021444
6.000928
12.024304
9.042835
16.000928
8.004458
8.040908
9.019646
14.010839
9.034080
9.009573
10.002326
9.015121
9.012587
8.037580
14.040157
17.000928
