12.002220
11.000928
24.000928
13.019528
43.007143
9.021816
14.004432
9.049146
9.020906
14.033578
10.006537
13.017533
5.003818
8.013729
6.003972
12.007383
14.007989
4.092435
9.006376
14.062286
9.006748
15.000928
13.020842
14.027285
11.000928
12.022928
6.004965
14.000928
8.008448
7.000928
6.007867
5.006737
7.010946
14.009581
19.011131
9.013411
6.000928
6.007048
12.000928
12.016232
10.013581
8.013481
9.012065
6.000928
8.000928
13.022656
5.018117
15.000928
17.013143
9.040699
14.033141
9.008688
24.054224
9.046514
9.017546
16.004052
7.023256
9.028243
24.025746
9.011313
19.014077
10.010397
13.010233
9.004178
9.052501
14.034277
9.018372
6.005330
7.041666
9.028863
9.048517
9.040073
5.000928
18.017784
6.000928
7.042140
6.000928
12.014191
5.025434
8.013449
9.017962
14.011659
9.031731
11.012521
9.000928
12.024968
9.015549
9.050712
9.042216
9.078379
10.000928
13.019486
14.039627
6.009270
10.003772
15.000928
12.004072
11.000928
10.004596
