17.005542
10.005505
19.008715
13.019211
10.003932
13.005610
14.022046
9.018961
9.012337
35.007688
34.003912
19.003872
18.002220
14.008461
11.006397
18.008459
10.014521
13.006737
13.025052
10.006937
9.006337
8.011738
9.029300
5.003912
8.012620
14.048532
10.003912
9.009121
13.037632
10.006957
13.027408
14.009927
9.008621
9.025330
17.006417
7.005330
23.007868
14.025626
9.032249
29.030213
14.020164
11.010487
7.023137
10.006897
8.014837
14.016733
14.059417
10.006297
8.015786
14.020585
10.000928
24.008487
8.016309
14.040313
9.029832
24.018267
15.009133
13.009420
10.015882
13.019318
10.011201
13.014615
10.007057
15.000928
12.007530
15.015869
9.003772
9.000928
19.006677
4.008675
18.036809
9.061326
15.003732
18.008507
14.007901
14.012971
40.004092
13.011679
9.037875
10.006437
8.018079
9.013470
9.025899
