8.012709
21.002366
52.003652
6.002680
7.000928
9.000928
24.018022
13.039031
5.000928
7.000928
15.014715
9.010737
4.019866
19.044315
10.000928
8.036234
6.003772
17.041952
12.004012
16.005370
10.002680
4.010913
8.017966
6.002220
7.031420
9.008694
9.009573
4.046506
34.068255
5.013846
13.021766
19.076645
8.003753
7.000928
8.008234
4.022178
13.008594
9.022838
5.002740
8.014736
4.039970
24.020097
4.031439
64.030444
14.014189
4.038211
29.013895
9.030018
15.002660
8.018905
6.003712
7.005262
4.032528
9.057146
4.056889
19.032271
10.009019
3.041779
4.041506
5.003612
18.005576
4.026558
19.043277
4.028198
4.017059
10.002926
5.000928
19.006557
13.006370
10.007693
12.016833
10.000928
10.002760
7.027859
5.006997
14.000928
15.006497
7.013509
30.009709
8.035262
6.000928
7.026168
9.007957
20.002240
8.008775
15.000928
8.028975
6.004758
12.014100
5.012639
8.036663
4.050910
24.018890
14.046336
7.000928
6.018780
