8.017615
4.037335
6.000928
6.040088
14.009853
4.034862
4.034550
9.008428
9.006708
14.027591
5.015577
11.006503
13.005625
9.022152
12.043988
5.006297
13.020152
10.003612
8.014769
4.032227
5.003752
18.012549
19.019378
9.028404
10.012357
8.016220
15.004363
6.016821
13.002320
12.003538
5.000928
13.011112
9.012751
4.040758
4.071177
9.042909
4.036702
9.022060
6.009223
7.039521
7.014029
11.031854
14.009987
14.026468
9.026453
10.014389
12.005265
10.014089
14.028887
5.014328
16.006597
31.012423
4.050156
9.033693
6.003632
7.033607
9.017914
4.055837
9.040446
5.003752
5.004602
7.025885
5.000928
4.008855
13.009319
7.004643
16.014155
8.007268
37.005145
7.034619
19.007023
9.039606
9.016442
4.047367
4.034586
9.017166
4.043906
5.005824
13.038674
9.020205
9.012631
9.017893
4.047789
4.051710
9.033877
5.017015
8.024076
9.010133
9.014647
4.046551
5.003552
8.016988
9.009147
9.017061
5.010340
13.017740
4.039721
4.034884
14.037007
5.011999
8.018500
4.025024
5.000928
8.025232
6.004623
7.018002
4.038227
5.004388
8.017286
9.029429
9.028938
5.006643
8.017125
14.016482
5.024219
8.003958
9.025430
5.014676
8.008933
9.018226
9.034234
