6.014371
15.048413
14.018480
5.013784
7.010719
10.023900
9.017153
10.019096
8.033657
19.029473
12.002950
140.005730
21.004012
8.020524
11.008495
11.003798
10.029871
19.014856
39.030551
10.004112
6.013763
51.039773
7.003732
22.006797
10.002220
11.008399
10.036346
15.005084
18.029671
5.004718
23.028857
9.010833
7.006562
16.019918
10.005511
10.003532
12.018849
34.011619
15.005265
8.044945
9.024462
22.007749
36.005336
9.045173
5.010073
7.006437
15.035063
14.026865
11.000928
9.005564
12.029310
6.030574
7.068995
12.005791
7.023666
9.006677
8.028283
19.033125
7.004132
6.012991
9.029824
14.012045
4.040286
10.008047
13.030093
9.008595
9.033147
9.016675
9.015341
9.024766
24.014961
6.002460
10.009007
6.047125
18.010613
10.049863
