8.008201
53.023180
14.016591
4.048295
20.003712
4.008866
8.054369
4.028836
10.011755
3.037163
9.033773
19.016509
4.033281
6.005445
7.032807
9.026540
9.022908
4.029557
9.041549
9.031849
4.034061
20.006765
5.012331
12.038657
4.059903
11.012520
12.058898
4.053825
4.041392
4.052066
4.047088
4.040200
14.027368
6.003532
7.029670
16.018722
13.002480
4.005725
9.005105
8.025638
9.032169
19.036064
5.004012
9.002600
8.017714
5.000928
8.026366
9.003598
4.067944
14.011079
6.000928
17.030270
7.004098
16.010027
5.007080
4.003773
8.029735
4.040457
9.022996
4.028911
16.013393
8.004622
8.009207
4.038041
4.014962
9.025052
10.009827
8.023314
6.004078
9.006030
7.028779
4.038167
24.020676
5.011197
10.012745
7.026342
9.018269
4.056629
9.011626
9.012257
5.000928
8.009839
10.000928
8.025560
9.027265
4.049930
9.007783
9.018081
9.007815
5.019805
9.003488
8.035813
9.012651
6.004273
7.006702
6.000928
8.000928
8.022710
4.033339
4.027299
9.023940
4.034345
19.021720
4.025244
5.004132
13.012061
8.009927
5.022250
4.013425
8.017966
9.007148
9.012711
4.039010
9.020350
19.002220
9.007029
10.000928
8.034281
5.034349
4.005765
8.037611
14.030255
4.044504
