15.011484
28.006797
22.006303
15.009921
25.000928
25.000928
16.024960
24.020064
14.016255
10.008874
18.020511
19.015982
9.011719
14.008195
16.000928
14.000928
22.011399
9.033076
9.023836
9.020472
24.020722
41.000928
7.008695
41.000928
19.013647
22.020468
9.028486
24.017321
14.008595
9.011765
19.010999
4.049482
10.004826
8.010087
15.000928
8.019092
11.000928
12.008595
25.009323
8.033277
31.014680
12.015255
16.003938
7.027288
9.009055
10.007201
28.022668
19.015962
21.004483
7.018000
9.023946
12.005205
26.022201
9.018806
9.016694
9.010107
6.000928
19.000928
17.010327
9.006543
19.012411
9.011075
14.027480
24.016428
9.007954
39.022296
9.020802
5.011033
14.012201
