38.003952
45.002800
17.027198
16.002400
37.030485
9.027825
12.005710
13.002680
12.040614
19.023408
14.021630
24.015221
9.028844
25.002500
11.014923
15.003998
22.004058
7.012367
14.034939
39.066686
14.032542
29.010886
25.002240
25.004242
15.003938
13.005130
8.006556
47.003738
12.003852
22.023059
14.050770
13.002720
25.024351
29.016482
10.002320
15.010373
7.046768
9.048675
51.004578
16.003572
17.002560
7.036526
34.005517
11.005510
12.056050
45.007848
23.043996
9.086199
12.010577
13.005250
7.034533
14.039574
11.004263
54.002500
28.004163
18.041831
