17.007168
36.000928
22.009693
30.004443
13.039114
6.012361
9.007227
13.008275
3.073912
14.041170
7.008349
6.055550
19.016360
9.016779
9.020552
6.004563
7.033341
4.068220
14.039613
9.026049
24.035734
14.007171
9.063848
9.024534
26.006155
9.004243
7.064969
14.023269
4.079322
14.011411
9.053166
9.017875
9.008215
14.012153
4.072813
9.033777
9.017134
9.023578
9.023328
10.003572
14.002340
8.030038
19.019965
9.049805
14.014389
9.011381
24.024730
9.011025
6.015827
9.005825
22.071289
6.005735
17.016786
6.000928
20.000928
116.012835
9.016621
9.012269
19.008048
34.041342
9.014104
6.008261
17.030022
4.074430
14.008053
10.011348
9.009771
13.028310
4.051119
19.005631
9.020452
9.046888
12.009581
23.004223
7.020442
4.052658
9.034286
16.004032
12.015892
19.040719
5.006757
13.009767
