9.021329
10.003852
22.005964
73.023248
21.000928
29.004112
29.000928
12.028596
50.005784
13.007042
10.000928
13.011439
29.011993
32.003532
24.006936
42.005504
10.006396
19.003592
6.003992
23.009612
12.010783
35.006636
9.003652
9.011293
19.014997
10.005304
18.006916
8.003912
10.010163
9.003532
12.020512
22.005464
22.012085
55.007034
9.003892
6.006817
30.014023
22.018826
4.011065
33.004142
24.003552
29.003872
10.006736
16.009945
8.004032
16.005024
7.010367
15.011611
11.003912
9.004132
44.003672
23.006862
31.019379
13.004112
12.014229
7.003952
15.006323
