6.009705
9.005245
21.006537
12.005145
14.005565
13.005945
11.023104
14.020284
18.010449
20.019315
10.009661
7.005345
10.018333
18.005665
9.005745
31.005485
18.019977
7.005605
13.006045
7.031455
11.005985
17.005330
11.005325
11.005785
11.000928
18.015135
24.029738
20.004985
13.008900
17.005465
6.026221
6.005385
16.005405
21.017905
13.009761
15.005284
7.005005
9.005625
6.005891
16.005685
13.005045
18.002700
12.007807
15.035105
6.005725
16.005585
12.002380
31.005685
20.024815
17.009950
17.005104
8.009799
7.002540
11.021639
29.016307
30.002740
14.006059
10.005825
7.019558
30.002260
8.027144
7.005625
7.006856
9.006957
11.005305
7.005365
10.005545
12.016847
25.002700
18.012877
23.005385
31.002760
16.013451
22.002780
14.005184
12.007203
