7.028152
15.005490
14.003872
13.024212
15.003953
13.028590
5.008315
14.009327
14.005504
10.007773
7.022130
11.004012
7.032681
10.003812
6.004012
11.026350
10.004272
9.005170
14.005544
10.008595
5.004153
11.029403
11.016434
5.004272
23.003832
6.004012
27.005610
11.007303
26.004844
9.004342
6.011405
6.041690
10.004312
4.009263
19.007815
8.024454
9.017108
9.014089
5.004112
7.005205
6.000928
10.008469
5.009290
6.039734
5.005656
5.004098
10.013151
8.004132
19.005791
14.008474
24.006257
18.007010
10.010790
10.005577
18.010107
14.004312
23.005830
16.005916
6.059553
5.002700
8.049432
5.005484
8.024242
14.031046
25.003773
14.003912
15.004012
8.004072
19.004312
6.008835
7.006114
13.015687
7.004272
7.006310
9.003872
9.003672
19.005565
9.004092
6.007017
7.005110
15.008315
7.025820
5.013462
9.010143
33.023472
10.005750
12.002800
36.003832
14.007333
7.009505
26.000928
14.003852
7.009467
