8.014221
6.008099
11.014795
19.017634
34.040239
7.000928
16.025774
9.030006
5.003932
10.012320
12.044900
9.016054
4.042894
14.036244
9.015122
9.022816
9.032744
14.012451
5.006417
8.028313
9.022044
9.026671
9.024521
14.018522
9.030349
19.050747
9.044057
19.021530
9.010533
9.042436
9.050114
11.013521
7.038066
9.037765
9.038262
9.007163
9.027072
14.039920
4.051817
14.041180
4.055827
4.057712
7.005345
12.004403
8.044116
9.028146
6.008401
13.006676
8.030295
9.020606
4.028949
9.015267
9.024466
14.010113
9.024560
9.041159
9.032023
9.057143
4.045725
9.034704
9.003758
4.029697
19.035060
4.034331
5.011373
8.008527
9.005250
9.038244
9.047530
4.069417
9.021750
9.018624
9.019897
14.011141
9.011785
4.025533
6.006697
8.005594
9.013721
4.015035
8.027470
5.000928
4.039309
8.022930
5.010057
8.010919
9.032167
9.009561
5.010495
8.038656
9.012317
14.033921
4.047981
9.010793
9.037477
9.026610
9.026745
6.006742
8.010290
8.030160
9.020584
10.004422
13.023974
9.016516
9.026589
9.045604
11.006743
17.048019
4.051113
9.021748
9.029072
9.031630
4.055416
5.003772
13.030934
