7.033303
6.010227
7.028438
9.042794
5.004132
8.017678
19.018918
5.012327
18.032613
9.035719
5.006917
5.010147
17.025921
5.009703
5.012019
12.023054
4.048547
8.004092
20.021119
4.038421
6.004112
7.013983
10.006817
8.015190
9.032809
14.016921
9.022858
14.005542
9.009389
9.014545
6.003852
12.012617
9.031597
5.016198
8.022451
10.003752
9.003752
9.019734
8.046545
14.019444
5.011633
13.020130
9.011539
15.003632
7.010141
10.003724
5.011094
8.018649
12.005995
6.041949
10.003572
8.012659
11.002660
7.064717
9.028352
5.021884
28.010353
7.005265
11.017098
19.041318
40.006111
4.015896
8.008961
5.011891
9.005803
6.010533
7.014177
8.010679
9.010733
5.015709
9.007631
9.007769
8.027880
10.006991
5.006777
6.019468
10.025548
26.010167
12.063493
9.008281
5.014544
11.005065
6.033093
4.064268
8.002850
16.004238
9.010793
6.006617
11.013299
9.014991
7.009741
6.030092
5.009248
6.004073
6.056310
5.003832
12.013939
62.013233
7.060411
15.005825
9.011197
9.008270
9.008215
9.008789
8.036728
9.007140
5.004033
13.011179
6.015052
