11.002820
20.014241
22.000928
6.030773
19.021456
14.010513
5.000928
8.011199
9.022934
16.004602
7.018926
19.022027
5.002580
43.012211
24.011545
7.020532
6.006056
19.019185
7.000928
9.000928
11.030148
19.019946
5.006717
34.005177
8.019840
12.000928
15.000928
21.007428
8.007134
9.017289
6.002380
12.015741
9.008515
9.022342
23.002700
12.002520
12.009839
7.002300
26.011491
11.002420
23.009161
8.010099
15.018783
13.021336
24.019826
12.000928
18.002820
13.000928
18.023920
5.006903
23.029277
15.009520
13.012443
9.039796
22.000928
11.016464
14.025788
6.012912
10.000928
18.002830
15.000928
16.014169
14.012817
9.015675
16.000928
25.000928
6.011359
7.000928
9.000928
19.000928
6.022202
9.008441
5.002520
13.039411
9.017093
9.008334
10.000928
10.000928
24.002240
8.000928
18.019432
9.032678
