13.006517
13.015368
5.006577
8.031415
9.022977
44.016608
14.040652
5.006917
4.013225
24.011613
9.016426
13.041733
9.012051
9.037589
4.062729
14.030137
9.052921
10.007057
8.041510
9.062156
29.016665
6.009647
7.008961
9.011559
9.035651
19.012605
9.042817
9.013631
9.013609
9.040913
5.003832
8.071737
9.022296
15.016357
8.035151
9.021536
9.014109
4.043972
24.007343
9.012703
5.000928
8.017066
9.034504
9.008287
5.002326
10.004503
7.041296
9.028689
9.020932
9.013803
4.043907
14.024300
14.013829
9.018426
9.011573
14.021540
10.011455
8.024110
5.003812
13.022988
14.024128
5.005385
8.030166
12.006617
6.026098
9.018332
4.051263
25.026567
5.000928
8.005490
8.032893
4.071649
24.079508
4.078243
29.013664
4.065811
14.005130
9.019104
15.006737
3.055477
9.035617
14.021170
15.006337
13.029474
9.011843
16.000928
23.008695
11.008380
11.021170
9.063196
9.032213
9.042565
4.059564
15.004012
8.018646
9.011085
9.022342
9.007920
4.039665
9.019038
5.008979
4.005230
9.015429
