11.010250
6.000928
76.000928
28.000928
15.000928
6.036195
14.003978
9.008855
19.010765
14.009887
10.005325
8.011059
9.020252
14.021066
19.036671
24.008680
9.035682
9.018965
27.005885
21.020627
17.000928
11.015801
9.011519
19.032482
9.006662
19.019658
9.019372
10.000928
13.009627
10.013421
11.000928
11.056035
14.010147
9.020257
14.007681
9.020024
19.043127
9.032804
9.049093
14.017253
9.010425
12.000928
26.005530
9.007541
19.020311
9.005190
19.008455
9.018111
17.014021
7.014901
18.019232
19.015755
9.006942
15.006276
18.005230
17.000928
17.017584
8.047874
19.011823
20.014115
8.014657
14.015476
19.016257
9.019034
19.015686
10.004382
10.005565
7.022874
14.011239
14.005390
9.026913
4.040184
9.021994
19.022362
14.015631
5.000928
8.007582
9.017905
9.027530
