13.010241
8.023754
9.029987
14.007723
25.003632
8.019424
9.028508
16.006757
14.016249
8.019423
43.013025
9.027593
27.005545
16.018218
49.007008
34.043919
67.033029
11.065118
25.003712
13.034217
19.014889
15.012559
15.009139
12.017799
14.015079
14.007169
10.016453
11.005445
21.010033
15.024876
8.039084
9.032499
19.018004
13.012861
10.039002
8.000928
15.048157
14.015953
9.012291
24.046207
9.048560
14.003978
9.013851
9.005757
21.006917
12.024126
8.000928
6.030539
13.021584
14.009473
19.031495
14.026347
16.004132
7.038551
34.014415
15.006937
9.017243
23.016314
9.015773
19.005350
10.005980
7.006177
15.025253
19.041067
9.008295
24.011999
7.007731
9.013877
15.006797
15.036133
9.036668
