113.004112
8.016865
9.007063
10.003612
23.064298
20.003852
9.004112
18.030530
9.050478
44.002220
10.003992
8.015922
11.003652
22.034718
56.003552
18.003832
18.012891
11.003592
17.016599
9.020507
34.019937
15.002280
23.024407
14.006030
15.003832
8.026851
19.012779
9.018166
9.028747
20.003692
14.004012
13.015555
34.008395
9.011119
14.031510
24.022475
11.012205
22.008821
34.016780
24.018166
24.005910
26.003932
38.003972
29.003912
8.016967
12.003792
6.027543
19.006862
16.004032
22.014827
29.014511
7.004112
21.033203
14.005990
19.006350
9.005790
