7.020128
99.014605
14.020282
9.011357
9.006663
9.038966
14.016734
9.022202
6.013523
17.011995
5.011925
8.061295
14.027077
14.016378
10.003074
10.007607
12.067357
9.017701
5.003632
18.043236
14.018808
9.013963
5.006737
8.057869
4.073583
5.023499
8.024330
9.036309
5.007372
5.002680
7.045608
5.009448
9.011507
9.003832
18.012757
10.009813
9.009719
8.019018
9.028662
14.006923
9.061906
9.016347
4.073951
9.009881
10.003712
8.021772
9.011039
9.016368
10.004905
9.004502
8.028844
9.057744
11.004542
13.004382
8.037315
9.034461
5.004112
13.007880
14.020550
5.003612
8.048833
10.010591
8.037330
10.013441
18.024546
10.000928
13.042962
14.052734
9.042373
9.009967
9.006663
4.036977
9.032290
5.008329
14.000928
13.039336
14.018466
4.055631
9.044627
14.012339
17.006617
6.005430
9.005710
14.026088
14.036142
10.002760
5.012141
12.052862
6.004418
8.005410
13.061204
9.048601
6.004052
6.015619
16.004302
8.017986
19.020182
14.029304
10.003572
8.012277
11.004562
