14.007951
42.003538
29.005270
9.037148
9.053010
10.006677
8.055131
9.011597
19.030690
19.014673
19.030897
9.040220
19.029575
9.030965
14.027743
10.000928
18.044109
6.010332
7.015295
6.017001
7.039480
9.034678
9.034289
14.009827
19.008521
9.033395
9.058706
14.039265
9.009233
15.004622
18.055329
14.031941
19.008729
29.038682
9.009573
9.023054
14.029243
14.021370
14.012559
9.031993
14.039755
6.018524
12.014611
9.027234
9.035992
9.008075
9.036136
14.035371
14.027753
24.014325
9.017740
9.060223
14.015928
10.006617
13.027571
9.023862
9.043675
9.029628
9.039959
19.021290
9.019353
14.035384
11.036205
7.050846
10.000928
7.038824
40.068270
14.012877
19.012177
8.008929
25.026749
19.019602
14.018503
9.041004
31.013484
17.010239
24.041632
11.002300
17.025994
14.034744
