23.022122
13.038143
17.011093
15.018106
32.047826
10.043690
13.006657
10.020644
17.007228
15.003853
9.050947
14.013823
15.003832
12.029591
9.015316
10.037342
13.015015
16.000928
16.037281
14.034634
16.012291
10.027585
16.043698
12.009333
23.007277
12.023070
11.044748
13.012931
29.003712
15.034460
12.058155
15.016748
14.014791
12.021754
50.054948
13.029361
12.076715
16.005690
10.072880
14.050255
13.018000
10.062755
8.002720
12.002686
10.020738
13.005410
12.021864
11.017113
10.012753
13.050939
15.009321
13.002340
11.017522
13.009461
13.005050
15.012081
18.004642
33.010859
12.052160
17.037922
17.027128
14.025546
30.021334
15.059617
19.023222
19.012425
15.030981
20.026159
16.011793
10.020148
14.010361
11.066660
19.006582
19.002800
24.011479
27.017500
26.031147
18.009109
12.023742
17.021770
20.008371
14.015427
9.027379
14.068013
26.008089
13.045195
10.044874
15.008269
13.021232
16.018602
54.019006
10.018526
11.011459
14.010979
19.008149
10.029717
14.013867
12.009305
14.014624
13.017618
11.000928
12.037265
19.010267
19.027512
9.015823
8.061529
25.003964
14.048954
10.025901
11.008195
10.054623
26.026780
18.046301
10.042680
14.008015
11.008229
15.006843
16.021860
13.027590
14.026419
11.009747
14.057128
12.028283
12.032727
25.006977
21.008729
13.052599
19.056358
14.027560
14.042469
26.033553
11.018689
15.021946
18.003552
18.002300
18.085734
12.015815
19.031658
13.030683
15.011493
13.006548
11.016742
21.009801
21.039006
16.021776
18.007760
16.020467
11.015533
16.010253
13.020380
20.006477
10.004032
14.002420
18.032717
13.017146
12.062759
14.015249
20.038236
15.016599
12.042972
9.067127
15.041179
17.009667
14.016622
12.017934
15.010067
12.021600
12.015041
21.028499
11.024407
16.032445
14.022768
10.032741
20.000928
15.000928
19.008461
20.008569
18.006657
12.076546
15.017582
10.034560
13.018765
25.006921
13.004392
20.013497
10.032991
22.010401
10.027504
12.014149
19.029232
10.039652
11.024061
19.000928
18.017042
19.009287
17.019518
14.009081
14.042685
10.041276
23.030467
14.029855
8.045491
15.022416
19.032283
14.033135
14.009115
16.043396
15.020658
16.024237
21.000928
12.053516
8.065114
20.033303
15.088784
10.061660
12.060565
35.005895
15.002480
15.020182
22.011693
17.064975
18.026727
18.005098
12.048148
12.046947
16.035402
11.012317
13.010621
11.011114
23.040365
13.006589
23.005391
12.030028
22.009641
13.010659
19.027806
10.035795
15.006574
23.020422
15.032711
13.014543
19.008489
15.009481
15.011533
28.014688
13.035735
9.004263
9.000928
8.039437
13.006305
11.015256
10.016462
11.005385
20.014315
15.012464
13.048118
13.025987
13.015356
11.075692
11.016273
14.036098
10.009781
11.017772
8.002340
16.019417
16.057172
36.026739
32.037267
15.012733
23.037505
11.046778
14.030283
10.021498
10.046389
18.004543
13.078980
20.000928
13.052317
15.013297
13.031634
20.026967
18.005630
15.030909
22.014941
15.041160
14.022463
14.012959
13.031063
17.006516
19.008428
10.038214
21.055087
12.003532
18.002560
27.031254
12.038000
14.024657
17.020638
12.018074
13.004278
14.053536
48.024440
12.009807
10.009947
16.003772
16.054304
11.052123
14.013284
10.023288
12.009967
25.017252
14.007023
