112.039443
14.063559
15.051023
17.010081
16.011580
15.000928
19.027631
18.007947
18.009913
31.017494
23.015521
21.018174
21.009121
16.020710
15.015200
17.000928
24.011851
18.008215
15.004113
26.016155
17.006405
13.018188
14.010427
14.018184
20.000928
16.012765
23.000928
12.039326
19.019043
14.011357
15.031882
15.031749
16.012511
17.006437
20.038717
30.035087
15.003752
13.015515
16.000928
22.028415
19.037076
14.062274
21.024620
18.019446
14.000928
14.000928
14.003852
32.016875
27.002220
17.027405
14.023341
14.049550
14.038202
14.057542
15.015042
26.029985
23.006877
24.023128
20.028281
22.048405
20.000928
20.011161
16.011119
19.031607
19.009487
16.009487
28.000928
24.002566
34.009841
18.029877
20.017022
13.031897
20.006557
26.021048
32.004012
18.024182
32.028486
17.000928
14.013789
22.000928
26.012073
13.029307
14.020168
19.010421
24.000928
15.000928
17.053672
14.057526
15.004662
13.036640
14.064743
15.014663
13.018048
16.012253
13.003572
15.021084
17.030478
29.032194
21.061375
17.028590
15.019182
13.040920
19.020218
25.014981
24.005950
16.016142
16.048345
19.055413
14.075877
19.009386
20.010661
23.009607
14.028123
19.033870
19.019864
19.036138
14.032381
12.021300
16.008415
15.019593
14.010661
19.004622
13.043062
14.051848
15.004602
15.016171
15.002446
18.021124
13.011633
14.010207
24.008049
18.005450
15.011805
14.012615
18.006583
14.032849
15.028683
18.054688
24.009733
32.005145
21.009907
21.000928
13.057174
21.016147
22.011179
31.003613
28.022107
18.005385
18.019543
20.010463
19.013639
14.016279
13.007481
16.023862
17.018772
14.068860
15.014197
15.004642
14.042104
14.026545
21.011213
27.028276
23.010021
13.012257
14.034274
24.010701
19.051180
14.070833
20.010035
20.039329
18.004562
18.018644
14.015516
25.010753
28.030688
27.012445
29.011693
16.010007
19.044282
20.006777
20.029575
11.015089
22.003872
27.032214
12.008089
22.004825
16.026361
22.003673
21.020778
38.010401
13.024207
16.011573
23.006543
22.048495
25.021244
23.002220
35.004563
22.012705
26.011133
24.000928
13.028450
16.018946
14.068303
23.000928
44.030488
26.015719
19.026693
18.000928
17.022968
24.010199
41.009521
15.018758
26.007783
14.024992
15.006717
16.006837
16.019091
14.020498
39.014169
29.024794
15.011473
19.004643
14.009343
14.016704
18.018107
17.035952
29.000928
22.000928
25.008309
33.020464
19.000928
14.017086
14.020824
28.009707
23.022894
15.028815
14.050853
24.048196
24.024907
24.056166
15.009881
18.036357
14.033179
19.036017
14.049460
27.034494
19.028657
26.021295
19.019399
15.014850
27.022316
30.023884
19.062208
19.017348
14.049260
29.052188
14.026652
25.023852
21.023443
24.018160
31.007182
28.047833
21.019540
19.012491
28.052017
19.030751
19.018920
19.014482
15.010901
19.006717
20.012465
12.043903
21.042721
15.049047
13.008209
17.009787
14.046673
22.014083
21.013691
17.008415
16.041370
14.046666
20.015490
17.008149
30.045780
30.016881
24.007749
18.026123
34.025011
22.003732
12.019718
14.007989
18.021512
19.012265
12.043457
22.122167
18.007467
24.018544
14.020758
24.037628
15.009881
14.012565
100.000928
22.038916
16.008414
32.028412
17.019140
16.048577
19.021464
15.004611
13.049996
29.017380
25.003932
30.030131
23.046581
13.040011
14.035863
14.039054
14.057059
24.024116
15.004202
18.034840
14.036093
24.012911
16.013237
13.014781
35.011799
29.089539
20.015462
16.011839
21.015009
14.004052
14.015439
22.038376
19.014909
15.003692
14.008029
14.013817
13.029036
25.011299
23.009953
14.048169
19.006923
14.038529
15.040057
