9.006563
16.003812
25.006411
52.003852
19.009990
21.010253
15.019074
18.010181
19.011253
16.003892
17.009479
15.005874
23.014709
24.009180
21.003732
11.003632
20.009459
24.017195
49.011100
22.016183
19.003932
31.012299
9.056050
20.000928
19.002360
21.003772
27.002620
29.003868
14.012942
18.016468
11.003612
13.003892
13.032911
30.003912
17.003992
22.004032
13.002810
13.002220
14.009847
14.050189
29.010139
38.003592
39.003772
14.004072
15.016813
30.003992
14.013291
23.011725
14.017576
14.048848
11.004092
17.052281
15.004052
14.047584
18.010993
28.003572
25.007268
18.007130
25.016156
11.003712
23.000928
8.026557
24.041653
21.000928
17.016707
12.003532
25.003812
20.017448
19.011779
11.000928
24.004032
21.003832
20.030736
16.004132
17.012979
17.020524
15.000928
10.027823
11.006977
25.004032
20.004118
36.000928
23.009835
19.009409
28.004012
15.009233
23.004092
15.020910
11.016579
16.004092
10.045896
15.002220
29.000928
13.006510
23.003632
17.001882
16.003612
76.000928
18.073934
10.005814
24.012493
23.008882
14.010819
15.004132
8.008701
15.010561
15.000928
12.025409
9.036379
19.014175
39.005457
24.056727
24.015823
10.006557
11.016307
36.010527
19.007823
43.003652
31.004132
13.069957
14.009020
14.051090
18.003672
48.024497
13.000928
12.063312
10.000928
14.008969
18.010513
15.000928
20.003872
23.003772
15.003672
12.023570
14.005870
15.000928
20.000928
19.003672
12.033611
29.006843
11.003872
12.019163
23.003732
14.003612
15.020990
30.004132
27.003832
21.003752
28.002220
14.007642
12.003692
26.026205
38.003832
37.000928
15.004012
30.004132
41.005145
13.012651
19.025698
12.000928
10.006050
10.011221
17.000928
10.004032
17.004032
12.018299
10.002520
19.000928
12.000928
42.003612
12.009739
9.021116
16.003612
17.006783
16.003592
13.009639
13.024167
20.004032
17.003712
26.002526
13.016933
19.053150
15.004032
12.003532
17.002220
24.012207
14.003712
22.010393
19.006176
9.019252
9.024185
10.003632
19.018019
23.016149
19.011699
16.000928
22.005990
24.005930
15.013321
23.018430
24.023452
11.005070
22.010847
15.000928
13.016815
19.008795
10.014291
10.003752
16.007870
45.005350
17.003932
14.003852
15.003672
54.027587
19.003892
22.003792
13.000928
15.003892
17.037329
14.006808
19.009459
33.003852
13.003852
13.015237
16.004072
14.007050
20.021406
14.005236
17.003892
18.003652
17.066412
9.009301
14.005750
26.000928
17.008534
13.000928
25.006430
19.014331
19.008735
23.000928
11.023362
20.003812
27.023954
16.003612
12.063595
13.004032
11.003832
14.006297
18.017021
14.082530
14.026331
16.003592
23.003932
14.003992
17.003572
47.000928
16.004132
19.003812
54.003732
29.003752
17.004012
12.042751
14.013757
14.070618
35.003932
14.014897
28.007328
15.004028
38.018271
34.008835
9.048042
15.000928
17.008795
50.007621
16.003912
12.015703
10.015516
22.003572
10.015197
18.003532
22.004052
12.052705
30.003812
17.003652
72.002220
11.005630
14.009021
21.000928
19.003832
34.003692
19.003632
13.008375
9.016161
16.003952
22.008901
9.012087
13.003732
15.006439
11.020112
16.000928
22.004092
