21.019102
21.000928
18.005390
32.000928
27.004122
24.002620
19.000928
41.003552
21.014503
13.005570
14.034572
15.013159
15.009921
16.000928
12.002820
27.012585
67.016342
22.018471
24.000928
33.020979
16.013327
13.020461
13.010739
17.002600
17.003592
21.000928
21.014029
50.002340
17.000928
23.000928
18.008941
15.002626
17.010531
19.006276
21.000928
25.017813
21.009279
29.004584
18.016943
18.017719
25.005430
34.013134
25.008107
14.008111
44.000928
106.021610
12.016421
35.000928
18.002300
30.002780
38.002360
43.008414
25.013821
14.006773
18.045345
21.000928
128.011033
24.008086
26.002786
27.012170
24.005381
33.022430
25.002840
20.004278
12.080230
29.030603
12.016934
26.005330
14.014477
14.008675
24.021456
28.000928
51.008849
25.007137
23.002600
19.002240
20.012798
13.011273
19.013241
16.000928
25.000928
29.000928
15.008959
20.004865
18.035499
39.003738
25.002800
17.000928
35.017803
18.000928
33.020172
11.025186
25.014121
21.008074
89.013277
12.006577
20.000928
13.002540
27.000928
16.002426
34.002440
18.007689
14.009887
13.000928
27.017394
12.034708
24.009115
45.002660
24.015167
14.000928
13.025287
14.006582
28.000928
18.000928
41.045474
23.000928
24.018142
48.009234
26.018418
26.001926
13.023645
11.010541
97.013485
33.010358
19.007242
39.005390
18.000928
10.012311
15.000928
15.019852
35.000928
12.003952
34.009921
20.007729
19.005210
13.023406
16.000928
12.005945
22.012326
29.016932
20.005450
17.000928
22.002320
22.000928
32.002280
22.005976
31.007337
35.000928
28.013317
19.006877
24.000928
18.014868
19.002240
29.036482
24.000928
24.002640
12.016150
16.002840
26.000928
16.023970
19.005610
19.046973
19.007262
14.011179
20.009170
24.002360
24.002500
22.000928
53.007929
13.043611
23.008889
30.032993
29.002740
22.028109
37.000928
58.014429
13.051627
21.020292
31.012305
33.000928
24.013311
15.020346
30.009350
20.000928
28.002720
18.038463
22.000928
29.006597
14.007062
39.000928
19.000928
31.015371
20.000928
18.014044
35.002600
13.014243
11.027709
38.002380
29.000928
17.003306
28.000928
25.028137
9.077417
10.044630
25.002840
13.005330
22.000928
23.010433
21.000928
26.002760
21.009401
27.019029
17.012683
33.000928
16.027438
16.000928
12.005231
17.000928
21.011171
11.014373
18.009330
19.029396
27.000928
25.007182
21.006397
20.000928
21.008161
11.028373
16.047773
62.017753
13.010721
25.000928
33.000928
16.004158
20.000928
18.000928
16.062638
17.000928
21.020724
24.015965
11.010101
15.000928
68.002260
18.002360
14.010821
19.004132
26.000928
47.002260
18.004398
34.008114
20.000928
18.007022
23.012066
31.002800
16.020474
33.013198
17.008695
20.000928
33.028140
92.015069
