17.021861
20.006090
14.004092
42.000928
16.007077
13.023682
20.000928
13.033289
12.062782
12.003872
38.049097
19.002220
14.053092
15.003732
14.006637
15.006277
18.011599
40.005250
19.019420
22.042323
14.009487
14.031297
15.006557
13.020644
15.000928
24.000928
21.005645
12.003972
18.016281
15.011359
13.009833
12.015416
12.005205
10.015997
18.003246
15.027079
17.059940
70.005555
19.003792
45.007935
23.000928
34.003612
18.012211
20.005924
28.023847
14.019602
19.015905
21.006395
13.000928
28.029949
14.042003
14.027990
15.011019
14.004263
23.061419
15.000928
50.008135
13.000928
24.003612
18.022267
11.059821
13.007965
14.004012
26.004053
17.002360
14.000928
19.025134
25.012271
13.004112
14.021672
28.016154
15.008335
23.023158
16.000928
15.007203
37.005905
15.019864
18.008619
14.003672
24.016020
14.004132
18.005950
20.007117
14.003712
13.014583
14.021184
24.033121
14.020452
21.005205
13.006837
14.006537
13.020410
14.017174
24.032407
21.003006
28.000928
50.048015
25.000928
16.028868
15.003552
18.021816
20.006697
24.006937
14.003752
14.023875
13.018945
14.034844
15.003532
26.004153
28.033370
22.043069
13.090159
26.013561
24.005964
19.011643
14.000928
13.028840
15.006537
18.002220
30.002540
13.007182
30.003752
19.006015
24.009807
15.010633
18.018366
13.039153
26.022536
32.020350
15.004012
16.000928
12.006877
20.000928
18.006030
13.028165
20.011843
19.007875
14.004032
10.016279
12.018586
14.023493
11.015175
13.029122
18.014135
14.024503
20.000928
20.000928
18.003992
18.025573
20.008329
19.000928
14.006837
14.006857
18.027344
15.008155
11.008499
11.016301
14.030551
19.017393
14.021911
15.010253
18.023176
28.010713
35.028796
14.027484
19.044753
19.036480
19.048074
14.034840
25.012213
13.037115
19.012459
20.015729
19.006697
24.003872
18.005950
19.008188
31.017960
17.032581
24.035591
10.003532
13.030864
12.009155
28.008539
20.005425
19.014587
13.010859
23.007357
18.024307
15.003772
23.011099
29.009573
19.015600
26.013578
18.003892
29.015500
19.000928
13.014810
19.008335
15.014341
14.009861
19.000928
20.018348
18.005404
10.015007
13.007157
18.014069
17.015182
27.026753
23.039469
24.005930
12.008349
23.019387
86.000928
26.009761
14.007397
15.019632
15.012945
17.012029
24.011339
13.034176
35.003632
14.014714
18.009607
14.020218
34.030950
31.006863
19.004072
17.022330
11.011553
19.005170
18.015957
18.010233
19.049439
15.000928
13.037057
12.000928
18.011739
13.000928
15.017660
14.020497
22.031647
28.013563
15.012391
14.043682
15.000928
14.003833
18.009927
15.018294
14.003672
16.021154
16.017805
30.000928
20.011119
38.000928
19.003992
15.000928
17.019130
20.008481
14.027063
18.060643
14.018414
19.018566
22.011993
12.015258
18.014717
19.008215
34.026120
24.035292
11.009987
17.025832
14.030100
14.013177
24.022882
21.008809
15.007975
22.000928
18.023818
