108.004482
13.050426
28.003532
26.003872
30.003612
18.012030
24.004223
33.008488
16.003992
26.003692
17.008750
27.011181
26.025169
29.003992
15.003972
17.000928
44.005850
18.013757
25.010281
13.018272
15.010321
18.008821
13.032900
16.024501
13.044622
29.009862
21.003872
33.003572
16.009081
16.023371
14.018802
14.011518
24.007648
24.005776
31.010313
32.020494
24.002220
25.003832
28.076938
24.011021
23.003812
20.006683
13.003772
18.000928
24.017397
13.011827
21.003832
22.003892
16.016448
40.007343
19.031220
32.003652
26.005570
29.011925
18.017032
25.008381
16.003992
20.003909
11.015243
17.003612
13.003712
28.002760
34.003752
21.003972
19.020050
16.015195
20.004343
14.022100
13.012613
17.011794
26.015587
20.003652
28.009288
15.039296
19.002220
18.012333
44.013789
35.002460
44.004092
18.007947
12.008675
11.030267
21.006335
20.013577
17.003632
30.003772
19.003612
22.007929
26.011413
27.008495
31.003992
19.005430
27.005050
14.011225
12.003612
14.003932
47.004032
28.022510
16.003852
18.003592
28.003978
12.011633
19.017336
13.019592
17.013797
25.003532
28.012126
22.003832
17.003692
20.003788
22.005810
14.051518
16.004092
24.002220
27.006296
19.011488
20.003772
17.003532
15.074220
40.008929
25.004032
26.003672
26.014383
18.043040
19.007142
14.038999
23.012245
11.004543
28.012626
20.003992
18.045444
29.012871
11.009461
23.010641
18.087480
14.011718
14.021318
12.014064
12.017161
18.006988
18.003632
17.022469
48.010301
21.024879
32.004012
20.003852
11.027821
16.003712
17.029859
19.007302
13.005431
18.000928
21.063690
29.013660
39.005690
16.003952
17.015859
24.009441
25.004072
30.003892
28.004062
16.016742
12.004643
17.008075
17.003792
19.021410
29.012013
24.000928
27.039594
12.002220
21.008281
16.016242
22.012563
23.003552
18.003952
19.003532
16.013859
14.033846
36.003792
17.016109
24.007508
17.003532
37.004012
21.000928
10.011493
20.024710
20.003692
19.003552
14.012805
13.025220
20.000928
18.007342
22.032745
18.017766
14.003632
28.003592
19.003672
17.000928
20.017161
26.003912
23.014168
28.030166
55.003812
18.023494
24.015356
17.004112
11.045754
22.004052
11.032901
15.004052
19.003992
15.003952
23.004012
14.012831
16.000928
15.003872
17.003532
25.004012
18.016612
17.009467
25.002810
23.018260
21.008277
18.003612
24.003652
22.003732
28.060475
20.015910
16.011110
11.014989
16.063154
16.000928
20.000928
27.008089
18.007342
12.009941
11.010259
13.003972
20.012112
20.004092
21.004112
16.006109
