13.005885
13.011279
9.014429
9.018432
10.007714
23.021371
9.010157
9.027085
9.018300
13.003732
7.022883
8.009587
14.000928
13.034919
9.012437
19.016779
9.006849
8.003532
165.019038
22.012351
17.003852
24.004533
8.007043
81.004098
8.008749
8.016914
10.019846
10.011545
7.028116
6.026983
8.000928
7.002340
16.000928
10.012183
12.019943
7.004253
32.008749
12.003812
20.029410
9.021208
18.015747
12.014337
8.007695
16.009315
13.007537
18.003712
7.003912
18.010341
26.034473
7.032875
13.005325
12.009707
11.000928
18.009827
8.018424
9.025906
7.013171
13.009547
13.000928
6.012023
21.015330
12.015101
9.005325
47.005570
7.038211
12.016427
7.009713
7.007955
7.008775
15.023056
17.025500
9.047355
9.016028
9.019678
21.016029
12.032605
15.004032
16.005145
12.013978
6.006335
38.008315
12.009593
9.020573
14.022036
9.018700
12.014535
18.008009
19.005325
12.007961
16.005625
8.002320
9.003026
9.003772
8.015616
11.004132
14.011167
12.055399
8.003752
22.012291
19.005836
11.015423
30.012137
8.013189
10.012453
12.000928
14.000928
7.006739
8.011359
9.011105
15.000928
9.003692
13.007422
19.011639
9.022504
12.020584
58.005110
17.037023
20.007121
12.004373
41.010599
16.016809
12.003832
13.021534
14.015389
9.018486
8.027740
6.005491
10.003913
13.011127
16.007777
7.005245
8.017567
15.003972
22.003933
9.002560
28.005405
7.012439
7.024007
26.003898
8.044534
32.016659
17.006937
8.010839
9.020166
10.005825
8.027918
12.010673
7.006045
8.024604
15.015289
8.015695
11.000928
13.000928
8.036422
9.061932
11.016483
17.020018
14.014175
9.005350
13.003852
138.009727
7.009035
19.003632
12.010693
22.011299
16.003812
11.003712
18.013431
14.011039
20.005725
8.011380
90.013033
13.054134
34.014189
7.004467
17.003912
12.007207
41.013313
10.014574
11.005625
10.016746
19.053442
14.032341
9.013910
9.021680
9.028403
9.027276
20.000928
11.017909
7.014035
8.020218
17.000928
67.005705
11.012399
68.008275
8.000928
8.015201
15.006326
8.027500
14.023756
15.013195
16.004113
7.011575
8.026626
9.015582
16.000928
18.000928
8.035185
8.003732
14.004112
6.011659
17.000928
52.016287
13.004402
25.005545
12.060411
14.018814
8.003832
27.008629
7.010885
8.003892
8.005405
12.008209
8.004158
20.005605
7.007283
35.012617
10.005211
13.042872
9.023936
16.005165
8.002340
13.017859
15.000928
16.004193
10.013835
12.007775
17.035704
9.015696
14.011225
9.008887
9.019260
20.010130
8.020598
24.009847
26.009627
28.000928
8.011385
8.004132
17.020575
13.000928
14.003772
8.014543
9.043827
14.021794
8.009289
6.007003
10.003792
12.015043
17.005185
17.004183
12.005025
11.006015
8.015783
15.003952
8.030744
11.006597
13.012683
9.007443
14.005990
11.003873
33.005270
7.020805
9.005031
15.008299
11.004173
12.004132
15.006070
21.004092
9.005084
11.022788
9.002800
9.004642
13.009867
8.003672
14.009099
10.011205
21.006797
29.014040
14.022276
8.010911
7.011127
15.022859
16.035570
11.008035
10.027331
25.014522
14.006059
7.005870
27.007203
12.008261
14.009773
11.004132
21.004233
11.000928
8.039240
19.013372
10.003593
6.031334
9.007203
8.011119
18.014677
40.015990
20.004072
7.005711
18.025023
21.006997
23.011389
6.004393
13.000928
18.000928
10.000928
12.010525
11.007689
9.000928
18.029867
16.004093
10.000928
31.010061
8.024646
9.024360
7.004338
26.007048
