6.024427
10.009661
88.031152
6.016648
12.015506
7.018992
91.005690
11.008349
18.007777
9.010587
13.023746
10.008645
9.024463
14.008109
13.022364
25.005504
9.003892
10.013654
7.035714
9.027246
6.031662
7.015635
9.036405
9.015875
25.006616
13.037727
10.004523
11.009921
21.037758
105.008889
11.011243
16.005210
10.009661
8.045822
6.015090
7.013975
14.012483
9.012277
9.034919
8.024620
19.017594
31.011351
9.004072
8.065995
9.058750
9.025892
10.008774
19.009521
8.030904
6.019140
7.029253
6.027303
7.017266
6.037634
12.019791
9.021021
6.011313
17.025674
6.026684
7.002220
7.010041
24.009995
11.033005
6.041758
17.018167
9.026766
9.022988
6.079640
13.009441
8.046747
15.004092
14.011399
9.002831
14.007703
14.010507
13.011865
9.021844
6.036476
13.002660
8.014245
9.008015
6.018681
8.002380
11.013583
19.005771
11.022375
15.002600
13.019406
9.020151
8.008229
15.007063
14.031764
10.000928
8.008414
7.007057
7.007949
8.023946
6.028948
7.027043
10.010321
9.002380
16.006697
9.000928
12.007027
10.010593
9.018891
12.053633
6.051759
7.035154
6.008229
17.014364
15.009981
10.004363
8.000928
19.008229
9.023348
8.008955
6.017128
8.006597
9.009901
13.048574
9.028225
9.026614
6.017268
8.004543
14.008481
13.011264
15.008939
9.004522
9.000928
21.011930
16.024420
10.010521
9.008629
10.009441
9.000928
8.004418
9.010787
14.006629
8.017177
14.015852
9.005470
15.010001
12.005730
11.004662
13.008349
14.002680
11.052179
12.005364
14.018096
9.000928
8.067282
9.021945
9.017193
14.024020
6.020184
7.040374
7.016090
21.007683
20.013053
19.029586
9.009613
9.011373
24.005284
13.028550
15.018691
8.043838
7.020570
13.000928
13.005410
9.009861
9.010601
13.012889
7.020640
14.000928
23.007855
7.013195
6.009581
8.002720
14.003998
9.005484
24.013606
9.009461
8.026607
6.015315
7.016342
6.008649
7.039708
6.014504
23.010321
9.009721
14.005584
8.030483
25.000928
8.045558
10.000928
13.006016
9.058860
15.010221
24.007547
9.012816
10.014449
17.051329
10.009341
10.010451
9.007102
17.009546
9.013037
16.020286
13.007709
8.012237
6.008895
13.005384
14.003944
8.034626
10.002706
10.009355
13.000928
10.006777
28.005324
9.003932
13.021251
6.033765
14.005444
10.022017
18.006797
7.022416
6.026493
8.006985
8.039489
25.000928
8.038020
10.009401
18.018259
7.008709
41.016489
10.006697
6.036595
14.006957
13.007797
17.009975
10.000928
10.018766
7.009831
7.037573
17.005344
10.015107
7.025148
15.010534
8.023945
9.008981
9.020652
7.014437
14.011830
12.005305
14.010811
29.010587
34.008569
9.009961
8.033107
20.004132
8.052637
14.018680
10.000928
9.002666
9.009907
14.007749
8.027547
6.044077
7.019966
6.029737
7.045631
11.028759
7.005250
14.027382
6.072143
7.009268
10.016082
9.008089
11.007001
12.000928
8.051198
15.006557
9.000928
10.019984
13.008149
8.031586
6.016028
7.008721
6.027371
8.009787
28.033205
6.017482
7.014109
6.035003
8.012105
24.000928
13.008461
14.050567
20.005464
24.007076
13.017541
10.004172
13.025002
9.036324
9.005330
9.008435
10.011705
14.009581
9.004642
10.008949
8.005205
9.010121
8.059508
11.010001
8.000928
9.006543
9.008109
8.007683
16.010081
6.032493
16.006796
19.007566
9.015010
10.026226
13.007889
9.008839
9.005904
14.000928
9.017336
8.009455
8.026664
6.019086
14.008915
21.013465
15.000928
10.026372
9.048538
15.010401
13.006583
9.051549
6.008229
9.009001
7.066289
7.020400
18.005344
7.040425
10.012243
14.005284
15.016306
8.000928
14.006059
9.029393
14.004564
9.000928
9.003712
13.011239
6.022304
7.038572
9.008357
70.005284
8.027888
15.005604
9.008081
11.015589
7.009661
13.045787
9.019181
11.010161
12.013511
6.024180
13.009349
9.005045
11.014566
17.060490
28.006743
9.025313
6.028877
13.006797
9.009701
23.017300
15.009881
11.010647
8.000928
7.021698
6.016250
9.002320
14.008689
7.009695
190.006121
10.007297
8.003758
8.020230
9.018983
11.015864
12.030720
9.034436
6.009701
12.017273
6.063861
12.053462
6.017113
13.008289
10.014917
22.006588
9.028007
9.058730
9.018542
7.010621
11.026479
10.009261
9.018584
8.025600
9.029513
6.020730
12.042300
20.005724
8.036662
6.010979
8.002720
9.011105
10.008129
9.032502
6.009841
10.045578
15.007036
11.006537
11.010027
10.005264
12.016499
15.017845
6.027911
8.002540
13.041906
9.034731
9.057884
10.005565
9.002680
13.020964
15.005996
11.007427
10.021137
23.008309
17.013033
8.020064
45.005884
13.054847
