108.004583
5.062480
7.034525
18.074274
5.124381
5.029595
13.065357
14.013077
9.017642
5.016861
8.009099
5.009401
8.006754
9.018160
9.014395
14.010319
5.005939
6.005225
23.010001
10.020998
6.030737
5.010453
5.036690
9.010661
7.007028
5.074245
5.015649
7.021283
9.041980
14.006969
75.000928
8.021542
5.023534
5.062922
17.025375
9.072028
9.015550
9.058246
9.015536
9.049023
5.024182
8.011765
9.007863
9.057691
5.038928
8.030329
9.016404
5.008400
5.069658
7.051565
5.014237
8.006822
9.018462
5.025732
5.022630
9.069212
11.015017
16.017121
9.004483
8.049279
5.024635
5.052457
7.020996
6.014901
8.007740
8.016467
14.019017
5.028201
5.064092
17.031235
5.014617
5.033707
7.025772
5.008235
6.048519
7.004183
8.012839
14.013250
5.040697
9.015697
5.120110
7.036748
5.020379
5.028827
12.021314
5.029445
9.012265
5.035331
7.014889
5.035917
8.014209
9.023886
6.018406
8.009281
5.021770
12.011731
9.044507
9.032839
9.027883
9.019722
5.022856
8.046277
9.038715
9.043168
9.028603
9.072009
5.062793
5.048627
8.003612
5.024940
7.028480
4.171485
5.031474
13.052837
9.022383
4.188102
9.008381
5.047043
5.017839
7.018998
5.025286
8.025284
9.039488
9.012259
4.239741
9.044292
9.009293
9.011469
9.035551
9.027451
9.010099
10.004423
4.062606
8.007888
9.055963
5.024652
8.074803
5.041536
5.019014
7.033635
9.060532
5.019146
5.050485
12.018021
5.033296
8.025152
9.030095
5.031761
5.059951
7.025801
5.036930
14.007216
5.086499
7.019918
5.031527
23.037265
5.006737
5.039666
22.051770
5.005485
5.030003
17.042586
9.015723
14.028178
9.003678
5.041542
9.009481
5.059528
17.039834
9.047828
9.016794
5.006997
10.004483
7.039795
5.028831
8.014625
10.004483
8.056306
9.043380
9.049143
5.022010
8.031673
9.013439
9.029516
6.021956
9.078259
18.000928
5.039034
7.045091
9.008027
9.026526
9.029749
5.040400
8.012229
9.013515
5.009641
8.078432
5.006777
8.027235
9.046640
9.018463
9.010527
9.023456
5.024593
5.065888
12.019540
9.010851
9.031912
9.008548
9.004418
5.007835
8.009373
9.040351
9.058825
4.198974
5.006829
5.053794
7.021690
9.108871
5.041772
8.020816
5.005404
5.031029
12.005970
5.041061
8.023301
5.032555
8.011199
7.016699
11.012571
9.027013
5.050203
5.022268
7.037449
10.018414
5.052765
12.017367
5.021344
8.042842
5.046102
5.040906
7.016247
5.045696
9.006997
8.044835
5.019268
9.004503
10.022162
7.005590
9.017535
9.055802
5.028985
13.036883
6.008249
7.010691
5.029471
8.016152
5.025507
5.010707
7.010759
10.004203
8.029311
5.009167
8.021776
9.013549
9.021250
9.035809
9.055112
9.011195
5.041058
8.020664
5.062952
5.022216
7.005510
5.027499
5.023812
17.035844
9.005252
5.016822
9.007405
5.054746
7.039408
9.047566
5.010593
5.029224
7.019294
5.023548
8.008287
16.004483
7.015197
5.011739
5.031821
7.020780
9.020516
5.013703
5.050439
7.032124
9.019346
5.037269
6.028704
10.013165
20.039036
9.040190
5.014201
9.004563
8.005591
9.026280
10.006907
8.005759
9.005731
9.038492
5.035264
8.028733
9.046076
9.040154
5.013555
5.019112
8.007929
8.027911
9.051653
5.005264
8.057559
4.238738
8.020364
5.035266
5.010093
13.000928
8.028789
9.057878
5.006657
5.019573
12.035042
14.024388
5.022862
5.063334
12.014835
9.019026
10.005910
5.028131
7.019558
5.022257
8.011403
5.011159
8.024128
6.008409
9.080354
7.021942
9.044681
9.020083
5.048493
5.008095
12.031172
5.045044
5.032271
13.000928
5.064544
5.050729
18.008309
12.051963
6.012321
7.033480
9.047828
10.009715
5.039936
7.030025
9.039346
9.008475
5.060202
8.070445
14.010871
9.021278
10.004403
5.043665
