25.000928
19.000928
16.007342
17.000928
26.019133
21.001762
35.000928
26.006110
41.000928
25.000928
14.000928
31.009301
17.000928
39.000928
14.000928
46.026225
21.000928
23.005584
14.006662
23.037690
14.016267
9.005671
20.000928
13.022876
22.000928
19.000928
15.000928
27.000928
23.000928
43.008661
43.000928
43.000928
26.012125
12.000928
17.000928
17.000928
28.000928
14.000928
24.000928
33.003910
23.003692
15.000928
15.000928
27.005844
21.000928
11.017854
17.000928
26.008689
12.016762
34.000928
21.014431
12.012197
24.000928
69.000928
24.000928
45.000928
19.000928
56.010641
33.008968
9.029096
9.018319
12.003932
46.007083
9.008641
17.000928
18.000928
13.008859
38.014043
19.014106
22.000928
29.000928
26.006703
17.000928
17.000928
16.006910
13.000928
16.000928
45.007783
30.000928
19.005695
24.000928
19.004112
16.000928
27.003852
16.000928
9.010050
11.005331
14.005311
14.025669
26.000928
19.000928
10.011991
35.005637
9.005531
27.000928
31.015682
12.000928
19.000928
17.000928
14.006997
25.037311
27.025504
29.006655
20.004312
14.004092
19.006035
19.000928
28.053883
15.005404
14.004012
28.017102
13.000928
18.000928
14.000928
22.000928
33.025945
16.000928
13.000928
24.014891
33.029564
27.000928
13.000928
22.006030
14.023922
20.000928
26.000928
16.010939
20.000928
24.010193
51.000928
33.000928
38.000928
18.007829
25.000928
19.000928
23.007703
19.052283
13.000928
13.000928
27.000928
18.013471
9.042445
18.000928
15.006862
12.000928
19.000928
41.005044
26.008495
27.005144
37.000928
27.003992
20.017222
10.000928
22.000928
36.000928
18.000928
15.000928
14.000928
21.025904
25.003712
13.002286
20.000928
24.000928
29.000928
21.000928
22.012007
23.027198
12.000928
56.013603
19.007143
9.025474
77.000928
14.000928
14.000928
36.010767
34.031087
25.000928
11.002246
18.000928
27.002220
12.000928
22.007137
14.003772
23.029557
17.000928
13.000928
24.000928
22.005510
25.008729
13.005391
10.000928
22.000928
21.006842
19.003090
16.015730
12.012131
33.007343
20.000928
13.036901
17.000928
24.000928
14.000928
14.000928
11.010047
59.007623
20.000928
24.005165
26.000928
35.000928
21.010197
15.000928
30.000928
12.012300
16.000928
21.025020
22.000928
23.000928
28.000928
23.007609
8.000928
25.005391
19.036602
44.006627
21.000928
15.000928
36.009853
21.000928
27.027403
12.000928
32.006993
23.003474
12.000928
18.003270
26.000928
20.007162
20.007197
24.007377
40.000928
23.000928
20.000928
15.000928
34.000928
21.005650
25.000928
19.004218
16.000928
19.008915
27.000928
33.006743
19.016057
20.006536
19.003386
14.008154
17.000928
46.004232
43.011121
22.000928
21.005751
16.000928
25.000928
31.020113
19.007323
16.000928
13.012541
16.000928
26.011353
25.004984
29.003852
28.012911
27.000928
