110.000928
6.032208
16.000928
19.000928
17.007891
7.000928
6.033999
9.039113
9.008055
21.000928
67.010327
16.000928
22.012903
17.000928
17.037710
8.023704
9.036482
22.000928
9.024368
16.003638
9.043846
9.025988
11.000928
9.068530
20.000928
11.020313
19.036833
14.055039
7.009701
28.000928
15.000928
20.082988
9.039006
15.002220
12.000928
11.018959
9.006888
9.030669
41.006214
12.009363
14.012531
28.000928
11.010473
14.006663
8.070155
11.000928
40.000928
17.015754
11.000928
17.011333
11.000928
9.000928
15.000928
10.025865
9.007543
9.030109
17.000928
11.044768
9.045146
12.000928
11.040383
12.000928
19.000928
8.032553
10.000928
9.046656
29.000928
24.000928
14.000928
13.000928
21.000928
25.002220
9.049777
19.010985
22.000928
11.071307
9.021590
17.006414
8.067090
10.000928
23.003712
10.000928
13.000928
10.000928
16.028443
22.000928
24.000928
11.009133
11.004243
27.008001
9.025796
46.000928
17.018039
32.000928
18.000928
15.000928
19.000928
18.000928
17.033255
35.000928
16.000928
11.022443
9.025993
24.040084
9.025962
21.003952
10.000928
10.003752
10.007168
20.000928
16.000928
74.000928
8.003932
20.000928
31.056907
9.005430
10.004092
33.009860
22.000928
14.000928
11.013037
9.014106
12.000928
14.034986
19.000928
26.023760
16.000928
12.025700
11.013857
15.005930
13.029414
118.000928
9.006325
17.000928
21.010931
16.000928
11.008782
9.064569
9.029118
14.045788
21.000928
28.000928
8.040342
19.015369
12.000928
11.024750
10.011539
25.000928
10.000928
11.026018
12.000928
16.028917
17.000928
32.006074
8.028427
9.008422
9.044317
13.000928
18.000928
15.015489
27.000928
10.000928
12.008200
8.025145
9.012519
16.014437
10.000928
11.074527
9.005930
22.000928
11.008409
11.013041
10.000928
16.021530
17.000928
16.025471
12.000928
11.023332
9.012743
27.006790
18.000928
7.018500
14.008615
17.000928
8.082437
10.097019
16.022229
17.000928
11.013557
16.000928
15.000928
11.010253
16.000928
14.036421
14.000928
10.000928
11.005530
42.000928
11.025370
9.026116
9.024992
9.017818
9.010079
9.009553
9.015316
9.014153
26.000928
12.008155
23.000928
7.008895
23.000928
11.000928
14.046001
7.036786
6.021550
14.000928
11.012951
9.014271
16.000928
10.000928
9.010041
11.107210
9.015759
7.000928
15.000928
10.021729
9.016711
11.000928
10.000928
14.009987
12.003532
8.005390
14.046058
12.000928
14.000928
19.000928
9.000928
21.008342
9.005490
12.000928
26.005590
12.000928
11.017268
17.000928
11.021646
14.008714
11.000928
15.000928
18.038333
15.005654
14.000928
24.000928
20.055774
16.000928
8.018146
18.000928
6.059554
11.000928
14.000928
14.000928
31.011149
52.000928
21.020629
21.000928
15.000928
15.000928
17.069328
17.055749
22.000928
12.015268
