8.013649
18.039483
19.009847
31.000928
12.020384
10.022424
14.018773
14.012201
8.060070
13.000928
11.004092
14.012625
13.041258
9.022910
9.035015
9.097307
7.104223
11.016434
29.009735
8.025054
20.024408
9.008521
7.020812
9.088443
12.000928
10.012945
12.015791
15.000928
18.029856
10.000928
8.045822
15.000928
9.058343
8.029440
9.027272
8.016562
11.005515
7.029379
12.063325
13.016645
7.019666
16.017740
8.024408
7.021098
12.000928
8.036319
6.104322
7.005842
7.021638
15.000928
9.033333
7.010754
7.024438
6.102779
12.055977
6.138954
7.032829
6.075502
17.021796
6.027849
7.040888
18.000928
9.022922
11.009421
16.004643
16.011499
9.012785
9.018800
14.021201
11.049458
23.000928
18.051488
9.060931
9.052095
11.189005
13.016762
8.017340
10.000928
11.156513
6.038526
9.106654
19.010577
6.098880
18.027063
12.074788
15.063479
14.011977
9.022360
11.000928
17.022628
9.033182
8.028816
15.018320
10.013097
13.041506
12.025949
17.011473
14.017846
9.016568
8.009281
21.010501
7.056275
9.032385
9.056716
10.052809
10.015581
18.027518
13.035633
9.018474
9.045301
14.049765
9.046900
9.055494
7.134220
6.030760
9.003758
9.027090
7.185134
9.009721
13.009103
11.003692
10.036661
20.018695
13.023546
10.012400
23.041945
9.048717
7.021618
16.015067
9.011851
9.031133
19.086412
12.000928
9.018913
11.036449
15.000928
14.026318
8.087076
13.010990
10.011407
9.092844
8.102274
45.027538
6.086978
12.022254
9.015641
9.009339
10.004543
9.000928
8.070984
19.004024
9.014379
9.079552
19.053439
13.000928
10.042877
9.033179
20.032577
13.020300
8.059184
8.062049
6.071703
9.023727
9.054841
9.019024
9.009353
9.037626
11.000928
10.056354
11.017492
9.033229
8.054807
10.011239
9.041838
9.017208
9.011179
13.004032
21.004262
22.021828
16.011021
8.008103
14.010571
10.003772
11.005665
10.000928
15.014763
14.011139
14.028527
9.020458
14.012577
8.083517
20.025256
13.002220
5.175884
9.022688
11.000928
12.030995
9.046862
9.008583
8.016001
5.038000
10.000928
7.028496
20.050675
11.020786
12.027107
9.089405
8.064036
15.039193
8.003732
10.037847
9.063091
9.011979
14.045892
15.000928
13.032107
9.040301
14.058665
9.013747
7.072425
12.012223
6.034965
6.056194
9.068212
9.142802
10.004731
9.015509
9.018053
8.017535
15.013151
13.032617
9.029679
7.085031
11.012377
9.018804
9.056231
19.036615
11.175776
7.128326
9.019512
9.031151
9.020012
10.004483
18.016355
15.000928
13.033030
7.091524
11.028050
14.018612
9.037470
10.000928
15.012030
19.058008
12.017359
9.050067
15.000928
17.151224
14.040393
21.008935
8.055145
9.064451
9.038905
19.035463
13.010141
10.006050
12.220386
24.018673
14.003612
12.011413
13.056383
29.010313
14.014111
9.067399
10.020526
9.003186
10.019512
9.009421
12.016179
14.010945
29.019472
21.009301
17.011163
20.019232
13.038054
14.039252
14.008568
14.043014
9.072189
7.074447
11.036613
14.034712
9.043135
11.172881
11.006890
10.008033
9.027350
11.065796
19.019666
13.046063
8.023461
10.023388
10.030971
18.008795
8.031967
9.094450
9.032597
14.046898
20.000928
16.003792
9.018313
11.044723
9.036501
14.005651
9.011625
14.034421
14.008655
16.006577
9.019147
11.003572
9.000928
10.039257
9.029509
14.034932
9.022323
14.033514
10.007341
8.031783
7.021554
7.004563
13.023050
9.020710
5.052949
8.023262
9.024863
14.038966
