10.023058
103.000928
17.006828
8.006697
33.006677
14.006637
13.015902
28.000928
32.009841
17.011725
13.011599
10.010041
17.013711
15.003872
10.016282
18.023392
15.000928
29.000928
24.022230
24.000928
9.035011
15.013926
19.010463
11.007142
7.006597
28.040468
23.008789
18.010857
10.000928
8.006868
7.010833
23.015037
19.000928
9.022336
29.016822
9.000928
7.019582
11.027229
12.022026
16.010980
9.023648
17.037366
31.000928
22.038816
7.016676
10.004052
9.000928
18.000928
8.030081
8.021038
12.000928
37.000928
29.000928
14.027891
15.000928
12.017068
10.000928
18.000928
25.026802
23.000928
10.005225
12.008015
11.028711
38.012725
23.022495
10.000928
11.012603
12.006696
10.024981
9.023050
19.027319
28.002820
9.028892
20.000928
25.015601
12.000928
14.017931
20.031821
37.011373
36.011503
16.011251
7.006437
18.014204
19.020364
13.012011
24.000928
20.036339
24.006157
24.032883
9.020126
14.025420
23.000928
15.000928
22.012631
35.003812
9.005904
24.006657
10.009501
15.039436
14.027023
10.007717
9.000928
26.007889
18.008767
10.016278
13.010313
16.020213
19.024078
27.005970
20.038788
9.006697
24.010433
15.009641
17.021234
13.000928
30.005710
10.011053
34.000928
45.000928
9.000928
28.000928
35.009521
13.014474
24.000928
14.000928
25.007217
13.038634
7.006863
52.000928
14.018668
38.029907
8.051746
34.005470
21.016761
15.016506
17.006977
10.018160
28.006636
22.006977
11.013377
18.005256
21.014938
13.028148
28.031062
18.012771
17.019232
29.027550
9.028743
9.017878
18.023482
21.003893
12.021378
13.032416
11.028071
28.007907
26.000928
15.004318
31.000928
7.006637
11.006896
11.011031
8.018946
20.006783
19.006817
17.008369
15.006557
22.005451
7.012751
17.006957
10.019712
9.013723
23.013099
14.008715
10.025913
24.020398
11.005145
41.023992
24.007617
18.007222
35.009561
29.005585
30.000928
9.042801
24.027645
34.009921
19.005665
10.005345
22.005724
70.010227
9.035082
18.008709
19.000928
9.000928
14.000928
10.018986
22.013511
21.030935
18.000928
44.010810
18.007642
7.006823
23.000928
9.031982
17.007162
10.011533
29.024090
20.036282
30.027039
24.007137
12.005545
24.009887
19.008621
20.029917
9.025933
9.029165
24.007717
12.033421
35.000928
29.000928
8.030451
8.006877
16.013981
19.000928
20.029171
13.000928
20.022187
12.036486
8.006637
18.006923
23.023090
9.038461
13.009701
29.000928
29.000928
141.000928
12.004646
23.005490
26.039194
14.020844
18.006797
23.002220
20.000928
10.040450
9.026332
13.012945
30.003712
28.000928
11.000928
12.015142
19.007097
29.000928
39.018268
16.031157
14.015573
11.011179
16.007769
12.034323
14.009533
14.005030
15.009897
9.014791
20.007003
17.007002
35.008409
19.000928
10.000928
14.025638
33.000928
35.000928
9.000928
22.014224
31.023878
18.006896
13.008395
15.005985
14.002726
13.012345
13.000928
17.007017
18.036449
31.017873
24.011669
22.000928
24.000928
15.006376
14.024620
29.014729
9.023828
23.007077
16.043592
11.006050
26.012653
8.000928
28.036926
35.000928
25.035877
9.030063
9.024241
12.056000
11.015130
7.055162
21.000928
23.012383
19.002760
23.006290
9.025854
7.008255
22.006803
15.023681
9.040726
24.023284
14.009861
14.007157
14.027504
18.000928
19.000928
8.029123
21.026866
9.036529
18.040995
35.042494
10.000928
17.000928
24.000928
37.006257
9.000928
21.000928
19.021035
13.027712
17.005285
12.006656
15.013937
9.032145
9.006557
13.012063
14.000928
14.021231
7.011950
88.000928
12.006977
36.010637
20.007177
16.006883
18.045749
9.024654
15.000928
20.026512
19.018948
18.012719
26.024860
28.000928
9.023088
23.002660
15.011865
19.026281
17.008301
36.000928
18.020508
18.008435
15.000928
15.028088
15.015516
32.010181
110.000928
14.016748
33.006676
15.010090
13.007057
25.010081
13.015376
12.007213
22.005505
18.000928
22.000928
35.022447
14.054889
12.009967
33.012243
15.035089
16.013691
24.021865
16.009861
