7.014803
15.006537
6.005624
17.003672
7.005824
7.014017
13.006577
7.005104
46.007687
106.005584
12.004448
7.011950
17.005404
7.018840
7.005244
7.005784
30.005684
7.009987
9.013903
14.024961
9.050602
7.002800
42.003952
29.005305
7.005604
16.003752
10.010130
7.014995
7.002720
13.005664
7.012491
7.005444
16.020743
9.011431
16.005244
8.006597
20.005544
7.019579
21.005084
21.005024
7.005984
8.007037
8.020748
14.006808
7.004944
9.005544
17.003952
10.004970
7.010933
11.005464
24.005404
7.014683
7.005364
7.003832
9.005064
27.008890
12.003752
12.061892
11.005724
39.004984
15.005804
21.008474
11.007077
7.021920
21.005564
7.025202
9.033815
7.005164
25.005284
17.005444
12.022761
15.010850
16.005224
16.005890
7.005384
7.005284
39.003672
8.017012
9.010779
11.010090
25.004984
16.011395
9.014703
10.005824
38.014516
7.006637
7.005204
18.008007
9.010427
7.005524
22.003572
34.005264
29.012233
7.009150
36.005584
7.014430
17.008941
10.005544
16.035446
10.002760
9.005464
7.010433
17.002600
12.030424
8.004944
17.005464
9.005764
19.005744
17.005170
11.004984
25.004562
7.005244
11.005704
11.012292
20.005924
7.005644
16.007262
14.007567
14.003872
25.005544
7.041106
36.005404
23.003812
8.027631
9.023303
9.024432
7.012030
11.007895
8.000928
21.003872
24.012738
13.007915
7.005084
12.003592
10.005484
9.003672
11.002700
15.021165
13.005324
6.005764
15.005644
7.019078
7.005144
7.006257
15.005384
23.004072
9.003552
12.005784
8.005384
11.009707
9.007442
34.008934
15.012695
12.010830
9.006577
46.005544
25.005384
9.006597
8.000928
18.020905
14.009927
7.002640
22.004072
22.005564
11.005684
8.015017
7.005684
7.007717
7.005430
13.007847
8.005644
7.020444
10.000928
7.005424
17.005204
12.008414
7.005104
7.006957
14.008625
15.005684
7.019291
9.002220
9.005850
7.005464
8.006957
8.006030
7.005244
14.004984
16.002720
20.005284
14.007407
12.017085
16.005184
7.027811
15.004032
10.005424
8.005304
10.054691
7.017993
7.005464
21.010657
7.005164
13.005464
14.005324
7.014283
11.005024
12.025601
7.005544
12.005764
15.005564
10.006937
11.017957
29.011899
8.005284
15.011391
36.005284
9.003532
7.021340
10.007723
21.021979
7.016247
17.005744
42.004827
7.014883
7.005784
11.005770
7.016000
11.005304
29.008675
8.000928
31.005764
15.005424
8.006084
10.007107
7.020025
9.013443
14.014649
9.009873
16.005384
7.020185
7.005384
7.005404
59.005724
91.005484
11.021033
11.003892
17.005790
10.003146
14.000928
10.005584
24.000928
12.035166
8.000928
12.007467
7.013131
9.009879
