28.000928
13.017691
40.000928
10.018320
17.031984
15.006889
33.017113
22.003532
16.008461
24.024601
16.013172
15.012811
21.008761
30.014841
14.014496
13.012851
19.019528
20.004583
13.005682
16.000928
28.003872
14.032413
13.009619
30.017992
14.014995
19.021850
23.011993
17.026698
51.006923
16.026200
38.030895
23.029757
15.052739
13.036518
26.003330
28.004358
19.005270
14.018285
19.013697
30.003918
31.014004
27.036872
20.021569
27.000928
13.050557
69.006723
12.002266
25.008429
30.015983
22.011179
12.029229
34.057868
29.004052
13.015675
29.005790
19.032551
16.016268
16.035151
24.023719
23.010853
35.006803
17.032107
11.037362
20.035914
28.027373
19.031733
23.086716
25.020842
20.012311
26.021324
18.020344
17.010113
12.021847
27.005030
18.044676
17.038080
35.009727
23.019183
19.023649
18.016439
31.014995
36.008935
28.031041
15.028682
23.019912
12.033632
20.039453
31.008029
14.015261
22.004052
14.059528
26.010621
24.046454
11.027085
21.022065
15.013583
16.040338
12.006237
17.029889
12.002346
16.002486
12.034255
23.006098
13.012411
22.021076
12.026420
15.015056
30.009177
18.042492
33.000928
52.013541
16.010095
18.018232
16.003978
23.016687
30.024980
29.015466
15.022362
32.021730
14.016643
17.005251
15.021190
34.030548
22.000928
19.039023
11.024696
34.021744
24.058874
25.003812
14.023138
21.033173
39.010647
19.003612
19.005570
19.009392
17.008209
34.023702
24.049390
14.022054
24.009927
14.015998
13.007108
18.000928
17.008195
17.012451
14.005610
20.008201
23.019340
12.022228
36.012935
19.011911
24.044700
36.013858
17.116863
15.038539
23.009001
19.040979
14.018011
20.010374
12.000928
23.035943
19.034447
16.022315
21.017819
18.026159
18.035139
19.012734
24.027045
17.028637
37.011173
17.087294
22.004503
20.005485
15.024760
21.004272
26.004558
26.025670
24.042179
25.000928
31.043844
33.030603
33.018008
20.002246
22.034181
13.038469
11.035643
28.011726
15.014829
21.035384
11.002386
24.018307
24.034305
17.023772
21.006869
19.016986
25.021991
14.007669
21.017906
17.015248
23.043223
12.031437
14.086565
13.044043
15.021330
16.016816
19.008041
12.031269
15.007935
36.012791
20.036155
18.027038
28.020845
15.017291
29.016676
25.060838
37.026432
19.005510
25.011513
16.002346
23.012191
22.024364
19.012557
29.011841
45.020526
11.032018
34.028211
26.021874
15.010433
19.019432
18.024000
21.019398
20.020303
11.033481
14.042356
25.002480
18.037631
24.051674
19.025761
19.033526
15.003186
33.018737
12.031987
28.015862
17.030599
12.104392
17.013463
13.014895
12.041324
13.030114
24.045089
30.000928
17.022776
28.096666
20.009747
23.059363
25.048540
19.018120
15.009187
20.024386
21.009593
26.006857
18.018846
13.024974
19.032187
27.024286
17.009013
16.030057
16.010681
14.010292
21.005145
19.014897
28.000928
20.005565
13.023274
13.005716
14.018314
14.008322
12.023988
16.016613
28.013005
11.043912
19.027724
28.022077
19.028995
27.015542
17.009901
18.035750
17.046435
21.005610
30.033121
24.005944
19.023437
11.068386
19.000928
19.019924
16.045886
22.034198
21.023492
26.012798
25.008515
17.022356
23.036599
19.010433
12.033787
27.002240
21.035970
13.024244
28.061524
23.020328
26.007063
27.044347
14.007807
21.009591
18.006305
28.017460
15.007391
20.015855
18.005781
11.031504
9.034717
26.021302
12.033920
34.005445
13.008632
35.051757
42.004583
23.125243
17.099126
21.100952
19.011833
14.040818
29.006829
29.015730
31.010905
16.008275
15.017731
30.013535
16.005915
20.036209
31.002380
29.019226
23.027539
40.006757
28.011733
17.051029
9.021983
12.012165
22.003878
16.017699
14.021020
14.025659
28.013299
24.022148
20.022001
23.039747
19.011997
19.025923
24.056348
25.011825
14.019170
22.008799
12.015235
10.040859
19.012966
17.017301
16.040103
24.007017
30.035591
15.019916
18.030827
18.024311
24.057468
12.022848
21.028385
9.021790
9.025254
9.040438
20.008495
15.052778
14.016069
