8.005150
26.018925
20.039248
26.002760
14.005990
13.016948
9.021942
24.007123
9.045592
20.009901
25.022065
17.011199
8.024669
34.024141
17.007969
18.004418
23.053201
14.018880
9.015633
11.009141
14.000928
13.005490
8.010033
9.031796
14.008141
9.019697
20.009901
8.054994
17.005344
12.014369
13.014291
19.016167
13.003632
26.021279
14.006562
28.062139
19.013497
14.076063
20.006808
14.000928
8.011945
16.003752
12.023968
24.059594
11.029169
19.005430
14.005505
12.010367
11.007122
12.074172
19.005651
12.011693
17.005861
9.035970
8.021716
15.009733
13.011199
10.005730
41.015455
10.000928
85.028478
24.015720
9.067471
22.008487
16.010058
16.012725
7.028906
9.017160
24.015675
9.047253
17.051975
32.007491
12.003852
9.006882
12.005436
22.029282
9.015602
15.004642
22.007955
13.012073
16.018969
9.011245
14.016914
14.003818
9.029160
16.003772
28.000928
14.000928
8.012383
14.019985
12.003924
22.011579
12.004072
9.006702
27.028357
8.015575
8.028091
12.008829
11.015485
10.037896
8.023448
9.018612
14.024026
19.006431
18.016582
11.003678
11.009781
12.016241
9.038979
13.018274
11.039634
11.006502
20.019004
26.020904
19.003693
18.018251
13.040943
16.012391
17.063597
14.039660
10.006182
14.003672
8.049486
12.003852
17.002360
13.016801
14.027905
19.017067
13.000928
9.009473
12.000928
12.057922
11.000928
8.006643
8.005331
9.076649
9.060366
9.011418
9.004643
9.006922
9.005065
9.013155
8.007369
9.005697
18.007702
27.015422
17.017273
9.017614
18.007735
30.011865
14.029407
9.015701
22.005565
16.013555
16.020838
12.009341
9.014981
9.017253
30.015409
14.010453
18.049492
16.008529
16.020462
21.032487
9.026699
9.009467
18.008775
10.004449
21.005405
14.008009
11.021142
26.038842
12.025252
14.017668
9.015576
9.019989
10.000928
13.009595
14.015481
9.015274
14.042912
15.011031
10.005090
7.023862
10.014288
17.028391
19.013091
10.006683
10.004378
8.050546
9.013689
20.010853
55.002760
12.013011
18.005810
11.017774
12.003992
22.003912
16.003892
11.000928
9.005004
13.014823
14.013383
9.007183
24.008075
10.009114
18.045250
19.026954
9.021203
17.004052
10.007835
19.013777
15.008415
30.014445
8.041756
9.018784
19.037099
9.020756
17.002680
15.007222
30.012805
16.003772
12.008375
14.012577
21.015069
12.014183
14.030027
10.026547
19.008696
8.024040
17.013717
11.050463
9.043789
9.026912
29.018406
22.003652
12.040793
20.015556
39.009907
7.030379
9.011171
8.006854
16.008269
8.044476
14.018728
9.028977
13.003792
10.017712
35.000928
10.009621
22.009967
26.055974
37.011745
15.017638
17.015944
14.011713
28.008483
18.030005
14.025889
12.022524
14.054289
19.010547
14.006949
9.049357
17.003892
11.015941
9.022248
14.050151
9.004931
19.006722
10.006803
18.024894
9.091397
11.017361
22.078915
9.020878
9.043079
10.011207
15.022396
19.004098
24.005710
18.009787
9.035754
21.005230
11.012957
13.012463
15.013291
9.009361
13.007297
27.024953
10.000928
21.050206
19.018170
9.013869
19.013763
14.050092
18.021830
9.017720
23.012437
13.007002
7.010087
14.007009
8.048043
16.006317
9.011903
13.084815
10.013365
9.016561
9.006817
22.004032
24.005430
14.000928
29.012139
30.011345
10.052864
9.003852
11.008975
10.005490
17.024980
22.008255
27.011513
7.004052
10.002406
15.003893
10.005530
19.045254
19.015847
40.019365
28.006657
10.027805
9.006574
9.048101
18.011453
24.018254
8.014688
11.011565
33.013563
30.021208
9.016026
14.048509
11.010847
12.056471
9.031605
18.018394
9.009261
17.027226
17.025607
14.010133
12.004052
11.012517
21.071242
16.005630
15.023700
20.003732
18.016928
16.009887
15.003892
11.009899
15.010645
15.000928
13.004342
11.008449
21.006011
10.027903
12.009029
45.014841
22.010587
18.021538
13.006457
8.053073
10.006757
8.011331
9.021768
14.028649
15.010079
8.023700
9.024256
24.025773
9.021236
14.010199
9.015476
25.008520
8.026418
9.023464
17.014356
7.012105
12.003692
20.036905
23.005482
14.000928
15.014247
20.003732
23.011220
8.003732
9.023482
15.054324
12.003612
11.026172
20.017668
8.023509
9.034952
9.040881
14.019600
19.018873
9.019464
9.044511
9.010765
14.033977
9.006935
16.006762
12.016679
9.028662
13.003692
15.032303
15.005110
13.030098
16.010371
18.004132
9.011605
13.008375
24.008434
9.046842
15.076351
10.004038
12.014173
15.007756
11.019186
31.009545
9.014544
9.056685
14.030979
12.011273
14.035914
7.009661
31.005104
16.003798
13.019712
24.033439
6.003832
16.014198
13.005216
12.010439
9.020532
20.003872
9.006937
13.017868
9.012045
12.002760
27.017600
8.013584
18.003779
9.005770
11.005250
14.000928
11.006290
22.005430
19.004252
9.002820
12.004112
8.032275
16.014215
14.027997
15.012851
9.012919
8.021698
9.010047
14.038638
10.008334
8.008294
10.044019
13.021084
9.014924
9.024176
9.026214
26.100275
23.019086
15.007582
7.012797
14.022000
10.019292
9.037937
18.018532
20.007530
12.005470
11.012705
8.044342
12.000928
10.005230
22.000928
12.008135
10.009461
13.008275
10.016528
13.025064
