9.023137
8.000928
8.012981
11.007282
13.013778
10.017282
10.020178
9.015896
10.008094
10.026503
10.015110
10.004591
8.007087
8.026417
10.002220
8.030242
8.016675
21.002640
8.021010
7.013483
7.020304
13.013803
11.005870
12.020392
21.006536
12.005710
7.011971
14.018234
15.008434
17.011686
10.020810
12.000928
9.004123
19.000928
9.006576
9.017954
9.023360
19.004132
9.006856
9.005524
9.013783
19.011999
10.015073
7.017393
10.000928
9.011911
13.018232
15.010141
18.009094
12.000928
9.000928
9.008925
13.000928
10.014238
11.018199
7.016167
11.043499
9.037366
9.040400
11.019720
12.033411
24.013735
11.014935
11.022790
12.005610
10.007103
8.006596
12.007203
16.006976
9.020680
11.036518
25.051939
12.005330
16.014209
7.011218
11.017573
9.013883
17.016527
13.028721
12.020545
11.014151
8.025344
18.042258
10.002240
10.006796
12.006702
15.015795
11.020071
17.009506
10.000928
11.006416
15.030841
7.013743
21.012077
12.015415
11.017867
19.005850
14.012957
17.009441
11.036676
16.006782
17.005390
10.000928
14.012119
10.018094
8.003892
16.006962
11.012643
9.019706
7.015339
11.011479
7.015935
16.002220
7.014529
9.013331
16.022368
12.006356
12.004278
13.006988
19.019652
23.007037
28.003698
16.006030
8.012391
12.010186
18.007334
8.049123
9.020664
15.006836
13.005910
9.046257
7.008875
10.016516
21.012951
13.004278
9.013717
11.005324
7.022102
7.016195
16.028217
7.023947
21.039143
8.000928
20.024596
11.007042
17.017046
9.022650
9.020256
10.004352
18.028944
25.015975
25.003698
17.022615
11.016091
12.008901
15.003772
15.007096
13.014537
11.015904
22.000928
14.000928
10.010959
8.006676
10.005684
8.012745
13.019260
9.022932
17.014143
18.018134
7.035618
9.005350
9.021572
12.015435
11.011286
7.007182
11.045833
10.015237
13.064586
11.015135
12.006176
11.005424
10.005484
9.026813
9.006876
11.024894
10.025226
13.014861
12.012791
18.015795
16.020906
12.008494
19.013463
13.021388
14.000928
10.018034
10.008254
11.013869
10.016063
14.004072
20.006848
19.009181
8.008709
14.017820
23.032958
16.006776
8.025020
11.000928
14.015130
21.014423
7.009214
11.013111
21.022353
10.018866
11.016969
14.009747
6.088093
8.006596
16.016818
10.017054
20.013557
16.006816
12.020144
9.021391
13.012691
21.013093
13.022628
31.006376
12.007248
14.014592
7.011279
18.006616
12.011945
10.004543
12.000928
10.037734
8.000928
20.005630
14.016262
14.025622
7.009767
32.005350
15.014597
12.016617
8.000928
24.013738
20.012819
7.010913
11.032278
14.005450
9.065572
9.009907
10.008463
12.011058
13.009753
12.017546
13.007002
12.018466
15.009986
12.015327
13.017424
9.022026
10.008109
12.018247
7.022064
11.006748
14.024581
22.025389
17.003972
14.019390
10.002480
25.020686
11.020043
7.021623
11.024047
10.016241
13.013917
7.016667
16.019491
30.008514
9.020400
20.008354
8.018261
20.013803
7.039454
14.013198
9.013763
10.004012
18.015103
8.010693
22.015136
9.007947
12.014523
14.020172
12.006256
8.000928
9.015875
12.012277
7.013055
8.015656
17.005536
8.005330
25.027120
9.030781
15.002220
13.026910
14.016293
12.008354
8.018892
12.038815
14.013987
24.013405
18.013151
8.015956
10.036274
11.000928
13.027087
14.020069
8.014123
33.020297
26.022738
9.013549
9.007581
11.004864
13.006585
13.011165
9.016327
7.010361
8.029745
12.048176
7.019506
11.007862
8.011653
10.020331
14.028136
9.010135
9.024650
11.015035
7.022673
10.014105
13.017169
24.011781
16.010535
9.005004
8.006576
14.010131
23.010193
9.014755
9.006602
8.000928
23.006876
11.014815
7.022855
12.006776
13.022430
7.006622
9.011093
12.003992
13.040266
9.007348
10.004930
11.007242
9.014957
13.010006
9.005764
17.009455
9.025840
14.025516
7.011373
11.032989
9.032281
7.040866
9.030643
9.015075
11.033600
9.025144
7.006922
7.007096
28.006782
17.009060
8.012631
10.020979
14.027625
8.027653
12.008154
11.005210
9.010995
19.006776
17.032347
11.016589
9.025753
38.000928
13.009215
9.041364
13.021690
10.009725
15.000928
14.008914
11.015749
11.017399
7.005775
21.007443
15.000928
11.022236
13.006696
10.009781
12.004222
16.038558
23.005264
11.015155
15.065228
12.021031
8.013755
10.006476
8.009541
8.011978
14.014403
13.003718
14.050931
9.022673
12.003612
11.025443
15.005284
13.002220
9.016867
12.006722
12.008128
6.010646
11.027333
9.015157
9.010739
19.026092
7.025614
11.014803
9.018865
10.007076
14.008754
10.000928
12.019099
70.012891
14.009821
16.012505
9.017042
11.039179
10.003932
8.016401
10.019480
13.020070
6.016867
7.021904
10.006256
10.019106
7.043164
10.006702
11.011985
14.021258
19.019156
9.022133
11.006216
