9.003852
12.047949
10.012145
17.009481
15.005130
13.009281
7.027763
14.003552
18.018080
9.000928
23.034647
12.003898
41.009787
15.002640
28.005570
9.011219
9.010046
27.022386
11.058435
9.019744
10.003692
14.002480
15.000928
8.016682
28.002420
10.004218
19.004038
12.029577
25.005205
13.020956
9.018277
25.002320
10.003798
18.002580
21.007582
9.003898
52.004092
173.023783
11.004418
10.003932
18.017431
9.000928
20.004098
27.002660
19.013803
19.002600
14.002600
19.019248
124.006975
11.003918
13.003578
13.009509
18.017845
9.005010
15.002540
9.019725
14.003872
13.010798
21.011253
18.002540
11.005150
20.006110
10.009933
9.018211
20.003652
17.000928
20.014009
19.009367
15.002640
15.015414
9.003658
8.003792
11.004058
13.004138
14.004598
19.003972
14.010279
18.002300
18.011643
9.103269
12.005810
12.009870
18.044674
9.018412
9.009648
10.004403
14.003592
9.009589
19.010001
8.016001
11.006576
10.016542
33.010699
15.003858
11.012397
14.010387
19.066223
13.008614
35.028297
19.013557
12.000928
18.003718
10.003858
19.003898
18.003732
12.018240
12.003778
12.003672
9.010557
13.014809
20.016642
14.012071
24.003532
24.003952
19.014595
14.006510
19.006597
31.004198
9.024510
22.002700
11.004258
14.005970
16.016352
19.036076
9.056830
90.002360
8.012079
9.015501
9.026384
10.010653
8.047141
10.015916
10.002700
13.015857
18.068976
10.015182
28.070923
15.002280
13.008275
24.006729
29.049958
29.043803
30.010809
11.004438
13.009668
13.002660
13.009807
10.021075
14.010141
15.003718
23.002360
15.000928
14.011013
23.002320
34.003678
14.014487
13.027157
14.022114
15.003592
13.010911
9.010939
15.013025
14.020178
11.004378
17.003672
13.022396
14.008435
23.019466
38.003958
24.005470
9.021614
15.007901
132.005650
15.004378
18.004098
12.017553
10.019935
9.012131
14.002720
16.005110
22.005650
11.000928
12.003532
18.008175
15.010959
13.033735
15.011693
29.002740
19.002540
10.035818
15.005030
22.004498
19.002600
14.004443
46.051809
12.003552
24.005545
13.073008
9.013035
9.030667
10.014960
8.026987
15.011270
11.002840
17.005450
24.004178
14.019318
10.004298
16.007688
47.003958
13.002780
10.003718
19.004218
12.015993
24.031437
19.017367
17.005650
26.047142
14.029789
30.002580
16.003858
33.006290
22.009786
20.002520
28.040831
14.008320
10.002600
11.008634
21.035095
20.012001
13.016977
12.004078
11.032872
17.008148
31.015057
14.031869
10.002520
14.009361
9.007787
10.004278
12.002220
9.048653
13.004318
11.002340
16.004438
47.003978
10.003658
14.005970
17.012419
17.005930
11.011565
9.069348
20.007811
44.004238
24.002460
15.009065
13.002840
9.014245
9.020918
14.007869
34.002340
14.004283
28.010819
10.014373
15.003812
12.003558
9.014695
26.008634
12.012507
12.004338
11.028146
11.000928
25.003718
19.004038
24.004238
22.008459
14.002600
21.004618
19.005450
11.028983
9.017848
15.002440
24.017012
25.005990
17.012651
11.005530
17.010273
15.009687
18.039217
9.026719
15.012139
11.003878
22.014615
19.028337
44.002560
34.000928
15.009041
19.004038
19.004298
17.030797
29.032411
10.004643
19.005990
10.000928
14.005170
13.012897
