158.000928
23.012526
14.008609
10.000928
24.000928
59.000928
53.009901
20.003892
74.012932
17.000928
31.008810
21.000928
34.000928
56.008468
54.009767
45.000928
24.000928
35.000928
19.000928
32.014230
25.000928
23.015482
35.000928
104.000928
39.000928
56.000928
11.007448
13.000928
31.027296
14.000928
48.004702
110.004563
34.000928
32.000928
46.006457
15.000928
43.000928
14.003552
21.000928
27.000928
113.043426
29.008309
20.007477
24.000928
21.000928
27.000928
29.004443
16.000928
97.000928
94.000928
29.000928
59.000928
19.000928
38.005051
20.013761
43.017524
27.000928
16.007563
49.017511
47.000928
17.000928
29.000928
29.000928
94.002726
23.051022
30.000928
60.000928
53.000928
19.000928
23.013499
70.000928
18.006170
35.000928
21.000928
62.000928
25.000928
27.007243
75.000928
14.000928
33.014513
40.000928
52.000928
54.005770
141.000928
56.000928
17.000928
24.009890
39.000928
79.000928
14.000928
28.013759
10.007607
48.010169
60.000928
34.000928
63.010267
65.002360
33.017375
45.000928
29.000928
44.000928
84.004203
41.000928
27.000928
54.000928
133.013619
15.000928
44.000928
44.000928
119.000928
14.000928
120.000928
13.000928
19.000928
36.000928
47.000928
68.008755
24.006396
55.000928
64.000928
44.007217
57.000928
25.007923
28.000928
24.000928
89.000928
16.000928
12.000928
46.006957
22.018228
13.000928
27.000928
107.007408
48.000928
80.005650
40.000928
24.000928
109.000928
74.000928
14.000928
44.000928
14.000928
14.000928
39.000928
86.000928
42.013801
14.000928
13.016477
15.000928
33.007723
60.000928
29.000928
14.000928
9.000928
9.000928
14.000928
9.000928
14.000928
43.027933
29.011945
25.000928
19.000928
19.000928
34.000928
14.000928
44.000928
18.011439
15.000928
34.000928
14.000928
44.000928
24.000928
64.000928
36.000928
17.000928
73.018204
60.000928
22.006195
22.012723
23.000928
42.000928
51.000928
49.000928
74.000928
50.000928
22.013167
29.016377
20.000928
49.000928
69.000928
38.008981
15.000928
19.000928
69.000928
