34.000928
9.027424
14.039514
18.021736
12.008155
21.027005
13.049008
22.015208
12.008549
34.023688
19.024363
19.011041
10.010919
12.062426
20.000928
25.019444
13.021438
15.000928
10.005945
22.018284
103.013994
15.000928
15.000928
22.006562
14.005890
41.023188
26.040026
41.024010
59.010141
18.008128
25.015236
44.006797
24.016187
10.036190
48.018462
13.015521
7.024501
17.000928
17.000928
26.011333
14.008969
14.022098
14.010561
7.019582
25.008561
15.014608
7.011699
21.008129
19.000928
14.015656
7.013584
26.000928
14.018872
14.000928
9.010501
24.010781
59.018180
14.029555
14.000928
29.012179
13.005710
15.018932
14.011851
14.012385
15.022668
19.029765
13.017629
9.012184
9.017088
14.008449
11.008469
27.018728
6.053888
41.000928
44.010681
10.023088
22.006130
20.000928
28.005590
55.012084
10.032199
17.008316
19.007408
15.000928
38.005690
10.032611
15.045203
24.000928
12.005450
15.026787
24.027906
9.000928
14.027292
19.025059
14.024117
8.038765
40.000928
10.023409
9.034325
23.026079
44.014091
14.011133
19.012103
54.008769
20.010941
13.015988
14.007177
10.014636
18.000928
8.007242
20.012919
14.022130
19.012385
9.017007
19.000928
19.010921
24.010821
14.014821
16.006777
9.014673
42.011150
24.014045
14.019626
30.000928
23.021430
41.014043
26.023226
22.006857
37.018464
24.000928
38.012051
15.028360
19.000928
111.000928
22.016641
16.019852
9.031441
12.012815
7.000928
27.017174
23.016069
14.023606
34.017437
9.016104
9.018318
29.000928
11.048148
12.000928
14.018124
15.044905
13.023626
18.052461
11.021716
19.020624
19.017932
38.006617
19.019606
17.016976
30.010463
14.019126
9.018354
9.026207
14.026661
15.000928
9.025659
13.000928
14.027548
8.011447
15.000928
15.023422
18.000928
60.010761
19.044909
25.031741
28.026427
49.006977
28.015848
13.007741
65.019568
9.000928
16.006917
9.015130
27.015680
19.006345
24.012245
19.017400
12.010041
46.011353
13.016548
10.016307
18.000928
6.010739
8.016208
10.041539
27.014145
13.009653
30.000928
24.011973
29.013343
9.017552
9.020304
24.002460
54.012903
9.014005
36.011403
9.007875
52.000928
19.000928
19.018782
19.018582
14.007557
15.014935
23.011113
15.036530
18.000928
