23.003612
8.008721
12.004072
62.004183
19.009605
13.009619
14.008754
11.003653
12.029977
14.007223
16.003672
19.003952
11.003992
20.008008
13.009481
12.004052
16.004032
9.003772
19.003552
24.003972
25.011013
14.015525
23.004885
20.008041
17.007929
36.012398
110.004283
18.005930
29.010320
47.003932
27.000928
13.010127
15.004032
18.011345
19.015143
16.009595
12.029917
16.003772
12.033468
13.003912
13.003732
15.002220
14.004112
15.039751
14.007663
14.007342
14.025206
13.003592
14.013953
9.006797
15.006056
24.009055
14.039117
30.004032
16.003532
11.015462
24.013183
18.003872
8.003612
13.003712
19.004012
17.007082
19.006688
29.009887
12.003872
11.039486
18.010897
23.009681
14.003852
15.003652
17.006497
11.003892
18.004032
22.004542
22.003632
23.004112
36.007943
19.012105
18.007563
24.005125
33.003872
20.010855
14.003572
20.015627
13.003912
34.000928
18.005165
10.010595
20.010421
16.020970
22.032315
16.013945
22.008952
18.003632
38.004072
15.003832
12.003852
13.013923
13.020178
13.003752
30.044635
8.009875
25.012842
9.034561
9.018302
9.023102
10.007909
8.008895
19.007462
19.023298
19.055015
11.023070
13.003792
23.005330
13.000928
19.003712
11.003952
18.037767
14.010493
17.010455
13.003592
14.010215
22.030786
14.004278
17.015133
13.007143
24.008455
11.005915
15.027162
31.000928
16.000928
32.000928
24.000928
16.003712
15.031210
28.011273
11.003992
12.003812
19.004032
23.000928
26.007262
14.008386
19.025539
19.008381
11.006737
14.004072
16.003632
18.004112
20.003852
14.003832
20.010793
12.003672
15.004032
15.009739
12.000928
23.003672
11.003752
15.035223
15.003692
13.007409
16.000928
11.010335
15.009573
14.016163
27.014493
14.006045
13.009070
13.010886
27.005605
17.010535
15.009535
11.016416
15.006019
8.005162
9.014151
13.004112
14.009115
15.021788
12.003952
27.003892
13.014131
11.000928
12.013089
15.010890
12.006630
17.006637
9.007757
11.003532
28.009535
15.003952
9.003892
10.016747
20.003692
12.004052
15.014437
14.028521
16.004033
8.004012
10.012497
25.003812
12.009788
21.000928
15.005790
13.010315
25.011525
19.014232
23.003912
19.003414
14.003772
34.003892
15.022617
24.016535
14.013423
7.003972
17.003672
19.010877
13.022678
13.009595
9.012537
13.021771
20.004032
40.008108
21.005605
17.010912
17.002380
22.003852
9.008109
9.009561
9.015671
9.003912
8.070368
15.030045
18.026960
9.009743
13.005045
10.025865
26.000928
31.003892
24.003652
23.004132
8.003572
17.031369
16.000928
13.005584
8.033879
20.006957
16.011331
16.005750
14.034185
19.008655
9.013983
19.005576
13.003952
20.010579
9.063798
14.007303
13.010155
14.003812
19.003652
11.008588
13.004930
23.004012
11.003532
13.041351
13.011555
12.003832
12.002566
22.009675
15.004092
29.003872
15.006170
15.015050
12.009675
20.007182
14.018199
20.003872
8.033023
19.009293
17.002220
14.008649
11.003958
24.009533
34.020411
19.010047
16.006923
21.006837
7.001862
15.014773
22.003852
8.008415
12.004072
22.003532
29.003732
23.007682
34.005690
28.003952
9.006345
14.009395
11.008555
13.031913
13.003992
30.026829
9.035128
14.013157
29.005790
19.003664
16.000928
29.000928
37.008555
10.031301
23.002220
12.007077
9.004112
10.004092
17.002380
12.008468
9.016857
19.006968
13.008455
20.014709
19.034054
40.003812
25.004112
18.003552
13.057812
24.020494
10.004012
22.002220
13.003552
10.013639
25.014819
18.007835
14.005265
15.006369
11.000928
15.004052
13.009975
13.003652
10.009335
10.003732
12.024220
13.036522
19.017930
16.012193
15.003552
10.003992
19.003852
22.003833
12.026154
16.018282
28.004012
8.011465
19.015340
15.000928
8.034726
19.035759
18.004032
35.008475
10.008108
13.005030
19.006230
18.000928
11.000928
13.026577
19.026799
8.003672
19.003812
14.003832
31.004092
12.003832
19.010535
116.004482
13.034781
13.003812
