42.010013
40.000928
13.014416
14.048225
9.047302
19.036469
12.003912
7.046220
11.000928
8.003952
8.009841
8.061800
7.039991
17.000928
9.000928
13.020876
9.026474
20.005755
13.033111
14.015123
12.009267
12.000928
19.000928
8.024114
13.015745
10.032627
10.004503
13.030243
24.015635
9.069800
14.005330
9.045129
8.017010
27.004623
22.025453
15.000928
13.030765
10.004542
19.012113
17.000928
11.003166
10.019294
12.035513
14.016540
14.016776
14.061633
19.020492
15.012020
9.022649
18.019108
10.015662
20.000928
22.009847
29.018586
34.025766
39.010267
29.028011
29.009487
29.014151
24.006643
24.008253
29.046783
64.021121
