12.045702
9.014207
25.003592
9.015035
15.005325
7.029184
9.013551
5.021554
18.016341
14.033279
8.003552
12.013989
5.033801
11.020176
9.019804
17.037949
7.013871
8.014647
8.005231
16.017625
8.017113
12.006697
11.031811
19.013017
9.022760
9.008540
9.026233
14.035053
9.043907
9.032331
10.010921
9.016263
98.031710
14.012311
9.027670
14.039030
14.013721
9.041856
14.034559
14.016562
19.048353
19.007208
17.000928
12.002220
18.022309
19.058657
17.005524
16.010059
14.039018
9.042915
9.040279
10.010317
25.008309
7.033713
24.008775
21.000928
42.027766
44.006923
49.009573
24.023143
24.029837
14.005070
44.033921
34.012473
34.016201
