18.013340
13.023628
14.028982
24.055711
14.009887
19.018631
19.018259
12.009688
37.003572
23.037338
16.027200
22.019407
16.003952
13.014101
8.031413
19.050044
14.006548
19.029246
25.006856
13.013677
10.004602
10.011141
17.009095
18.014961
16.003952
24.008369
15.032767
14.003612
19.009049
23.003772
13.018532
25.011739
23.016187
14.017547
15.007557
16.015651
12.007077
15.015021
22.024736
17.019492
12.010691
18.013309
49.005470
24.020258
26.018246
12.036333
29.021832
19.014672
12.004132
11.039337
10.015127
34.003772
14.004092
14.003612
9.022887
13.025760
19.009215
21.025664
29.010211
28.004032
10.012445
12.051327
