22.016133
10.006696
13.012703
24.020958
20.007657
18.042460
11.009301
17.021024
19.014303
10.004483
14.010573
18.025780
14.030825
14.040090
24.059264
25.013711
13.009959
19.024449
14.012277
9.060073
11.014275
12.018907
19.018803
30.000928
18.005710
19.017073
16.012771
19.014055
15.011319
18.039285
32.006050
16.011433
12.015432
14.022067
14.021778
12.012876
12.000928
13.028481
25.010853
13.024306
21.007949
12.029348
22.019965
23.016102
14.033293
7.032061
16.012577
17.015523
14.005590
11.027751
18.028265
10.008109
17.058869
55.002786
14.003912
8.045463
16.026912
22.009087
14.049527
25.000928
20.008414
17.021032
21.013197
12.053823
11.017760
