45.049069
21.019026
39.011557
14.008435
22.014138
16.046438
21.017328
19.031024
24.008881
22.029905
10.014367
14.006064
15.023823
14.013617
28.002520
18.021352
15.011791
18.034452
25.009461
16.005244
18.032501
17.025126
15.005484
15.017854
22.020256
14.060793
12.006896
19.009661
46.033008
26.008895
28.011153
19.005464
21.030233
18.008009
27.016100
25.002380
14.006437
14.000928
16.012511
16.028344
30.007947
8.041217
24.009967
24.007895
29.031389
39.038213
12.022098
23.009461
27.013543
18.000928
26.010310
18.014092
16.006497
