17.034827
29.022990
24.021397
11.010973
22.005830
14.048589
14.033339
15.004182
18.027278
14.030509
19.016641
16.006703
29.012105
18.008701
13.032625
30.005450
19.005645
19.006817
13.028050
16.037840
37.016153
20.006837
35.016808
23.005585
21.005585
12.000928
15.005670
14.008669
27.005550
30.011221
12.005525
15.026864
24.064204
23.007357
35.035606
29.028863
24.012879
11.030979
22.017075
20.038115
17.010613
16.007597
13.046164
20.003992
33.031741
19.033598
26.004863
23.003732
13.060870
18.005325
31.006883
16.023503
17.008070
18.064933
14.029091
