24.000928
26.011553
49.017542
29.029291
50.093983
29.007083
49.021118
30.019134
65.027911
27.041285
95.006880
19.012987
21.049374
38.000928
38.000928
38.032260
28.037474
23.044001
31.048350
32.018886
28.000928
27.054175
29.027926
50.007622
23.006443
24.050528
26.046172
22.030247
29.027984
28.007809
25.054372
26.000928
23.019972
24.027427
26.000928
48.021717
48.000928
29.005555
28.028662
34.031941
34.019798
24.025760
19.013869
49.028555
19.134031
30.000928
23.008695
30.010347
39.013005
30.008209
31.016970
35.034419
25.006405
62.019746
35.144207
33.000928
23.022116
26.053315
34.012889
29.020783
59.076515
18.000928
100.034618
29.007703
23.017874
97.003872
17.068473
25.008008
20.005830
24.000928
39.017686
32.010187
59.039813
33.027687
44.021756
36.009098
25.011473
26.028372
30.023945
23.000928
38.011691
36.035698
17.000928
25.027139
45.011007
20.011463
29.016871
48.015117
39.064408
27.007043
41.014301
25.003166
48.038267
69.040640
65.004603
24.005990
49.016876
30.025152
28.011653
28.033444
46.009767
41.014497
15.045355
24.014497
41.004626
32.037135
35.005125
62.022890
36.000928
58.028535
47.032351
27.006837
43.003858
26.041211
27.054527
37.069047
24.002380
96.013402
43.015330
52.012571
42.008014
29.055305
20.000928
20.039458
33.004342
36.015010
23.017108
29.000928
27.018679
21.000928
29.029016
44.027555
74.000928
46.012945
25.037966
71.020694
19.032533
22.040172
25.004582
28.012732
29.047663
43.000928
36.018994
23.023152
23.018194
25.016131
36.000928
24.022808
29.017719
41.026269
41.015149
28.046812
55.009899
25.016888
22.067160
44.046583
38.000928
20.026001
29.021660
35.043821
19.012231
23.019114
24.049759
19.097066
25.018652
36.013538
27.014063
94.000928
59.000928
24.046964
38.022698
51.060286
34.000928
30.005710
37.005324
27.036872
26.009203
30.009932
34.014690
48.000928
25.047721
43.017753
40.003106
36.034194
70.036663
40.002506
63.049489
