32.017133
54.013271
24.021970
23.000928
30.008615
56.014878
34.000928
27.017210
39.019498
25.010381
34.014856
14.008223
28.000928
49.002360
21.014044
26.025349
45.008389
35.003494
28.016102
38.021568
34.017920
35.015620
33.017248
21.000928
26.009581
22.005250
45.014507
37.007303
23.032737
31.014980
28.000928
55.008669
18.003978
28.010273
35.009270
24.000928
25.000928
18.000928
56.003632
24.008249
27.000928
21.005510
98.015958
14.003992
26.005244
50.039767
31.014118
24.013560
32.012051
39.010320
31.005204
22.011745
23.014758
24.026933
26.014973
30.013446
34.017960
33.004052
30.016078
28.000928
48.014759
31.000928
29.012513
43.008509
83.011952
26.003792
22.014663
56.010753
34.002260
34.015293
22.008315
55.002600
18.010807
33.017443
21.011923
85.012265
27.016836
17.000928
14.000928
18.003772
22.003612
55.009461
60.013097
42.010367
14.033373
19.015483
26.015478
25.015138
22.018045
39.004298
21.011431
48.002840
38.009327
35.011853
19.003532
17.019904
