58.008349
69.018596
24.003872
63.005510
29.014217
35.013283
35.049829
38.003872
32.048917
20.005790
70.006716
17.027351
22.017600
19.006597
28.043132
16.009309
14.004032
36.013709
37.042484
31.012079
30.003792
28.057610
24.017088
38.005245
75.015950
29.011067
19.037596
21.073951
44.052849
20.039696
17.033401
43.044060
26.039142
33.003952
20.042844
64.021218
21.013715
26.002300
18.008515
28.032659
18.003852
28.049470
48.007357
35.109743
42.009588
48.055905
20.009686
37.005164
32.010879
49.003752
38.028797
39.014385
26.054654
52.011015
16.025766
26.008849
15.029818
79.002220
16.004092
39.078166
39.012525
44.008269
22.007363
31.008869
23.005950
45.003932
22.035460
30.023086
24.055139
44.016386
22.017883
15.042905
27.008069
17.003872
31.016235
19.013966
35.036646
22.037007
25.006757
