113.003712
23.014847
19.009975
35.010561
19.000928
20.005330
30.006557
36.021444
29.007009
34.025614
21.013877
18.007217
17.007909
32.017474
33.012183
24.011663
14.012783
53.011865
24.030900
24.015879
30.016968
44.009861
25.032813
38.006597
23.004072
19.019612
19.010161
19.000928
19.004092
23.025721
21.012271
22.010205
35.025444
23.021264
30.028656
28.007062
74.017560
49.009767
56.013707
38.020150
40.020098
18.021796
30.000928
31.006803
52.006616
19.005410
24.023468
17.007728
52.019151
32.008629
19.000928
19.010201
43.021195
29.009927
19.008055
30.011883
19.000928
35.006497
30.009941
47.019711
33.006882
29.014605
44.033404
30.010281
19.026238
29.003932
34.009641
14.030785
43.022138
32.020598
31.020944
24.005550
30.013543
23.017247
31.017292
20.007642
19.021856
41.022409
25.013059
104.019826
118.009293
29.022871
21.017147
27.024565
35.020644
23.014789
30.023308
45.028728
27.005050
26.004132
22.012591
25.000928
24.014797
18.016735
26.018431
43.011626
18.033708
30.000928
31.011193
28.013663
33.010801
31.002740
21.020535
49.027372
34.015795
14.021123
20.004483
18.023729
30.018360
60.013017
27.008315
39.005256
39.021599
41.016281
32.015475
36.019392
42.005596
34.015755
29.010767
16.002780
25.018546
56.005170
34.010661
39.014609
20.000928
33.022126
40.004072
23.019231
31.016651
34.020384
17.021428
35.003752
24.002846
28.010487
20.004563
29.014365
24.002240
38.018045
44.025308
24.018159
30.012137
28.008060
40.009412
23.021542
49.008480
21.018099
27.009375
59.008335
39.011979
14.024156
19.023316
24.014109
19.022849
27.021336
21.006882
29.007122
32.020358
29.002280
57.004562
59.009241
48.017788
34.017033
14.020661
17.020244
41.031512
36.009341
62.015681
21.014249
22.006722
45.016734
24.003852
29.012665
28.006723
21.013657
22.016971
19.029129
34.013271
31.015309
28.000928
28.021238
49.018570
34.018188
36.007016
52.009267
45.020836
33.029246
35.008089
38.014571
25.000928
33.011765
37.006416
23.073026
32.010745
24.029800
39.005776
24.012591
19.012017
34.008255
30.000928
28.025512
19.020584
