107.015641
13.002440
25.008648
11.027226
13.015289
20.006956
19.008529
22.036340
10.005178
13.044236
10.011513
19.009035
37.002400
20.079445
9.044932
14.014835
15.012465
20.007537
13.009321
13.016995
14.019192
14.023216
13.021284
14.002660
40.007383
11.033128
12.026899
19.009333
18.021498
20.110789
32.000928
30.000928
20.016625
15.003932
18.016680
14.117495
11.022479
27.003958
18.112140
18.002840
25.072693
10.050290
24.026477
14.007157
38.032189
20.006737
25.009339
13.009813
20.007491
18.006857
18.009547
10.015218
13.014849
14.018676
12.016707
21.022532
17.054533
18.009141
17.014871
15.013844
13.029729
20.003812
14.012639
13.013543
20.008255
19.008049
18.011665
11.007747
18.000928
14.011061
19.006757
22.022698
39.021858
20.014703
19.005270
11.014158
17.042979
23.088045
11.000928
28.010440
24.020006
9.048620
15.010793
12.025213
26.007197
12.000928
20.028734
14.013114
12.022938
16.037161
14.010367
19.008955
11.009733
12.039874
14.014309
12.009429
14.046121
15.003918
30.016795
19.034029
18.021659
13.006423
17.014923
24.003952
13.060391
14.025588
11.011013
12.021342
14.005111
29.037813
10.042192
19.006817
23.039123
11.018946
12.009547
22.009961
12.004487
19.006877
18.015816
20.008589
17.025293
10.051289
33.025973
16.031362
19.005445
28.008007
13.000928
15.047189
9.033900
11.010235
22.016814
15.007237
13.044564
23.000928
15.029012
10.013938
24.008609
9.058430
14.005185
13.034502
14.019750
16.034365
13.022145
26.027565
13.058704
15.023362
12.006897
19.021903
23.043732
20.010587
19.028451
32.021458
22.009457
24.006777
23.004343
38.014203
19.043105
10.018294
15.044357
12.040227
19.008257
10.005781
13.111647
14.068106
23.027255
15.045958
11.083245
14.099311
17.002220
14.029595
14.007302
24.017348
14.022409
15.009801
13.010840
9.064708
10.004262
14.009361
16.010419
16.010395
14.009833
16.057194
29.080378
12.028335
13.025093
36.006617
23.020970
13.000928
20.013159
12.046595
11.035619
16.012005
22.011505
16.038505
19.024821
17.022341
13.000928
21.010825
30.010874
17.031749
9.037600
14.069058
14.028378
24.046095
13.032251
20.076398
14.002220
23.006997
30.002220
13.002380
16.004423
22.025613
15.011671
14.015187
14.023014
14.016353
12.036132
12.006677
22.024631
15.010673
12.043527
19.025445
18.024752
12.028231
10.057818
23.007342
12.027471
22.006717
15.007243
11.000928
10.052676
15.008349
16.018134
13.049929
16.000928
19.002540
26.009321
20.006557
17.072602
9.038608
11.007869
13.044002
12.000928
25.032700
14.019087
13.030558
15.008215
13.009761
20.030947
14.015435
13.002540
16.004138
13.032721
23.025193
13.018766
21.018536
14.005210
24.028506
9.080219
12.074046
16.010095
16.060607
17.023708
42.017362
12.011213
15.008600
12.040087
14.056699
19.006754
11.029177
20.000928
16.064436
10.019746
