8.014558
28.014669
11.005445
14.005165
8.006617
19.008089
5.005245
8.014977
8.027816
5.003732
6.000928
11.013837
5.000928
5.000928
5.000928
6.048420
5.000928
13.012243
5.000928
13.018857
5.000928
5.008069
7.009101
9.020719
25.007027
5.006396
5.003972
8.010793
7.050455
9.009567
9.047937
9.010759
9.015621
5.003632
5.010207
14.000928
10.009481
5.003972
10.025053
5.003952
8.013957
9.018243
9.006548
5.003992
8.010621
9.016993
9.019551
5.003552
5.003872
6.016349
11.013686
5.007869
7.036741
9.009435
9.013257
9.008814
5.003852
5.005024
5.003692
5.003752
5.022019
5.003712
5.006928
7.039059
5.004072
5.006157
5.004072
5.000928
5.018228
9.010213
5.013189
5.006250
7.004990
5.003872
5.004012
14.003612
6.016907
15.018182
5.003992
5.003952
7.011779
5.003952
5.008369
15.008675
6.007248
5.004072
5.007448
5.003972
8.012705
7.026809
5.004032
8.035011
4.052631
5.003992
8.008261
9.011339
5.004092
8.008601
9.011619
5.002810
5.013831
5.004132
5.012131
17.020770
5.004052
10.003952
5.020789
5.004072
14.008161
5.003692
5.003672
5.003992
13.007969
7.007437
5.003632
7.008217
5.003812
5.009221
9.003612
5.003932
6.012191
9.005476
9.008500
4.016574
5.004092
5.006868
7.030801
9.028418
9.012491
5.003932
9.007557
5.003912
5.003712
20.018606
5.019136
5.004052
5.003812
5.003632
6.036735
5.003932
