108.004662
5.025200
8.018666
8.013627
25.000928
8.009527
6.020967
7.008542
6.003872
32.010507
6.003712
9.004623
7.028024
9.008855
9.026095
14.038735
6.003852
8.004093
8.033227
11.032962
14.003912
7.020644
6.031722
18.005405
8.007096
9.015455
6.018759
7.031745
6.004072
17.012497
16.007196
32.017198
6.004108
19.003838
7.005436
9.018160
14.007435
16.009761
7.029900
6.003672
12.015631
9.019252
9.019247
9.008901
14.013666
14.013713
6.005145
8.012705
8.019779
9.013823
6.004032
7.020873
6.027825
18.005605
8.009075
6.009039
7.048600
9.009673
7.000928
67.005285
15.025946
28.005325
8.015921
7.000928
11.033057
11.007889
12.012431
9.019289
6.003772
8.012213
8.054032
14.024499
11.004884
13.005265
18.009668
11.026984
33.014659
10.004072
7.012791
11.022271
9.072434
17.016667
21.010773
14.019887
13.013504
