18.012341
5.003552
5.013543
6.036867
4.030739
4.018280
4.028217
4.027051
4.024474
4.024214
4.009547
4.023941
4.019778
4.021609
4.030545
4.021870
11.013261
5.021044
8.010785
5.021138
4.027078
4.021062
4.020018
5.004985
29.039390
4.006437
4.025568
4.013623
4.020171
21.026674
4.019672
4.009681
4.022896
4.012611
4.009367
4.020749
23.044832
4.023749
4.030011
4.035771
4.038183
4.042637
4.026471
4.033653
4.032959
4.020184
4.030763
4.035332
4.032243
4.028317
4.031735
4.056919
4.024295
9.025603
14.014529
4.024098
4.027278
4.036517
4.022268
4.034911
4.024822
4.032766
4.058054
4.045818
4.020344
4.024080
4.028820
4.027153
4.038291
4.038850
4.050126
4.066445
4.031993
4.023938
4.033977
4.054771
4.046829
4.036379
4.021038
4.024332
4.035383
4.033191
4.035225
4.021116
4.028775
4.044274
4.030621
4.061823
4.034127
4.028721
4.059681
4.027517
4.026399
4.010639
4.047421
4.028423
4.034704
4.027479
4.020922
4.024707
4.051839
4.027301
4.026767
4.033585
4.046610
4.032667
4.018186
4.032625
4.016487
4.022568
4.028123
4.034330
4.016454
4.030729
4.024461
4.028037
4.029351
4.033593
4.042838
4.034696
4.028482
4.038747
4.021056
4.020436
4.035730
4.031687
4.028897
21.002246
7.045322
4.021795
4.029168
4.026857
4.052019
4.033877
4.029329
4.064719
4.035749
4.022215
4.036835
4.038776
4.032141
4.018620
4.032588
4.022219
4.024174
25.002280
9.006557
9.010713
4.019472
5.009741
5.011779
5.009381
5.027585
5.010021
8.021572
5.009601
4.011253
5.009741
5.016002
5.016013
6.011287
8.024046
4.033025
4.022304
4.020118
4.025786
4.030580
4.016627
4.036138
4.025853
4.023624
4.028925
4.031521
4.027341
4.026280
4.038066
4.017460
4.037212
4.031549
4.026954
4.049719
4.032209
4.018204
4.028017
4.027402
4.038936
4.031301
4.031535
4.024651
4.028351
4.025531
14.016780
4.027519
4.028711
4.028305
4.023892
12.023071
