14.000928
15.021046
13.009541
13.005524
18.003904
19.051916
17.004945
12.011910
8.002220
9.008655
9.023262
9.009793
6.000928
14.048644
10.021058
8.009581
22.024178
10.005084
8.033353
9.009693
11.000928
8.037754
14.000928
5.025806
9.043286
10.022698
8.048047
37.017115
11.005104
19.016196
23.017634
53.029174
16.023930
11.005350
41.009800
33.009886
9.011499
9.009839
10.012961
8.023240
10.005684
5.014921
14.054140
15.020466
7.000928
9.002540
9.023331
9.024183
10.000928
8.037578
9.008981
8.021597
15.011763
8.014095
9.019286
9.026688
10.002400
9.004378
18.022482
9.023236
9.010537
20.005084
8.011911
11.014508
22.015849
9.017222
10.010511
5.040821
10.021158
7.004904
5.025355
8.016582
5.035071
23.031505
8.028319
6.002220
7.014749
20.002660
6.018854
42.000928
9.023137
19.007646
9.002966
9.010595
6.015370
7.004218
8.014323
