12.055238
6.003553
6.004573
27.008275
12.045164
35.008295
17.006957
6.017737
6.007742
6.015035
6.002520
6.007969
13.008669
6.040340
6.015870
17.004910
5.033420
6.007949
6.025699
6.008201
6.008981
16.018112
28.012245
10.007377
6.006897
11.025490
10.008175
8.012517
10.008209
9.023814
9.000928
6.008841
6.038626
6.026043
7.016934
6.012025
8.011153
15.003572
13.003892
6.021658
6.049713
10.003692
7.003973
26.012007
6.019606
11.027842
10.008009
6.023914
6.028585
6.010652
12.005510
10.006516
6.009181
6.023882
19.051030
10.018659
6.036639
7.003852
8.021830
6.002660
7.012657
6.015849
6.002600
11.005385
8.019311
6.002640
12.031471
6.002780
6.002260
10.011085
5.016379
9.005168
10.006845
19.000928
7.042637
10.002400
7.012633
15.035765
14.017506
6.015809
18.008375
45.000928
8.004493
6.014368
12.000928
6.007663
7.002340
8.015976
9.006642
14.021182
10.017183
6.003532
7.006835
6.004433
8.006316
12.011945
11.015909
7.012051
10.006817
9.008509
6.008289
7.010457
8.018905
10.023850
6.011373
6.043765
6.017154
8.010351
10.000928
8.011113
