7.071841
10.021616
6.022831
23.016236
6.034528
5.046456
5.033705
15.036270
5.044292
5.027651
16.000928
9.052956
6.044196
6.063526
5.020411
9.009301
7.030569
6.008129
6.026547
12.007096
11.034586
5.032955
8.022176
26.020204
6.010007
17.027557
6.006030
34.061871
7.076779
10.006777
13.015667
5.019451
5.020969
6.037178
27.004112
9.018374
11.005405
7.000928
7.015236
6.006917
12.030338
6.004112
19.036358
5.043306
8.025107
15.003692
6.067342
6.003878
5.024967
7.005864
13.022556
7.012465
26.044272
6.007103
12.034552
6.004018
5.033340
12.011489
5.032198
5.044609
6.046336
6.005385
7.059830
5.026853
9.015650
6.014718
6.049625
5.024915
11.000928
8.027951
25.032822
10.037808
11.005524
9.003732
23.006762
6.003898
11.006597
15.054018
5.037651
6.034392
22.006796
10.004132
7.017846
7.005205
18.000928
7.009747
7.000928
12.000928
14.026605
8.050863
6.000928
12.019678
6.004970
5.021822
8.025911
8.006703
9.000928
14.006916
10.000928
24.033534
5.033588
33.052957
10.011003
12.004784
7.017420
8.010979
6.032354
6.003758
