8.000928
18.008974
14.020598
10.000928
9.024087
9.014135
14.018965
13.018565
10.017269
9.023469
5.041331
12.057555
10.000928
5.025884
7.014576
10.000928
9.019534
5.012166
12.012425
10.000928
8.018106
14.011519
13.005304
15.036938
6.020824
27.041957
10.011991
8.026205
10.014998
9.034225
9.000928
9.021010
9.032447
9.017249
10.003370
13.017049
9.020564
14.000928
9.033313
9.023862
9.017494
9.016107
13.045258
6.011563
8.014508
7.053644
14.046595
9.020590
15.000928
9.025194
9.042111
13.024468
9.028185
14.008633
14.037262
9.049523
14.038135
9.013005
10.000928
13.040020
9.016819
9.015739
9.011687
10.034545
10.011991
8.031117
10.021942
8.000928
9.017621
9.019297
9.041369
9.034375
10.011951
8.038469
13.009179
9.018612
9.047251
10.025046
14.022345
5.017594
7.052624
9.012071
15.000928
10.013677
7.026146
9.018866
9.013563
9.034643
20.000928
9.026780
5.020025
12.032668
9.014375
14.019585
5.006937
5.008614
5.007057
6.028765
6.005290
12.051707
9.034253
6.020818
6.021556
15.042669
9.029054
10.000928
9.038627
