27.006862
14.018619
14.014295
9.026250
9.029556
14.011145
10.009721
8.048229
5.024189
8.027921
4.088344
5.016473
8.031195
4.112408
4.061030
4.058787
5.011033
13.020491
4.083011
5.013185
13.024314
4.100810
5.011199
4.026768
14.004623
8.032117
5.014649
9.013221
8.050836
7.012685
8.009441
8.016720
8.022454
4.084723
4.042726
9.009667
4.096040
4.071406
4.072267
5.012777
14.011759
8.049132
5.027424
5.015751
7.026740
9.018722
4.089475
4.077134
4.108675
9.010367
5.026792
13.008235
4.069155
9.014473
5.027828
9.004283
8.028918
5.027148
9.020833
13.017099
9.018952
4.038312
4.056239
5.011019
4.072682
8.015741
4.109775
4.097021
4.047154
4.086879
4.090222
4.089311
4.095759
4.089531
4.091684
5.012545
9.012837
9.023621
4.030283
4.034138
8.015403
4.049361
4.098005
4.069165
4.099511
4.076147
4.070325
4.099764
4.107964
4.063947
4.107385
4.103938
4.089613
4.100545
4.069581
4.093869
4.082314
4.088953
4.039558
4.046020
10.004542
8.028337
4.091677
9.004891
4.044998
4.080271
4.105851
4.060314
5.010853
8.036421
4.060108
4.080924
5.025480
13.022110
9.010809
4.104430
4.060678
4.087228
4.067219
4.117302
4.048889
4.036131
4.031093
4.037196
4.096326
10.009781
8.042579
5.012691
8.034193
4.084764
9.008961
9.020843
4.078165
9.021656
14.016839
4.090949
4.040729
4.102719
9.037987
4.064944
4.071216
4.064739
5.015907
8.021822
10.013325
13.018991
5.012531
8.022356
4.046389
4.123244
5.012545
9.017688
9.037511
4.049095
8.048007
4.068366
4.094476
5.011373
11.023968
7.052256
