10.012475
31.034807
16.015250
12.021290
20.004293
16.026854
7.003672
8.011451
8.019732
31.003932
19.005565
12.008369
20.060385
6.081984
9.015115
6.057088
13.080788
11.039631
22.000928
27.003792
35.012411
13.003852
13.018580
11.012365
13.003912
9.003532
19.020080
18.020833
19.016235
9.014304
10.003712
13.008555
19.023424
21.039799
9.023768
13.003992
13.011459
12.012025
7.011010
23.114593
9.025394
9.016840
10.011025
19.003753
20.009221
12.015561
10.003652
15.009087
8.011633
19.003652
12.017662
60.017252
11.010361
7.025670
11.022368
7.041375
20.005885
8.057262
7.003992
16.016314
16.014947
14.023230
12.024562
10.002280
13.007973
8.012245
6.003652
8.033357
19.010047
14.020390
7.003972
24.015675
7.004048
15.013493
8.006485
12.003712
10.040161
9.012779
