13.008959
18.016196
8.006902
41.007217
9.005544
11.008175
12.007357
8.014157
8.009054
27.028339
8.006616
8.013589
8.011139
16.002360
8.013823
9.029931
8.010979
13.009347
8.009615
8.008275
8.019212
45.006877
14.072223
34.014927
8.015513
8.009427
26.007397
8.019992
12.005451
21.008621
8.012211
26.009985
8.007782
19.007482
8.013463
11.006856
24.002280
29.009421
9.006977
8.037026
10.006981
29.002280
8.014143
8.012911
31.006917
14.002360
19.011850
10.013043
13.005725
8.021018
9.014205
8.008255
9.008134
15.007922
30.006977
12.004950
9.008627
16.009379
24.002360
8.017133
8.011019
66.000928
8.007749
9.026104
9.003638
35.007317
38.006690
8.008074
7.006597
