6.042901
44.006137
56.000928
9.010913
10.009507
8.007909
9.004333
9.029904
9.021456
18.019661
14.030639
12.014317
7.006977
14.004032
9.014695
9.015541
16.018006
16.042183
24.051649
45.024702
5.037884
7.056918
10.027314
14.022750
5.029657
9.055339
17.046972
21.040586
9.010101
8.008509
64.011539
9.018115
9.018926
14.018474
9.032215
9.023728
9.023342
14.016035
10.029500
8.021128
19.005444
23.030775
10.019728
19.016270
14.017181
9.008569
28.015322
10.006217
24.011253
29.009261
13.029417
24.017660
31.018422
7.060184
21.083158
19.037990
8.018218
20.006717
6.042745
11.018773
13.042783
12.005444
11.045210
16.012105
7.040553
10.012725
9.037324
24.018172
9.025087
9.019512
14.035129
9.003692
