7.023759
6.003753
11.003852
10.009727
9.029497
6.005165
11.005205
6.004093
6.034759
6.023786
7.006637
6.008981
6.010621
16.044483
12.000928
10.035536
16.016214
9.034813
9.064725
10.004052
8.044233
6.006897
10.007117
6.025520
9.047637
9.034537
11.000928
7.017921
6.004053
11.029257
22.060747
7.034910
9.013437
9.042982
9.016588
9.016294
9.017488
11.000928
9.011333
12.025624
10.013165
9.000928
6.005025
7.014850
9.012605
5.048706
9.008209
18.010901
6.007915
6.023962
12.009601
12.005285
8.020110
7.024687
7.003792
5.026565
7.026547
6.003678
8.013549
6.021005
6.040197
10.003713
8.036636
6.005165
7.014255
9.023270
11.007277
7.045089
9.023038
5.015036
8.054179
9.037868
9.042563
9.026919
9.044985
12.037271
6.047026
9.041608
10.000928
9.020246
14.017201
13.025154
9.018244
14.006662
9.041275
9.034764
9.016303
9.038898
6.019463
10.060585
6.019580
7.012326
10.029224
7.010559
7.031441
6.012285
18.011373
6.006609
11.028799
9.054777
35.015061
6.015490
7.000928
6.007955
6.019065
6.003792
7.021217
6.004072
7.032060
14.008655
6.002520
7.056866
15.013925
6.005885
6.014649
9.041025
11.008075
8.003848
