23.003652
9.010367
14.003612
30.003732
27.035150
31.004925
14.005445
33.005405
13.019505
15.013165
16.006957
17.006337
19.007137
13.021014
8.006597
27.003812
54.011185
13.008335
11.005885
18.003532
12.014209
19.018427
20.006005
14.000928
19.006917
30.004965
12.017408
16.006217
20.006397
18.006717
28.000928
14.005725
20.003812
17.021593
11.004012
13.005545
25.002726
12.006317
21.007097
21.006617
22.006697
12.007668
20.005465
18.027956
31.003632
18.006237
68.016424
12.006809
12.006585
8.027798
21.006537
13.006817
15.002260
13.046505
18.005710
12.018151
22.005385
19.003772
