12.024386
34.012031
14.033935
19.010147
29.009953
9.013265
19.017247
14.010027
9.008541
9.028264
5.010507
18.014509
10.009761
8.023254
14.016659
9.051756
10.015421
8.040570
14.008028
15.014080
8.020964
9.050286
15.006889
13.009541
9.065934
9.032859
10.007765
11.003692
11.051515
15.023896
13.019072
9.024082
10.006155
13.042693
9.017426
14.017612
14.008514
9.030994
9.019032
9.052522
14.021351
19.043422
16.007051
9.013371
7.023795
35.004603
8.019632
19.022806
19.005830
9.019923
9.014111
14.011347
5.015500
13.023970
9.020947
14.004018
14.045132
4.044295
29.015768
9.017442
9.015715
14.005210
10.017967
13.040874
14.058638
27.020903
12.007261
8.054605
9.029794
9.015641
14.015455
15.003892
9.006417
8.036886
9.017772
10.003266
8.039168
9.033419
9.040464
9.015935
9.026146
9.024954
5.016582
28.005802
5.007257
13.012303
9.023048
14.009407
