12.006822
9.022164
14.005004
15.014357
34.000928
28.012817
30.004112
14.005851
10.003992
31.000928
29.003652
18.003712
20.003652
41.005604
19.003872
13.032582
9.040170
11.005564
27.010305
15.003692
18.019338
9.043114
14.011563
9.005411
30.003792
9.011645
13.010253
10.004008
7.003592
41.005344
23.027604
10.005246
17.003952
17.009729
13.006876
23.021436
8.003832
36.002306
14.005504
10.006437
12.005736
16.005744
13.003892
33.007234
8.005024
15.036112
15.004132
18.022132
11.003932
20.003572
16.011167
15.003932
13.037829
9.033644
10.003792
10.005544
11.009681
61.004072
15.004132
12.027341
15.002846
18.032596
