21.003992
16.003732
8.026913
31.003972
8.004132
9.004052
23.007396
51.004052
29.003772
9.002220
18.003752
8.010693
12.000928
9.003832
11.007362
13.003712
27.003692
42.005065
12.002320
29.003572
12.003552
13.012453
14.020971
34.005590
9.020520
9.066474
7.004112
13.003612
12.030776
26.003592
9.003932
34.003892
12.027738
9.043751
14.006010
21.003572
34.003612
17.030316
11.003892
12.021216
40.006937
9.008241
14.003852
10.003552
9.003828
9.004052
22.021633
19.005570
34.009947
16.004072
13.003532
13.009441
9.007323
13.009890
10.043569
11.003612
24.003872
8.018780
12.003712
32.003792
7.051086
9.022842
11.003672
11.003752
15.013463
24.016201
