22.014663
16.003832
13.008609
38.019571
15.004806
13.012531
59.026252
34.024627
14.022136
21.014333
11.003612
30.028395
14.022036
15.003692
13.026577
15.004422
24.019541
13.022442
9.026908
11.013783
22.012351
9.042457
9.007398
19.008074
10.004563
18.017637
14.022570
26.000928
7.058382
23.024088
14.022622
9.035816
24.005331
14.017599
20.010120
18.008155
9.027504
20.012101
24.011153
29.004672
13.033410
16.003912
17.020310
19.034536
22.013479
11.025421
19.016276
14.044751
15.002460
10.011659
24.008709
17.036568
14.031184
9.020763
15.011503
20.009667
12.016264
14.029466
19.025546
27.015365
16.036988
24.005450
