17.052590
19.009459
49.011225
9.008175
10.004542
8.014641
28.017367
20.028978
30.003712
38.030366
9.062401
9.006883
19.049285
14.022394
9.045838
24.023214
19.022216
14.012643
15.007242
28.036830
29.045891
14.037865
9.037434
14.021284
29.059417
14.023328
19.042394
28.000928
56.012643
24.014682
13.010213
24.005722
24.028031
24.011111
14.010233
9.052332
10.000928
13.055398
19.073020
14.046596
19.036883
9.028983
14.020936
27.004092
13.028123
13.000928
27.006636
25.034276
9.032568
12.000928
11.002220
9.049553
66.004032
12.017014
35.005083
14.013752
