67.010799
14.008655
14.014503
14.012791
24.045588
9.054863
9.011259
35.007222
24.000928
9.010699
13.007914
9.024580
9.014377
19.009967
14.018179
14.023783
9.043805
9.051346
29.011359
9.009879
9.058725
10.007682
13.029189
15.000928
53.007089
35.003732
14.005590
8.023050
9.030310
14.047545
14.035758
14.011119
9.018492
14.014421
9.028764
10.006737
23.018049
9.014889
10.009651
13.015335
14.012637
9.015381
9.043129
9.005270
15.007915
13.008174
25.006596
28.007874
19.027708
20.004263
11.004262
11.006668
19.016229
9.017156
14.006882
19.053189
9.018958
9.021662
9.050787
19.021247
16.005784
7.047816
20.006736
13.046744
25.008977
18.014837
24.013883
15.005464
18.043797
