13.003130
6.022242
11.023663
9.037251
9.025792
16.004358
7.007103
14.015755
9.015441
14.031195
57.000928
11.032817
11.002560
7.028668
19.019272
5.007182
8.017868
9.013111
21.000928
14.005805
7.029760
5.006717
13.029560
24.011039
5.008680
8.023170
9.017919
6.011001
7.023488
9.002220
10.008688
14.002974
9.013031
11.013963
16.023698
12.006596
15.003972
15.019106
10.004483
7.013415
22.016415
8.003572
16.003838
11.013203
17.020624
12.002220
13.009739
14.018070
10.008220
11.002600
16.012431
9.025523
16.007921
14.015610
17.006271
26.002446
10.000928
18.013045
19.008034
17.025610
9.024116
9.007103
16.008274
17.010133
17.031789
21.006262
13.000928
20.008015
6.002560
19.003972
9.023428
10.017580
19.029329
16.029092
14.050911
22.009627
26.017859
9.031577
19.026626
14.013129
6.003892
10.023460
