17.034887
93.003772
41.003692
8.056938
10.003752
34.000928
19.002480
10.003772
7.048094
14.007183
20.003692
18.023614
117.006843
21.026325
9.038379
14.034560
9.020384
10.003612
14.003612
8.023922
10.002220
5.006797
9.006201
23.003932
13.033207
14.016541
5.000928
8.043812
26.004012
12.007322
22.028440
34.003772
27.003652
8.041473
20.004092
8.025924
39.010293
9.031437
5.000928
33.011757
17.003972
18.003992
14.020386
13.003692
8.069410
9.009719
14.008463
39.030337
9.019558
19.028253
71.020084
13.007995
13.035610
45.002220
