9.004885
12.030189
14.009153
35.003712
13.028045
30.006917
20.006937
48.013843
31.006737
12.006797
18.023980
9.008337
9.031207
46.017527
12.008455
41.023888
13.003992
23.007877
49.025224
9.006863
15.000928
13.026460
10.000928
18.036801
14.046021
24.021702
15.006717
18.005156
20.034565
13.032209
61.018034
19.006657
12.030164
40.003672
19.004102
44.005505
25.015170
7.034655
39.002220
24.050407
24.002220
9.034841
25.003832
10.006397
9.007861
19.032235
37.008894
11.007283
22.028307
35.003892
26.020040
