42.017638
29.029744
29.021950
14.015842
19.025978
14.026980
24.021556
21.008209
24.006717
14.005644
16.003592
26.009811
33.027312
32.012171
16.012783
9.071088
11.003852
17.046035
9.051779
20.015241
18.031831
14.032031
9.015556
10.006737
18.022798
14.033963
9.035782
14.016322
14.027854
20.007037
14.005425
13.045577
14.005874
9.009807
19.027751
24.011293
29.009947
34.037881
14.011225
9.047167
14.022149
9.030389
9.023282
14.008621
24.014229
9.026988
19.021158
45.000928
23.018207
19.040693
19.019115
25.006844
24.012277
8.014403
14.050551
14.021496
14.015375
15.008261
8.034739
14.022468
19.031741
14.011499
9.065270
