108.004382
8.014123
9.036464
21.019560
15.000928
21.024831
13.004192
20.060164
14.007921
20.003952
13.024876
16.013091
12.019492
9.036716
9.014635
19.015541
14.023152
9.057435
19.015441
24.039879
9.024773
11.000928
27.037578
15.000928
8.039744
9.070101
14.028925
14.020964
23.000928
23.010899
11.043311
9.049253
14.033094
20.006437
14.004263
27.003672
25.024253
14.026691
9.035292
19.016515
14.039462
19.006615
10.021252
11.000928
8.021154
8.003592
9.045310
13.038483
9.030089
14.017229
10.014907
9.004092
17.003878
11.007068
13.044752
10.005465
13.034403
10.039141
13.039830
24.004912
18.017820
15.027090
12.000928
26.007243
19.014843
9.035971
9.038468
9.022558
14.022318
19.039791
