64.000928
12.032947
19.006963
16.000928
131.000928
10.010381
17.000928
11.028928
24.013217
19.006696
19.010533
10.004132
8.054497
19.012245
19.015967
25.000928
13.027846
15.000928
11.000928
8.000928
16.000928
10.015682
10.000928
13.005916
14.008175
9.014843
34.008648
14.009467
11.000928
9.003050
12.003798
9.005210
9.018047
19.005750
35.000928
18.019979
14.008127
9.023455
59.008621
24.006036
19.015527
14.005610
8.000928
20.015966
11.000928
17.008815
16.000928
14.007297
28.000928
20.000928
14.000928
19.000928
12.016614
21.000928
17.023160
15.000928
7.000928
11.006590
8.043387
