8.018591
19.002700
18.007302
9.018299
9.022656
24.011777
14.016207
9.036931
12.007970
16.008987
9.011833
5.012485
14.000928
13.007002
10.000928
19.002400
14.002540
40.002440
7.056169
14.051434
10.002640
13.036777
15.007909
19.002480
14.000928
9.011301
14.007041
10.002560
17.007023
15.000928
13.032456
14.025158
14.026360
15.007757
13.025913
21.002500
7.056837
10.002220
13.019611
9.012865
9.034113
19.017765
14.016207
5.007207
34.002220
14.004543
29.002240
24.012310
8.025812
10.012414
8.041334
10.003553
8.041591
19.018145
9.026776
9.050081
9.056983
14.023084
50.002420
18.017276
10.002820
18.002560
33.011794
9.033532
9.022814
10.002800
9.002640
13.023351
9.057668
14.031416
9.031749
19.044045
4.059408
