10.000928
23.004970
12.015135
14.014353
31.005210
33.012350
15.006722
50.006768
31.037995
30.003712
15.004633
19.006617
12.005490
12.000928
16.045829
12.006297
7.000928
13.016909
9.015629
15.051518
14.004132
33.009859
9.007195
11.003612
12.030971
14.025940
20.002840
10.006683
10.000928
8.003852
17.035791
9.008601
14.016095
9.020298
11.012230
18.002800
20.007612
8.012665
63.016012
7.000928
11.032819
40.009230
21.005270
21.008601
9.044107
17.000928
11.014563
8.000928
22.000928
12.030551
19.010333
18.000928
16.004272
35.005724
37.010461
14.054797
10.000928
10.000928
14.002540
7.021804
19.043353
11.002500
22.010545
6.004313
12.010533
