97.018207
14.014327
14.022044
14.021590
19.009753
19.049708
14.017694
9.043385
19.018311
30.012974
28.017779
19.016375
14.030029
39.008335
14.057547
15.004603
23.016833
14.018248
29.011485
9.041429
14.037692
9.007069
44.028514
29.007083
14.009607
29.019631
14.030240
19.023964
14.015315
24.009845
34.028284
14.017075
10.011890
43.015103
49.016893
19.041503
19.009021
19.006963
29.033997
29.018346
14.021262
11.008131
27.011319
19.010527
14.010945
39.036106
19.014708
19.018242
14.057197
9.050969
10.000928
