8.063412
8.050290
10.010121
8.146724
84.015915
11.008429
17.012823
8.009487
11.016301
8.034802
13.008709
22.020806
8.017039
8.027431
21.002740
17.015207
8.025492
23.004672
10.025979
17.012405
11.036877
7.027871
8.009561
13.010425
10.006536
13.036776
19.021755
14.020548
13.065925
12.040641
23.004771
8.086839
14.024926
9.048576
20.008269
11.003572
9.045985
15.008349
11.026455
8.033872
11.005485
9.018882
9.014698
11.002420
14.009501
12.005165
28.005864
24.008609
7.014795
14.020714
14.039505
12.006757
8.015449
19.023222
14.007709
10.073109
21.000928
20.014160
14.010365
14.008801
8.019206
16.007497
24.006676
14.006877
10.024196
8.054258
8.027251
8.037436
10.052505
8.011359
19.069451
17.007869
20.008289
9.057005
9.054954
8.128579
15.004592
21.018535
19.020324
29.009773
25.004052
8.043706
20.009767
8.039050
14.021475
8.012891
11.013606
14.027717
9.023702
8.030847
8.015042
8.009921
9.021816
16.003638
8.017726
12.014961
11.016256
9.022832
11.007589
12.060941
9.039348
10.023260
12.009489
19.015390
11.005184
19.005044
10.007101
8.018888
8.022184
20.006817
14.007077
8.046610
8.017974
32.008469
13.009109
9.030625
10.031347
19.037900
38.005641
9.032496
18.026686
11.040660
8.022814
8.051684
14.029237
13.020970
17.005805
14.005725
13.006137
14.003752
23.030031
8.007815
27.015421
8.013863
9.017552
8.052568
17.002890
8.023050
14.008569
8.011173
8.039998
29.012283
16.003612
10.010081
23.006849
8.026671
15.016981
8.006897
8.027677
8.010733
12.005205
8.033807
9.028397
8.016820
11.008329
8.012093
8.022034
8.038714
13.000928
11.021942
8.015516
16.009553
8.035452
8.014807
17.005405
18.014574
8.075466
15.010541
8.034017
10.012726
13.042531
8.013051
40.018451
10.008509
8.021116
8.020978
35.018312
11.006717
12.047035
8.031043
26.005304
8.049197
8.015808
27.018460
8.017801
17.043625
22.003812
12.014943
15.011830
8.041274
9.048719
9.020550
11.005330
9.040866
9.054879
13.011259
14.009413
9.020599
29.007591
14.008249
10.011499
8.009221
8.024266
10.008769
8.074845
8.016202
32.008389
8.016781
9.004905
8.074554
11.002480
12.036511
14.019898
11.002420
16.000928
14.035372
11.018680
7.034468
12.006777
10.009301
10.042324
36.013545
10.015763
13.012851
20.008709
10.050211
12.021230
11.000928
17.013544
14.018632
10.035410
32.011305
14.015822
14.031641
11.004827
10.013317
8.000928
8.026165
8.046275
15.003652
7.013989
22.038590
8.004204
8.050838
13.025268
7.043293
8.014318
15.032141
9.037504
22.027048
21.003572
12.025756
8.013911
8.026527
10.026684
18.015029
17.007689
12.005585
20.021471
19.022267
8.012070
27.005605
9.017934
8.032365
10.015269
9.023370
8.014921
12.044751
16.008189
15.005625
8.020422
8.048658
10.007749
10.013445
8.024004
28.014064
12.000928
12.005424
19.005165
14.004953
14.005285
8.037110
8.044453
61.026688
8.015248
11.005385
8.016956
14.028029
23.014663
11.005125
13.009434
12.005285
17.010401
12.014443
8.013824
25.017142
8.025072
16.007357
10.036429
8.023602
8.022671
13.010913
8.009381
22.004904
8.046567
8.012445
11.013067
14.000928
28.014121
8.025284
10.016076
10.005564
16.005665
13.010787
9.005490
8.010705
38.032783
19.005622
8.026277
22.043645
8.012325
9.029577
14.007247
23.010647
10.013536
19.005104
10.021332
9.004132
14.013225
9.000928
8.030739
10.008049
28.003912
10.003572
8.015335
10.035064
9.034054
8.042937
8.017162
8.030117
15.034259
8.012971
20.040649
11.006597
14.073975
14.003592
19.035098
13.050841
9.023413
13.059274
13.051071
11.011411
13.015711
11.007909
12.027763
15.008149
19.005664
8.022364
8.020782
12.030737
9.044555
9.012677
8.016462
10.015809
12.016304
13.048039
22.024875
15.010267
16.015028
8.016088
19.010257
9.090706
20.011419
15.004662
9.033688
10.025953
8.022456
27.038382
9.013217
20.028925
8.030203
22.000928
8.023449
8.035772
15.015287
8.017492
8.020204
7.029223
17.014271
13.011793
10.024720
11.005825
8.013769
10.050177
8.018781
8.035048
9.051926
8.014555
21.008076
10.012385
8.021857
12.005405
10.019930
8.027785
14.017009
18.009607
12.005384
9.011513
8.032227
11.012894
8.027724
8.029305
8.009593
17.012065
9.004012
8.023922
13.021911
8.008729
11.015669
10.012126
8.012525
8.038326
8.012586
18.015642
18.019386
8.026238
10.013545
14.027031
9.015209
9.008269
24.004273
11.004273
31.000928
19.005844
15.004153
14.005705
28.005364
10.010021
14.005704
8.014870
9.025434
11.000928
10.029143
25.018308
24.036676
24.030360
8.019692
10.062412
18.005065
8.009301
12.003210
