13.006115
11.005571
11.028039
12.000928
11.039133
12.016721
6.066828
15.003593
11.000928
12.003086
12.025642
53.000928
64.015962
16.031854
21.031141
8.013849
35.011113
14.032653
14.081684
14.006465
19.015148
11.026679
17.000928
12.000928
16.014623
18.009627
8.014981
8.025401
31.000928
7.043871
16.012785
24.012491
15.000928
33.022298
35.000928
18.020098
14.031581
24.028557
15.000928
8.009607
7.020963
12.009903
11.004990
18.015255
13.000928
11.044251
17.000928
16.017304
9.018167
22.000928
6.024840
36.011897
10.000928
9.005411
68.000928
14.020444
29.005751
9.053218
24.059953
7.022282
47.000928
38.027399
12.006523
21.014999
12.025444
27.008595
11.018286
12.005291
14.000928
11.025427
11.012311
7.019390
11.015288
28.015377
13.017053
27.021476
6.079826
22.000928
18.014001
10.015585
8.042694
9.023488
14.012219
10.000928
7.010593
23.025079
22.000928
38.011971
10.000928
9.000928
26.016489
39.021656
16.036643
10.000928
17.000928
11.007003
7.039234
8.008355
12.000928
19.000928
13.006762
10.014003
8.025932
18.013011
8.021636
16.013823
10.011993
11.015115
16.006169
33.005385
11.000928
12.005581
7.013743
16.007097
11.000928
10.016528
12.000928
8.011579
8.012077
20.016976
16.011559
14.000928
9.000928
15.000928
30.021170
11.003958
7.030172
37.000928
17.009733
7.016647
11.048530
11.011639
19.000928
11.037863
16.005755
10.000928
22.011869
11.014349
20.000928
11.002700
11.017347
8.000928
7.034404
29.021604
9.019942
22.000928
11.008055
31.041456
15.011903
6.020544
12.000928
33.013955
30.000928
14.011599
11.024179
12.000928
21.044129
31.012691
7.031561
16.000928
7.032302
17.000928
18.010699
20.000928
9.010067
18.036469
7.028907
12.022906
11.027473
12.000928
11.049111
41.006463
11.005451
36.012991
7.011119
17.025792
7.021976
14.032141
15.000928
7.014144
15.032241
9.030608
12.000928
8.012491
15.007735
19.000928
11.032368
27.009123
19.000928
22.010462
8.016463
22.000928
11.046976
27.000928
21.034763
11.012431
10.000928
11.019424
14.021876
22.000928
46.040767
26.012065
13.011663
8.026076
11.020046
9.016041
19.005205
12.008095
21.005625
20.014123
11.027445
17.000928
13.015315
7.012971
140.004663
7.019626
30.010439
12.000928
9.000928
19.000928
13.025434
12.032298
7.014704
9.004443
22.006677
16.000928
11.032660
13.008595
18.000928
11.028566
10.004053
7.016147
7.004543
12.015496
12.000928
37.006079
26.028339
11.024719
11.014430
20.008575
6.012071
21.062687
20.000928
19.000928
14.011359
11.046332
21.000928
18.004312
11.011699
18.009967
9.000928
19.018888
21.000928
16.004623
11.010021
11.036263
12.000928
23.013363
10.013071
29.014697
11.036741
37.000928
11.025266
32.000928
