7.003738
12.021645
14.000928
8.027999
19.013778
13.012986
15.015210
33.029851
8.017383
7.018194
17.008849
6.040054
17.003632
6.020464
23.016056
8.012385
9.020476
11.008582
17.002886
8.009129
13.027785
20.011139
9.026006
15.012325
13.013051
9.043007
19.058711
8.023435
16.011971
9.012751
8.023210
25.008675
6.031762
13.043266
18.017133
11.008189
23.000928
15.026253
8.027884
12.013523
9.048813
9.030667
14.017998
7.043290
22.027865
13.027269
7.019784
10.009541
26.011813
13.027357
19.010219
12.033147
7.020688
8.018405
12.023059
14.020292
16.045749
9.024075
7.014729
10.000928
21.008315
9.004583
6.028449
10.017321
16.010933
8.026708
10.020086
9.009947
9.008029
8.035625
9.016768
7.029391
12.018322
6.024336
12.015041
7.015651
11.036614
8.055383
10.009901
10.023808
11.082026
11.006837
11.019432
11.012458
8.020744
36.010571
11.025805
26.024821
7.020684
16.025193
7.021804
8.017087
12.031616
10.007949
6.016788
16.036139
7.044731
8.000928
14.012405
22.024539
8.017482
7.043521
10.009509
15.000928
7.076851
10.024057
34.012443
26.024668
6.018906
12.022450
13.046837
8.009541
25.017368
9.045143
10.012079
11.019692
21.024472
9.049239
9.024694
16.005345
10.016481
13.022296
11.011433
20.021747
14.036443
25.010301
13.008115
6.061179
15.012645
9.017514
8.008969
10.033987
9.014511
11.015241
12.027154
13.002586
10.013463
12.008169
13.033411
13.015420
13.030704
15.003274
10.003818
7.014521
16.044148
9.037928
7.027167
22.028558
13.046356
12.011154
7.009097
8.037721
9.017350
11.025401
19.009041
14.044894
12.014383
7.023003
10.010147
7.067546
10.012671
8.010041
8.012405
13.014049
11.028664
10.013026
7.020284
9.011175
8.036845
13.045020
22.012565
14.025974
20.020007
14.003532
10.000928
7.009993
25.009581
11.012771
21.003912
12.005776
13.017682
14.000928
6.027419
8.005190
12.014344
12.019234
11.000928
9.011053
17.011073
14.006397
9.015372
14.042501
7.000928
9.020433
12.039829
13.014765
6.028393
11.014629
14.038802
11.016320
10.005185
7.025061
6.021611
8.010521
9.021003
10.011373
11.045909
14.047315
12.026973
18.011773
10.018126
14.000928
18.015750
10.013922
21.003532
16.024923
15.008335
13.018071
11.032200
24.000928
12.021308
9.053846
11.062377
14.000928
21.029083
11.015404
8.011965
12.032599
13.037584
25.042992
7.012857
15.020824
31.013006
11.018974
7.026024
11.020028
8.065564
11.014217
31.011133
8.022888
11.031675
14.054687
15.006417
8.013550
10.009841
30.014438
25.006563
11.018534
7.015835
11.016724
9.022138
10.011405
11.015813
12.029451
21.033239
7.014449
11.017926
7.029475
16.038939
14.047477
10.012107
11.013660
11.019612
9.041632
14.043639
9.053000
7.029397
17.011859
18.016741
12.027578
26.032990
7.000928
8.018106
16.014658
6.008289
6.019994
15.019294
26.017122
20.008089
10.020429
9.022431
17.011261
10.000928
10.020392
9.017940
14.013783
20.031669
15.016066
7.019014
34.000928
13.027751
8.014157
8.006862
6.022837
12.011179
6.030834
8.020444
9.039316
10.010833
8.022523
10.047099
12.006797
8.042431
16.023605
10.033680
8.007077
13.011199
11.016505
12.016979
6.025839
11.013389
12.016930
18.028628
11.000928
16.026507
12.000928
8.018200
10.000928
9.021413
8.010913
10.018014
14.012046
9.016342
20.055746
10.013086
13.009907
16.038718
9.014372
9.030284
8.016362
12.030518
9.047779
14.035879
8.014669
11.034945
15.011393
12.031831
7.024581
8.059093
11.026389
6.019686
15.006897
9.036660
10.028819
11.014325
8.012685
13.032932
11.018266
9.065403
8.011965
17.017125
19.034100
12.043642
16.032885
15.021219
8.019606
10.031911
12.011433
10.021414
15.000928
10.003812
26.007122
8.057060
9.033681
9.026631
13.016155
8.011865
14.017127
15.004112
30.024482
14.007329
8.010679
12.019412
18.012411
8.059610
20.013031
9.003792
11.041083
11.059421
7.037584
33.003813
12.026021
7.024449
9.019934
8.023360
11.018454
6.027450
8.038083
9.036572
7.027064
11.037170
9.017793
14.033194
8.012385
7.076045
11.030862
23.024973
9.011773
11.012070
11.070235
7.060251
25.004182
8.024702
12.011313
7.014208
6.010773
6.051886
20.011139
8.024518
7.031155
9.034673
8.039202
14.008649
19.008439
18.009501
10.027276
10.024511
7.022208
8.032001
14.047524
9.071661
7.035440
11.009913
14.005911
16.010725
10.030015
16.004466
13.019452
23.000928
14.014397
10.014417
35.028423
9.024068
7.025199
11.003838
13.021991
16.020918
13.052658
7.008389
11.016177
13.009561
13.023486
14.003952
19.003572
8.018425
18.017040
10.000928
10.020226
10.009201
31.010027
8.059938
11.042990
8.019048
14.000928
12.029054
11.016118
14.016388
11.015350
9.009921
30.034927
9.021348
