8.007142
14.006843
10.011733
29.002760
18.009921
14.009034
18.011240
7.005990
7.048663
18.009647
10.005044
23.023298
11.036996
26.051250
11.006482
10.026214
8.003532
10.005245
12.007875
7.005730
11.019275
20.000928
10.011253
15.018214
7.013287
8.025056
14.011391
8.021607
20.014745
9.017873
11.005765
12.012991
7.006170
7.005410
9.014769
19.010105
12.041467
30.018886
8.011499
11.006005
8.047070
12.004845
12.009701
19.005185
9.015870
9.021000
8.053281
19.007302
10.000928
8.021106
9.030967
10.000928
6.019572
14.003692
11.014401
9.022454
15.009350
14.017518
6.013724
10.004038
5.040137
9.015841
11.006457
10.000928
11.012109
9.040731
10.004463
7.008134
9.040195
12.007077
18.005224
13.011511
7.018279
12.003652
15.013863
12.018518
10.012613
10.000928
10.005345
7.000928
7.045942
23.048041
7.005365
10.011133
9.005565
13.007123
10.013295
9.005604
11.013845
25.009867
23.049787
5.049277
10.000928
15.011293
17.016907
9.022584
9.036250
7.004198
21.006577
14.028647
30.000928
24.000928
5.020072
10.002820
8.000928
17.044938
7.000928
11.031978
21.006388
18.000928
9.026069
14.012805
11.005244
10.037962
12.000928
8.008719
11.065199
9.000928
8.002700
12.029372
7.003978
12.005684
43.016196
13.032436
16.003912
9.005545
7.011225
6.038072
13.027406
9.026914
7.004018
8.004398
13.023928
6.014603
9.011990
11.037937
11.005365
11.037785
8.005770
9.004944
8.014305
10.005565
7.006190
8.008860
11.005245
8.010553
13.015169
7.005950
26.028565
11.007809
8.005624
8.033939
10.002266
21.007176
7.017799
10.014697
8.022651
8.052828
10.000928
13.027370
14.006842
16.008895
8.005305
11.009367
7.023802
6.011225
12.000928
15.034203
12.007363
7.004238
11.005390
7.005325
6.024035
7.005325
7.008009
19.012169
7.014877
12.005525
14.003572
9.005345
14.053675
9.005445
8.000928
8.018860
14.023626
16.008794
10.009789
17.008349
14.000928
10.011933
9.003752
17.014423
14.047199
7.032240
7.005404
8.014451
14.025134
14.015721
25.007517
35.007382
13.005325
8.010759
12.005145
7.006797
19.005625
8.006508
7.005490
7.020016
18.020734
7.005605
16.022246
14.006963
10.000928
10.006165
9.005411
10.043311
15.023672
11.005205
18.012831
9.013303
8.051464
20.018804
7.008654
7.000928
11.009407
7.005505
28.014469
9.026390
9.060818
7.005424
9.005025
11.016822
9.024916
6.016394
12.018593
9.057286
7.000928
6.067837
10.007662
13.011829
7.003838
11.009105
14.006862
11.010245
12.007182
7.008574
6.041737
9.023554
7.004218
11.020861
9.013575
10.000928
6.016207
7.003832
8.021563
9.011863
19.014337
15.010807
6.021052
11.037805
10.005264
11.010001
11.010139
9.017001
20.005365
8.045199
30.005064
26.007096
11.042201
10.005325
11.009807
21.008061
15.002220
10.011673
18.010391
18.006010
25.005244
10.005745
19.009261
10.000928
11.049559
7.003998
21.002220
7.039702
12.003592
6.016053
6.042497
14.058818
7.013643
7.006516
9.005047
106.015301
11.007135
11.021492
12.015561
12.010833
7.032945
10.008249
8.000928
8.014957
10.037600
15.012203
12.008767
19.015196
9.009961
10.000928
9.006383
10.003898
18.009301
9.019920
13.026662
9.019650
9.024274
15.000928
14.009967
10.009601
10.000928
12.000928
7.035439
11.000928
6.013617
22.009081
10.011073
8.005765
8.011731
7.006902
22.005405
18.019400
7.043573
11.035998
14.009521
10.000928
8.010681
16.000928
8.006597
13.027665
15.005385
12.053016
6.012985
8.053937
6.019630
9.005685
24.015436
13.019014
11.002800
8.005145
8.007807
9.000928
10.011779
12.054921
11.000928
14.008949
20.059810
10.041167
10.042845
11.004865
8.004985
9.007016
19.000928
14.010131
8.005576
14.012752
10.008069
6.015242
11.051523
7.008109
12.000928
13.023981
6.019406
14.019338
28.005505
10.008269
18.005664
6.019131
10.002740
11.005024
9.002560
10.040064
13.005364
8.052948
9.011985
15.006917
13.010635
11.004112
18.002580
15.011319
13.005404
19.022042
6.035699
8.003872
12.012751
7.004258
12.006917
18.014825
11.019758
13.004523
13.012491
9.015822
7.004053
7.015063
12.052070
15.008895
7.008634
11.014825
7.008329
7.019343
9.019826
8.023503
7.009134
11.005470
9.015168
10.000928
11.016522
6.029202
9.020177
7.008634
