8.003560
11.086099
7.036683
44.000928
19.000928
14.004132
21.005470
11.208027
14.012235
30.036737
13.049213
30.000928
28.060214
10.054688
8.064430
14.023954
14.022810
10.012013
13.005771
9.006868
9.005830
10.003910
13.011765
6.028623
14.011433
7.043896
7.007347
22.006677
15.006517
7.051782
10.015489
23.005791
10.003652
8.071581
15.019431
61.005565
26.023342
14.019412
9.021719
14.004910
19.039267
15.020830
10.048651
19.012333
12.022944
9.045848
12.008255
6.019343
9.052823
9.025277
11.021438
8.003912
10.006757
8.006757
20.005939
8.000928
13.049284
9.013727
9.036697
10.004112
13.085173
9.046862
9.047351
10.000928
6.034981
8.000928
8.003772
18.072455
14.014011
9.044824
15.009161
13.037294
7.031401
16.010367
10.000928
13.012045
7.024974
17.003672
8.025515
9.019478
9.041246
14.008827
9.014884
10.030641
13.081687
10.000928
11.007297
9.007163
7.008829
7.045161
10.011619
9.021242
9.007889
9.016960
10.020000
15.030555
18.000928
15.013683
137.028165
15.018668
44.011393
12.015895
9.062625
11.004072
13.000928
10.027419
24.011693
23.009881
8.018464
8.009641
15.012231
11.008255
9.011693
12.005970
56.011513
13.005910
18.007063
19.029321
6.037710
13.003852
10.006657
13.011366
7.019298
7.011933
12.013579
14.016468
14.018452
9.005991
9.021990
7.025174
7.007767
10.120470
34.011213
7.048485
6.020370
14.012213
7.042486
10.038373
28.011859
19.045824
6.057718
12.058022
14.057790
12.016368
9.000928
12.002500
8.061472
14.010493
14.056203
7.020658
12.010111
19.006883
17.020742
21.042066
23.022468
10.011197
14.003712
7.003612
20.017628
9.019744
14.052106
10.007407
13.033670
14.020882
9.013445
9.022100
10.000928
8.025128
7.028036
15.007949
17.011653
8.000928
13.010327
11.012572
8.002320
20.012051
9.000928
17.055367
14.012067
9.013637
9.013057
11.021074
7.047072
7.028112
17.000928
8.042152
14.010673
9.012991
19.012797
9.013477
10.000928
38.013489
16.033965
8.007153
13.015617
15.019060
9.003752
23.038128
7.028035
7.000928
10.090755
12.006863
9.039068
6.038830
7.044239
7.028491
7.024740
16.017818
21.055154
9.011545
10.030479
18.016565
14.035339
24.002220
11.003552
12.033467
14.018321
9.060006
16.031601
8.000928
17.036542
11.005855
18.033553
14.021376
10.003732
13.026295
9.033278
10.000928
10.003672
13.004527
15.003892
24.012113
12.024786
10.002680
13.016156
9.021796
10.003692
7.021233
11.003752
7.016242
17.008769
8.000928
15.092574
12.027864
9.016417
10.004478
18.016707
16.023008
7.046168
9.016715
8.011393
10.038341
9.005117
12.003692
16.008375
36.011313
8.002240
9.005405
8.011025
9.052458
10.034171
13.030834
9.029695
14.014127
9.016891
17.027804
9.002220
17.010879
21.015176
23.005565
8.006577
9.005565
7.029388
28.005345
8.000928
12.015593
9.014063
7.002990
7.003872
39.011957
12.032900
16.004108
10.003752
8.006216
18.021618
18.031575
10.017768
9.008735
17.008035
15.011153
11.016422
10.018154
12.034785
7.000928
11.012965
9.013742
7.024848
8.000928
12.030841
9.042248
19.077762
10.004303
7.003772
9.008649
11.004442
18.031563
11.003598
8.003952
13.047403
10.000928
16.010665
5.021008
11.000928
6.030961
6.019054
10.007527
7.016820
12.020438
13.000928
11.039912
7.016829
13.018292
9.012625
14.057006
9.009040
11.021168
13.005045
13.047159
7.003992
6.024887
