9.009380
97.016654
9.017475
9.016547
9.040105
5.016095
8.025117
9.009009
9.022259
9.037677
9.009659
9.012323
5.006657
8.040911
9.009173
9.013855
9.046814
9.017899
9.011599
9.017419
14.013245
9.023202
9.012877
9.043829
14.006723
9.017181
9.027164
9.017832
21.003848
7.040498
9.022338
9.019678
12.018841
7.013843
13.055546
9.030555
9.022442
9.009799
9.018410
15.016462
9.003812
14.004522
13.010219
14.011419
14.018234
9.032591
19.017114
9.035310
15.004527
8.049580
14.011239
14.014829
9.012691
9.012843
9.012131
9.047133
17.006236
16.017807
14.025489
9.027309
14.030957
24.005490
15.003972
23.016736
15.003632
9.017829
13.011131
19.011467
10.002500
8.055616
9.022004
10.010253
24.000928
18.006869
20.004387
14.008681
15.011545
32.005810
34.019622
19.034548
30.009457
