133.013463
13.010327
12.020918
5.008015
10.042183
5.009841
9.013065
39.003812
19.005794
7.006337
10.075305
10.000928
9.000928
13.010245
9.048790
9.021088
9.010193
10.003632
5.027024
8.034030
9.007949
9.015160
8.040631
9.028508
9.033678
6.005565
7.071733
20.021687
12.000928
10.051723
10.026508
8.049950
5.022017
14.006190
9.005025
13.051547
14.041671
9.014641
14.033113
19.012957
9.032833
9.035303
9.014415
7.010006
11.010193
9.017353
24.027624
29.022310
8.009501
10.045262
9.037708
9.046158
20.005105
13.028334
14.033980
61.003652
47.009967
24.019618
9.022718
51.004382
22.010887
9.042100
14.008623
19.037537
24.026650
24.044148
19.062666
19.016787
