8.006281
11.010853
9.004132
21.007829
13.003792
25.026888
6.002580
17.018606
9.069879
6.000928
12.019157
9.025145
10.003892
18.012386
19.033237
19.039803
9.033679
9.028433
12.003992
11.030903
9.031857
8.003812
20.011359
12.003952
9.014929
11.019071
14.033605
11.008861
7.003858
9.021488
9.015161
7.012431
16.006376
16.003913
9.003692
7.037052
29.010366
9.012275
49.009713
15.003752
9.013057
14.003992
29.017781
18.010693
19.050427
19.031268
29.036211
14.010805
15.000928
13.008841
10.013377
32.003692
20.025369
19.043500
39.041315
14.009541
29.030717
15.000928
30.000928
42.009281
15.000928
33.024753
24.020156
36.000928
34.000928
