16.005170
11.036035
20.009067
19.007397
23.008269
9.008315
8.038577
4.030173
4.043423
28.006602
6.006437
4.047181
4.015049
4.035699
5.015190
14.021856
23.008789
4.023942
5.004438
19.019651
29.008235
9.021913
27.035900
16.016861
14.009034
8.007276
15.017093
7.026710
19.036312
9.008374
5.003818
9.018326
13.012157
5.000928
8.014453
9.019657
9.056322
9.035569
9.033344
17.000928
14.019468
16.027574
14.009907
22.006796
18.005265
12.024230
10.003652
6.008891
20.009567
30.019352
6.014483
28.002540
8.038019
9.008682
9.023272
5.021043
8.019226
9.019146
6.015847
12.025762
14.023234
11.011033
12.053151
14.024348
9.035441
22.004792
16.013809
25.000928
13.022650
14.018705
29.027480
14.006783
19.011659
14.012271
14.013967
29.015615
34.011279
35.000928
14.002246
