12.046874
19.051645
21.008489
12.030411
9.005556
9.016434
9.009533
9.017334
7.009601
31.044408
17.019084
72.044143
8.017358
17.022867
6.024987
14.026725
9.030910
44.009673
9.031335
24.059119
14.018440
9.033963
13.008009
10.043154
9.029030
19.017679
9.012411
14.028720
5.020896
18.048914
9.011091
6.000928
17.023148
10.004885
8.047492
9.023822
14.023467
20.017734
13.022026
24.026884
9.039235
9.037725
15.015781
12.005165
10.064215
7.006837
6.038437
21.018972
12.033353
9.020800
9.027095
14.011625
19.046505
14.022396
14.028643
24.043155
19.012049
14.020072
19.033675
14.010599
29.009993
25.000928
16.005410
18.003532
17.043188
29.012569
34.032365
19.040184
39.034819
