12.019958
10.040950
18.018526
7.019034
8.017247
13.006597
13.007343
14.037138
9.039490
9.056272
8.008415
21.004092
8.042873
9.031869
11.008569
12.016994
9.013924
14.020754
25.000928
8.009561
8.006877
20.015321
9.018666
9.012797
19.028751
7.009641
11.033529
7.013217
11.031684
10.015221
7.028741
20.016055
29.011231
9.021404
9.014609
9.050221
13.009641
7.019457
12.010013
12.022917
18.018866
22.036737
19.023114
17.003712
16.021255
14.037665
14.005650
24.012503
11.014078
12.009547
14.023969
14.032729
15.009741
15.004306
12.059880
24.013023
54.016642
24.008195
24.022044
39.007585
29.016879
55.005955
10.012801
32.008309
22.004678
41.015245
45.000928
