6.017238
25.020015
16.012306
7.017614
14.007809
9.009653
8.010247
48.010247
50.011433
9.010613
55.011839
8.006917
10.067189
35.006817
11.006797
6.038850
18.007037
17.005950
29.004032
9.006677
8.005225
18.005550
14.024131
9.044877
39.013891
7.009665
16.002220
7.003652
9.011893
16.017925
9.052354
20.011233
10.000928
12.028816
9.007123
16.004965
17.052731
20.009095
18.026603
16.009973
9.005205
13.051588
13.017128
19.009933
5.011447
18.022930
29.011685
24.008147
34.007814
54.053105
10.002540
48.024009
14.006936
19.055099
9.030294
24.024514
39.020207
