20.307377
18.772838
21.552311
34.392375
12.583925
19.120168
14.214292
12.545778
42.468553
11.347336
26.696662
13.011902
16.691755
16.152132
18.082811
14.528718
11.045016
14.119757
17.182825
11.722114
11.827907
13.754552
17.262042
17.071965
20.931059
14.599955
12.114004
12.930237
13.266163
14.773964
11.331971
14.900859
18.062462
11.859220
16.916709
14.423145
16.305495
15.700759
14.582287
17.370833
12.162749
16.449285
14.504732
12.136896
25.999345
13.320994
19.866633
12.989033
19.050839
23.190976
17.796318
16.048074
13.647460
18.217761
15.949442
21.664029
15.340027
15.580627
23.265773
