27.791160
26.420176
46.352941
21.957391
38.572294
20.430349
25.254423
20.288089
23.545893
18.839174
26.732284
20.065042
26.409595
22.985599
45.392008
21.601533
43.328230
21.409844
18.155186
24.356441
18.542176
34.349758
20.147941
24.837903
20.667354
16.806774
32.308153
21.226349
21.191594
27.051580
18.905292
24.153671
17.383756
23.457211
19.475125
20.889765
25.318141
27.356960
17.919934
19.686192
31.487253
21.023875
25.461282
23.428513
20.328599
32.710606
20.501547
26.944150
25.794560
17.522855
21.973939
25.095778
27.573106
18.407414
20.743286
20.248849
121.233333
16.827512
20.999966
40.905909
