10.356332
7.793877
8.208227
11.139716
11.439451
8.989334
8.860194
10.294922
10.602844
7.798003
11.576291
10.086622
9.926008
11.922798
7.856444
8.634775
9.755613
9.802979
9.466454
11.858951
17.416038
10.142747
8.482347
11.483624
8.500809
8.691223
6.751328
10.068545
9.303724
8.432408
11.260466
8.340198
10.527490
8.481276
11.386982
8.732719
7.982624
8.880374
9.906248
11.424246
8.672003
8.888971
9.004501
8.604809
8.785739
9.566651
13.427853
14.127451
12.554219
7.879508
9.395835
14.590912
9.271153
7.962911
8.911991
11.172317
8.626109
10.537534
11.583192
9.206090
8.336666
11.275841
12.705532
8.838007
10.583658
12.011147
12.389520
11.305453
8.791644
9.751304
9.870234
10.324872
9.746412
9.304486
10.000626
11.277404
9.526671
10.272674
10.948042
10.978108
13.197480
9.364715
9.123390
9.281651
8.642981
