12.457501
14.023558
13.240603
14.985465
16.636608
13.759516
10.290921
13.446593
14.108621
13.591351
18.353305
15.700785
24.467449
14.476881
14.201493
20.572873
14.071116
14.892398
12.545866
18.295578
11.440046
11.748416
13.750955
10.769525
16.433178
22.374433
13.508888
13.750989
12.619444
10.011607
12.967764
14.254080
15.856432
12.131111
19.163102
15.218230
10.242244
11.540867
13.770329
11.429604
18.089924
11.918750
10.156212
12.846456
11.084584
14.374865
13.691362
15.125369
9.682987
11.730989
15.019347
15.297170
11.855609
13.917866
12.433527
15.019503
12.752223
12.735577
11.996612
13.953620
12.502540
12.407439
21.699137
