16.097413
15.045744
15.162870
15.715677
18.538170
18.413418
15.774665
13.321541
15.347333
24.525116
20.508386
26.841832
22.767420
15.895901
14.104101
16.773003
13.237708
18.248451
17.137481
17.016193
14.515072
14.256104
17.839860
16.838230
13.348347
16.007256
20.081043
16.286924
16.553057
20.447736
17.213319
13.001912
17.696649
13.876413
19.154486
13.898612
13.813404
17.156786
14.871012
28.938581
13.855198
19.660737
16.923787
16.181185
21.682083
21.591374
20.329412
14.947516
13.567618
23.757283
16.499464
18.256025
