8290.033736
7055.004529
7125.039405
5690.074893
6260.026069
5792.009747
6855.047349
5423.087010
7187.074851
6138.017058
6180.039844
5925.049405
9315.022946
7895.010769
6072.070913
7890.013330
5794.094653
6246.055281
5600.032281
5595.042862
7643.046543
7100.022029
7685.043555
6105.029550
5481.027489
6656.000754
10355.018904
6445.013794
4715.050953
4255.092591
8185.012635
7855.015812
5607.076458
6870.012932
6685.027705
7385.024288
10145.026260
6615.013663
6550.027549
5769.101583
6875.094285
6430.009658
7780.040631
5540.003924
8105.011283
6694.066754
8795.031978
8541.001458
10555.007673
5970.031379
