1189.000704
1189.039892
1189.000928
1189.071201
1189.019662
1189.041334
1189.000704
1188.068926
1189.046168
1189.000704
1189.039015
1189.000928
1189.000704
1189.000704
1189.006035
1188.052113
1188.104709
1188.069537
1189.032508
1189.007045
1189.006169
1189.000704
1189.034285
1189.008383
1189.000704
1189.000704
1189.006545
1189.000704
1189.000704
1189.041762
1189.000704
1189.031164
1188.072925
1189.033588
1189.000704
1189.000704
1189.006588
1188.061117
1189.006348
1189.000704
1189.000704
1189.030862
1189.030471
1189.000928
