1189.011773
1189.000704
1189.000704
1189.000704
1189.000704
1189.016887
1189.002220
1189.037399
1189.000704
1189.000928
1189.054864
1189.002220
1189.029116
1189.000704
1189.000704
1189.049740
1189.036391
1189.071542
1189.002220
1189.037322
1189.011567
1189.000704
1189.008813
1189.000704
1189.061684
1189.000928
1189.025398
1189.000704
1189.000704
1189.000704
1188.085123
1189.041090
1189.000704
1189.000704
1189.000704
1189.000704
1189.000704
1189.031277
1189.000704
1189.048570
1189.025293
1189.000704
1189.000704
1189.039401
1189.000704
1189.010507
1189.000704
1189.000704
1189.000704
1189.009453
