1189.031117
1189.031131
1188.055059
1189.066971
1189.000704
1189.042807
1189.062732
1189.000928
1189.000928
1189.000704
1189.000704
1189.110645
1189.000704
1189.048816
1189.022072
1187.034308
1189.041062
1189.000704
1188.058064
1188.079029
1189.037360
1189.000704
1189.010031
1189.000704
1189.026409
1188.070734
1189.004862
1188.040661
1189.059747
1189.000704
1189.000704
1189.000704
1190.010714
1189.056527
1189.000704
1189.028839
1189.000704
1189.000704
1188.087253
1189.000704
1189.000704
1189.020038
1189.042658
1189.066236
1189.000704
1189.035521
1189.073074
1189.060297
1189.049638
