1189.030509
1189.000704
1189.000928
1189.028493
1189.000704
1187.029468
1188.049675
1189.000928
1189.049023
1189.036710
1189.000704
1189.000928
1189.022814
1188.046304
1190.032319
1188.000928
1188.061433
1189.028358
1188.049980
1188.000928
1189.153912
1188.057233
1188.063389
1188.000928
1188.059930
1189.000928
1188.058855
1189.130064
1189.000928
1189.044964
1189.063433
1188.000928
1189.108916
1188.052448
1189.050832
1189.000704
1188.000928
1190.002220
1189.026989
1189.000704
1187.000928
1189.000704
1189.036388
1189.039776
1189.042629
1189.000704
1188.047586
1188.047085
1189.000928
1190.004905
1188.117515
1189.032276
