1188.034451
1189.000928
1189.000928
1189.050236
1187.083678
1186.112434
1187.023982
1190.024710
1188.222828
1188.000928
1188.005239
1189.000928
1188.000928
1186.000928
1189.000928
1189.038996
1190.000928
1187.157457
1189.000928
1189.000928
1190.023691
1188.000928
1188.000928
1189.000928
1189.000928
1189.031618
1190.043598
1190.000928
1189.000928
1188.000928
1188.000928
1189.000928
1188.000928
1187.160581
1190.000928
1186.031354
1189.054296
1188.000928
1189.054387
1187.086648
1188.000928
1189.000928
1188.000928
1189.000928
1190.000928
1186.000928
1189.023481
1188.036585
1183.032644
1189.102075
1187.050976
1189.043964
1190.000928
1188.000928
1187.006169
1186.000928
1189.000928
1188.000928
1187.171735
1187.133521
1188.006857
1185.000928
1193.023536
1191.000928
1187.069436
1190.002220
1185.035438
1190.000928
1188.000928
1188.000928
1188.000928
1189.000928
1188.000928
1188.000928
1187.000928
1189.000928
1190.002220
1185.000928
1188.000928
1186.072356
1189.047888
1186.000928
1188.000928
1189.043796
1189.000928
