1189.022618
1189.000704
1189.000704
1189.000704
1187.018450
1189.000704
1189.104113
1189.000704
1189.000704
1189.000704
1189.000704
1189.043924
1188.067852
1189.031491
1189.051380
1189.000704
1189.000704
1188.068030
1189.000704
1189.000704
1189.000704
1189.030996
1189.000704
1189.000704
1189.029582
1189.000704
1189.033442
1189.035374
1189.039908
1188.136041
1189.035099
1189.036304
1189.034038
1189.016045
1189.000704
1189.036059
1189.031618
1189.035311
1189.000704
1189.044030
1189.000704
1189.000704
1190.000704
1189.044726
1188.060344
1189.000704
