1189.021448
1188.037667
1189.000704
1189.000928
1188.016481
1189.049632
1188.049555
1188.000928
1189.031201
1189.044702
1189.027472
1189.072900
1189.000704
1188.020338
1189.025534
1189.057988
1187.032393
1189.016693
1189.000704
1189.000928
1188.070968
1189.046202
1189.000928
1188.000928
1189.046512
1189.044241
1188.063448
1188.000928
1188.000928
1188.000928
1188.000928
1188.000928
1189.062995
1188.086911
1188.060533
1188.049061
1189.000928
1189.049111
1188.000928
1189.000704
1189.046573
1189.000928
1188.000928
1189.047446
1189.073013
1189.000928
1189.000704
1188.000928
1189.031959
1189.036785
1189.000704
1189.074860
1188.039577
1189.080071
1188.077337
1189.000928
1189.000704
1188.040481
1189.000704
