30.829253
21.704900
45.673955
41.046886
13.965676
20.269017
19.112810
13.699235
27.220803
19.426779
32.692371
16.059368
29.442357
15.186031
21.149488
14.760405
13.149065
15.421484
25.624166
14.930632
21.668429
18.407150
18.041182
21.303047
28.617811
16.472925
16.398600
17.074597
14.546913
16.869679
13.007471
21.721849
23.222137
14.998676
21.466121
14.314546
18.691811
15.199989
16.802450
17.702790
14.566699
17.647175
15.065571
14.951794
23.193266
14.930879
20.341837
13.725775
54.580904
29.991557
18.556635
24.250875
17.232297
21.644363
19.436685
21.433312
16.335962
17.996631
27.667809
