13.701342
28.571166
17.047980
16.045692
21.511889
17.786976
11.223824
13.703471
13.760988
13.938885
28.241282
20.243462
28.245370
15.021385
18.892239
29.432968
18.244723
18.649073
11.503366
19.475011
14.723982
14.420456
18.919652
13.314553
23.208367
23.777008
19.855641
13.331845
12.372138
14.952167
20.188910
20.999888
16.662135
12.569219
21.819358
12.806468
17.875638
12.959889
17.853039
12.149808
29.411008
10.643416
18.197841
16.233482
10.959019
15.483529
13.193051
19.245124
11.838703
17.139967
11.318590
19.154348
13.152956
12.470998
18.981442
14.637519
15.508256
12.682484
13.211625
15.743416
15.469758
15.425207
19.616790
