31.816984
36.733372
39.109178
36.017648
74.814177
27.897209
27.651113
40.488156
40.432270
27.940820
37.636420
30.206367
42.705809
31.464496
65.883127
29.067445
93.874315
34.774878
31.730309
38.971443
24.925992
46.566400
27.117566
32.347804
33.534520
24.303722
32.807969
29.002044
33.841277
39.592614
24.551565
28.949633
23.723324
37.592861
30.406915
23.895779
39.090895
37.389821
30.414050
26.193316
31.379471
31.210452
35.068453
31.362059
36.019325
54.378914
34.032379
42.408265
34.000706
23.143181
24.872301
37.000803
42.095103
23.423627
26.281535
69.468457
30.666123
26.347830
30.488788
40.813413
