12.047481
12.853482
11.774068
12.786589
27.746728
9.709544
16.082791
10.450019
26.866562
19.968224
8.386398
9.817383
14.723744
12.049303
14.502679
10.919760
29.696741
9.354150
9.354325
9.203396
21.513604
12.653042
14.320385
11.170698
10.372341
10.895970
9.916492
10.411713
9.752178
7.973998
14.810578
14.051775
9.988817
11.709192
11.455192
7.720653
14.534230
11.220773
8.616919
17.275316
13.618833
11.069310
9.450878
16.410323
15.473213
10.134029
17.089994
10.478453
17.029782
13.411216
9.011018
10.123084
10.124724
11.301274
8.863942
13.939590
10.963024
11.068551
10.449974
11.722464
10.939379
17.150032
15.145244
21.805431
11.850904
7.845746
13.542250
11.182831
11.172125
13.686808
12.660435
9.536985
13.130550
9.359365
10.920400
22.774749
12.193833
16.399473
8.168009
10.714369
