110.000928
6.032208
16.000928
19.000928
17.007891
7.000928
6.033999
9.039113
9.008055
21.000928
67.010327
16.000928
22.012903
17.000928
17.037710
8.023704
9.036482
22.000928
9.024368
16.003638
9.043846
9.025988
11.000928
9.068530
20.000928
11.020313
19.036833
14.055039
7.009701
28.000928
15.000928
20.082988
9.039006
15.002220
12.000928
11.018959
9.006888
9.030669
41.006214
12.009363
14.012531
28.000928
11.010473
14.006663
8.070155
11.000928
40.000928
17.015754
11.000928
17.011333
11.000928
9.000928
15.000928
10.025865
9.007543
9.030109
17.000928
11.044768
9.045146
12.000928
11.040383
12.000928
19.000928
8.032553
10.000928
9.046656
29.000928
