8.013649
18.039483
19.009847
31.000928
12.020384
10.022424
14.018773
14.012201
8.060070
13.000928
11.004092
14.012625
13.041258
9.022910
9.035015
9.097307
7.104223
11.016434
29.009735
8.025054
20.024408
9.008521
7.020812
9.088443
12.000928
10.012945
12.015791
15.000928
18.029856
10.000928
8.045822
15.000928
9.058343
8.029440
9.027272
8.016562
11.005515
7.029379
12.063325
13.016645
7.019666
16.017740
8.024408
7.021098
12.000928
8.036319
6.104322
7.005842
7.021638
15.000928
9.033333
7.010754
7.024438
6.102779
12.055977
6.138954
7.032829
6.075502
17.021796
6.027849
7.040888
18.000928
9.022922
11.009421
16.004643
16.011499
9.012785
9.018800
14.021201
11.049458
23.000928
18.051488
9.060931
9.052095
11.189005
13.016762
8.017340
10.000928
11.156513
6.038526
9.106654
19.010577
6.098880
18.027063
12.074788
15.063479
14.011977
9.022360
11.000928
17.022628
9.033182
8.028816
15.018320
10.013097
13.027620
