17.040744
14.043510
24.018701
16.015335
33.004222
13.019796
15.002480
13.033333
14.020722
19.025360
14.018192
19.020536
8.003992
6.036937
23.013701
12.012005
6.023408
16.000928
37.056604
16.007457
14.007282
14.000928
14.016784
11.013523
16.013125
7.017654
12.004092
14.090349
10.003792
6.039094
10.003892
28.020552
18.004372
9.014915
6.002286
18.016740
19.012857
10.004332
13.020969
21.004443
12.016191
7.031157
17.000928
18.019303
19.024312
12.003932
5.030175
10.050974
8.004192
6.006657
20.007687
12.016919
7.037236
5.021850
6.032489
24.004372
18.039353
19.044716
17.005046
6.038626
9.041097
9.034666
9.016048
9.019046
14.022076
17.004492
6.028464
10.009823
20.010587
21.007543
6.027333
13.025039
14.022784
7.035432
16.019944
9.063262
9.018411
14.038246
19.025991
16.010979
