12.005550
16.015782
11.032751
26.024182
7.056507
31.010880
13.009473
31.039061
8.030455
8.026744
17.034451
19.027080
12.029354
16.023242
16.065048
20.027080
7.055252
21.009901
24.009821
20.013618
9.064532
8.011281
13.020728
20.004133
7.037269
17.042417
23.010401
9.011393
20.024548
9.023023
7.065275
10.013401
9.005250
19.009741
19.006617
11.006697
16.033135
21.011891
159.022500
14.010873
28.010621
9.004492
8.020664
10.017108
10.024322
7.039372
17.093228
22.000928
8.044546
72.010633
11.022650
20.010941
8.039583
26.007929
8.010501
9.006962
9.003592
9.005725
9.006365
8.017080
7.054877
11.033086
11.022525
8.012363
