8.003560
11.086099
7.036683
44.000928
19.000928
14.004132
21.005470
11.208027
14.012235
30.036737
13.049213
30.000928
28.060214
10.054688
8.064430
14.023954
14.022810
10.012013
13.005771
9.006868
9.005830
10.003910
13.011765
6.028623
14.011433
7.043896
7.007347
22.006677
15.006517
7.051782
10.015489
23.005791
10.003652
8.071581
15.019431
61.005565
26.023342
14.019412
9.021719
14.004910
19.039267
15.020830
10.048651
19.012333
12.022944
9.045848
12.008255
6.019343
9.052823
9.025277
11.021438
8.003912
10.006757
8.006757
20.005939
8.000928
13.049284
9.013727
9.036697
10.004112
13.085173
9.046862
9.047351
10.000928
6.034981
8.000928
8.003772
18.072455
14.014011
9.044824
15.009161
13.037294
7.031401
16.010367
10.000928
13.012045
7.024974
17.003672
8.025515
9.019478
9.041246
14.008827
