9.003852
12.047949
10.012145
17.009481
15.005130
13.009281
7.027763
14.003552
18.018080
9.000928
23.034647
12.003898
41.009787
15.002640
28.005570
9.011219
9.010046
27.022386
11.058435
9.019744
10.003692
14.002480
15.000928
8.016682
28.002420
10.004218
19.004038
12.029577
25.005205
13.020956
9.018277
25.002320
10.003798
18.002580
21.007582
9.003898
52.004092
173.023783
11.004418
10.003932
18.017431
9.000928
20.004098
27.002660
19.013803
19.002600
14.002600
19.019248
124.006975
11.003918
13.003578
13.009509
18.017845
