8.007142
14.006843
10.011733
29.002760
18.009921
14.009034
18.011240
7.005990
7.048663
18.009647
10.005044
23.023298
11.036996
26.051250
11.006482
10.026214
8.003532
10.005245
12.007875
7.005730
11.019275
20.000928
10.011253
15.018214
7.013287
8.025056
14.011391
8.021607
20.014745
9.017873
11.005765
12.012991
7.006170
7.005410
9.014769
19.010105
12.041467
30.018886
8.011499
11.006005
8.047070
12.004845
12.009701
19.005185
9.015870
9.021000
8.053281
19.007302
10.000928
8.021106
9.030967
10.000928
6.019572
14.003692
11.014401
9.022454
15.009350
14.017518
6.013724
10.004038
5.040137
9.015841
11.006457
10.000928
11.012109
9.040731
10.004463
7.008134
9.040195
12.007077
18.005224
13.011511
7.018279
12.003652
15.013863
12.018518
10.012613
10.000928
10.005345
7.000928
7.045942
23.048041
7.005365
10.011133
9.005565
13.007123
10.013295
9.005604
11.013845
25.009867
23.049787
