6.024427
10.009661
88.031152
6.016648
12.015506
7.018992
91.005690
11.008349
18.007777
9.010587
13.023746
10.008645
9.024463
14.008109
13.022364
25.005504
9.003892
10.013654
7.035714
9.027246
6.031662
7.015635
9.036405
9.015875
25.006616
13.037727
10.004523
11.009921
21.037758
105.008889
11.011243
16.005210
10.009661
8.045822
6.015090
7.013975
14.012483
9.012277
9.034919
8.024620
19.017594
31.011351
9.004072
8.065995
9.058750
9.025892
10.008774
19.009521
8.030904
6.019140
7.029253
6.027303
7.017266
6.037634
12.019791
9.021021
6.011313
17.025674
6.026684
7.002220
7.010041
24.009995
11.033005
6.041758
17.018167
9.026766
9.022988
6.079640
13.009441
8.046747
15.004092
14.011399
9.002831
14.007703
14.010507
13.011865
9.021844
