17.019139
42.000928
13.014157
12.017722
44.034073
12.014712
16.030430
19.017342
34.024104
34.055334
14.041131
34.024213
14.032159
36.006937
10.000928
7.016622
88.006983
19.008435
20.007451
13.027175
14.014424
24.034497
20.002400
14.002680
19.006737
20.008415
8.000928
10.023288
10.006917
11.012771
10.006836
27.006597
21.005854
19.003928
9.003792
13.039640
53.010021
9.006477
15.021216
13.006697
30.012897
9.032089
9.035465
24.014369
9.029311
14.013071
14.015227
14.010879
9.018340
130.011441
13.020938
