13.015145
23.044791
12.035006
12.018926
17.006956
16.017461
24.018662
24.008129
24.012845
22.043780
22.048069
16.033854
43.011073
18.019646
13.029731
17.030709
28.016481
8.032117
13.025380
9.025114
10.020220
9.026938
9.026263
12.029953
9.029169
21.005371
15.021199
14.006657
23.011699
16.033671
16.017957
24.002280
18.037282
20.037112
15.025934
9.032191
13.009673
11.016360
8.006696
11.007116
19.008574
25.016173
16.020944
11.035533
15.031415
10.016182
14.004078
10.027263
13.008515
21.023376
19.007257
19.009481
12.004503
16.016884
12.016036
20.024494
12.048392
35.008454
16.031048
13.020744
13.018217
10.043665
11.021318
9.013837
69.027569
