7.056435
7.000928
16.028858
7.000928
6.071802
10.000928
6.007809
26.007542
10.000928
10.015375
7.049292
17.018846
31.004052
18.007162
15.004412
6.004272
17.004008
6.005164
17.018076
10.010381
13.005425
9.014358
10.016568
7.002220
34.002220
21.000928
9.014015
18.000928
8.009707
9.045169
6.015235
10.027525
10.007357
36.008909
6.000928
17.014826
15.000928
18.000928
7.008249
16.011273
14.011093
7.008129
7.021358
7.012511
14.026848
10.010737
20.015206
10.012313
17.000928
14.027865
13.009760
25.013863
16.016914
7.036977
8.048250
6.015218
8.014077
6.008589
16.006763
9.011037
9.006290
6.008229
17.007202
21.013153
9.002266
6.034706
11.015535
15.008689
17.015028
6.022690
13.000928
13.011385
10.011983
10.002300
6.020480
16.003652
13.012717
10.023246
13.008541
6.012505
7.014965
14.007642
10.000928
6.008567
6.033018
6.006015
6.013015
20.006349
14.007348
6.008449
