18.013179
7.012346
21.006857
34.007277
12.009287
34.018533
22.003912
34.004172
9.009501
13.000928
11.010913
10.006437
15.025982
7.007077
13.009627
14.002786
33.008609
19.025636
9.009389
16.006917
9.005165
23.000928
14.000928
8.002700
20.000928
11.006857
37.006697
19.022607
14.000928
14.000928
12.024722
7.006497
27.008809
64.007810
24.006317
11.007749
11.037431
7.005405
14.006517
14.002966
47.013521
15.000928
7.036144
7.006657
23.010639
9.014921
19.011359
13.012263
11.012451
13.008919
10.009761
23.009327
14.000928
9.009761
9.000928
10.009741
9.012486
37.007177
25.000928
14.019891
14.039193
11.003593
7.003738
13.010191
11.005685
9.010061
