8.064995
6.007889
11.057978
10.000928
18.018679
6.067138
7.062687
6.029950
5.009447
26.018951
15.013543
8.022630
14.005490
6.016781
8.000928
6.009707
6.047790
14.014363
10.000928
18.020816
14.035134
12.004503
44.004092
8.057497
7.041465
9.033456
10.000928
8.040484
10.000928
6.000928
24.009521
7.000928
9.013940
13.029967
6.000928
7.023460
14.051531
5.034033
5.029897
7.073187
6.000928
7.016860
6.019207
8.000928
13.025467
5.010993
14.006477
10.010965
22.048400
10.015221
8.015219
9.037867
14.036650
5.022204
5.018514
7.052929
9.016965
7.008469
6.078659
6.000928
29.023249
7.065794
6.000928
6.000928
27.007037
7.029473
6.017926
7.035848
6.015422
6.018161
11.010393
13.090807
9.039554
9.047435
6.027336
17.025921
11.018324
10.000928
7.005365
14.009887
15.009341
7.029455
6.016427
8.000928
6.008835
11.026288
6.000928
12.007743
6.000928
8.008849
9.011830
8.056150
6.121752
6.000928
20.022182
9.051888
6.000928
7.079831
5.050304
5.030102
7.030455
7.000928
18.000928
16.015668
17.012625
7.055007
5.015043
