8.008740
23.005830
9.022955
14.005430
9.008255
9.062239
14.008393
9.046582
8.012011
15.014315
12.027191
12.028370
9.010619
9.013717
13.008095
11.006656
10.018991
22.008449
6.020712
7.004112
7.056670
6.036916
6.015351
17.006677
8.015443
24.017154
9.023494
21.034165
11.036117
20.018369
9.007336
24.005030
9.012999
13.000928
17.005525
17.030607
29.009887
8.000928
9.000928
22.005145
12.020883
17.028756
11.013863
9.028511
27.011805
11.002220
14.034011
16.005685
16.000928
15.016087
13.019032
31.000928
13.008395
24.007368
8.030008
27.018320
12.011113
14.026545
8.026258
26.012674
12.000928
10.031392
19.016304
7.021749
9.000928
11.026152
24.007422
8.031111
10.019534
19.007143
9.012986
8.050764
25.018664
14.022724
14.022014
20.020725
11.000928
7.022451
19.000928
