8.016422
5.020724
17.031531
14.015528
9.009773
14.013191
9.034813
15.000928
8.054670
14.009707
22.013363
31.005310
7.009841
83.010167
17.020001
4.057003
9.009055
9.018772
9.022020
9.029104
4.064829
9.012319
9.029055
9.026904
36.004118
7.045501
14.007282
9.008814
15.000928
8.010133
15.008229
8.031749
9.015201
11.004243
12.054531
6.004073
17.005730
9.043730
10.008649
13.028283
5.011153
9.006877
14.000928
8.019312
14.008635
11.009361
8.008515
5.019432
8.003872
18.031709
9.031523
9.043797
9.020325
9.028739
14.046038
9.027009
10.013798
8.008028
14.005550
9.039444
9.015036
9.017480
9.026477
9.016580
10.005250
9.004192
8.010513
16.003692
19.004072
8.003612
8.026570
9.013857
9.029625
10.000928
8.007368
16.000928
20.000928
6.038356
9.026782
10.007317
5.006957
14.003732
18.004712
10.008949
18.009059
18.049028
10.017541
9.028732
9.002800
9.000928
9.003932
