13.005885
13.011279
9.014429
9.018432
10.007714
23.021371
9.010157
9.027085
9.018300
13.003732
7.022883
8.009587
14.000928
13.034919
9.012437
19.016779
9.006849
8.003532
165.019038
22.012351
17.003852
24.004533
8.007043
81.004098
8.008749
8.016914
10.019846
10.011545
7.028116
6.026983
8.000928
7.002340
16.000928
10.012183
12.019943
7.004253
32.008749
12.003812
20.029410
9.021208
18.015747
12.014337
8.007695
16.009315
13.007537
18.003712
7.003912
18.010341
26.034473
7.032875
13.005325
12.009707
11.000928
18.009827
8.018424
9.025906
7.013171
13.009547
13.000928
6.012023
21.015330
12.015101
9.005325
47.005570
7.038211
12.016427
7.009713
7.007955
7.008775
15.023056
