17.006089
11.055643
7.012653
9.029060
59.013321
7.029692
22.002746
11.005644
7.007156
11.010779
7.007769
18.007362
11.014709
10.012797
11.009793
15.018212
24.012305
6.016794
16.010985
13.000928
68.003532
14.017270
12.007357
18.013251
14.028607
14.017112
10.012205
8.007442
18.003812
11.003552
10.007835
10.027956
31.011671
15.008349
13.031593
25.014649
6.015938
11.006969
10.016291
25.056968
13.011373
14.000928
14.025367
13.008194
15.017349
14.000928
8.007042
10.014768
8.019893
26.010241
11.010987
9.005230
11.038885
18.014665
10.008009
8.000928
9.013995
9.005724
8.010193
6.020498
20.004012
11.022722
16.003532
23.005404
9.013677
9.004964
10.017230
12.012307
9.019354
10.009029
9.012991
9.005604
8.013669
10.015795
14.012305
7.000928
10.009987
