72.006443
80.004143
88.006963
114.026158
74.017333
84.036937
116.004343
66.000928
65.038413
59.035160
85.005834
88.026727
104.008395
71.000928
59.000928
112.019284
69.031432
59.028080
84.038543
79.017074
74.034935
84.019964
144.011033
54.022900
55.002926
63.019080
89.011559
60.000928
153.029534
104.022256
59.024156
69.011251
70.011050
83.035555
105.006004
133.037243
124.018612
185.004263
78.024506
66.000928
97.008355
69.036347
79.031589
49.015003
114.020060
89.009367
63.000928
75.030903
69.014009
65.013799
78.013745
59.033083
74.022838
94.036914
109.035369
110.002346
73.008515
105.005424
83.024434
60.003246
74.010221
98.016047
79.035117
114.022662
54.071530
109.029425
57.000928
96.014549
104.032527
119.025424
69.018166
