1189.038616
1189.014069
1189.000704
1189.000704
1189.029566
1189.039470
1189.000704
1189.000928
1189.045260
1190.021940
1189.000704
1189.000928
1189.000704
1189.006269
1189.000704
1189.006349
1189.000704
1189.000704
1189.039942
1189.000704
1189.033357
1189.006745
1189.008071
1189.000928
1190.000704
1189.036669
1189.059844
1189.031409
1189.000704
1189.000704
1189.003650
1189.028032
1190.000704
1190.000704
1189.026982
1189.033916
1189.000704
1189.000704
1189.036233
1190.000704
1189.000928
1189.045525
1189.000928
1189.028318
1189.000704
1189.029685
1189.000704
1189.042179
1189.000704
1189.019881
