1189.053297
1189.000704
1189.031236
1189.034440
1189.000928
1188.041902
1189.000704
1189.030240
1189.054323
1189.000928
1189.040030
1189.000928
1188.081738
1189.044826
1190.021988
1189.027374
1188.122466
1188.073975
1190.000928
1189.046178
1188.207339
1189.000704
1189.000704
1189.050042
1190.000928
1189.000928
1189.045790
1188.167360
1189.033703
1189.000704
1189.046924
1187.004223
1189.000704
1189.000928
1189.000704
1187.024195
1189.000928
1189.029845
1188.073809
1189.000704
1190.039940
1189.000928
1189.004422
1188.082292
1190.000704
1189.041115
1188.085378
1190.002534
1189.000704
1190.025172
1189.040925
1189.070655
1189.029835
