1188.061099
1189.000704
1189.071961
1189.000928
1190.028850
1189.065428
1189.063142
1189.000928
1188.062284
1189.033396
1190.000704
1188.059229
1190.041061
1189.022010
1189.041120
1189.036305
1189.000704
1190.033893
1189.000928
1189.000704
1189.050444
1188.049296
1188.024049
1188.049813
1189.000704
1188.042463
1189.038510
1188.034215
1189.028408
1189.000704
1188.062978
1189.000704
1189.000704
1188.065568
1189.000928
1188.038747
1187.002890
1189.058913
1189.000704
1189.000928
1189.002220
1189.000928
1190.000928
1189.000704
1189.000928
1189.049816
1188.070723
1189.000928
1189.052097
1189.069458
1189.000928
1189.032819
1189.082040
1190.000928
1188.044016
1189.000704
1190.000928
1189.052877
1189.031082
1188.055811
1188.054742
1189.000928
1189.042174
