38.006977
74.007157
38.057825
13.010999
20.017498
29.023035
19.028714
21.010481
23.000928
20.011145
21.003952
31.006937
19.006962
29.012293
24.010161
19.000928
19.011985
39.010910
22.008069
15.031439
24.038314
17.011233
16.028650
31.005404
44.000928
17.061057
16.010101
40.002500
20.015053
28.012491
25.010241
30.038599
19.016247
37.009971
16.010593
20.009187
33.035063
24.015144
17.006897
21.056011
24.020447
29.018687
18.011963
19.008089
16.007057
22.015143
25.041810
41.000928
28.002220
22.000928
32.022642
28.000928
15.000928
20.021268
23.009761
24.005510
24.000928
39.010979
24.016126
19.032662
32.016654
21.012190
19.047742
32.008634
19.019153
21.010799
22.026657
16.012223
14.060544
17.024026
39.024698
26.017829
32.016413
24.008115
42.009781
24.011193
35.007137
32.000928
19.000928
17.016366
20.006896
16.009587
34.007037
18.035984
42.011151
22.022561
28.047552
18.015408
30.005645
27.015461
24.012757
29.003664
31.000928
31.006977
21.017436
14.007257
23.047851
15.008289
23.015882
24.032824
19.028013
24.030233
18.014727
27.005516
27.008360
20.000928
23.038841
22.012425
24.022836
17.006876
22.000928
25.025439
20.011197
25.000928
17.039353
26.000928
24.000928
30.006937
31.017223
16.000928
31.011873
27.007137
20.007955
25.012371
37.021008
51.022655
16.014907
26.000928
21.000928
15.013917
28.018264
20.034412
34.000928
22.014488
21.041747
23.009239
18.041682
22.015616
22.008915
19.000928
54.002440
44.004422
17.035089
41.006477
23.048742
16.035228
19.042077
17.036212
25.014828
20.053035
16.010261
20.009967
16.036101
24.000928
14.068757
24.004987
21.000928
32.024181
18.010531
21.000928
23.010201
28.007457
22.027719
25.073053
26.000928
32.042476
13.000928
18.009721
17.011019
23.007402
16.000928
31.006577
16.009781
19.005144
26.005425
17.006663
20.000928
28.004905
19.006677
29.003712
18.031091
33.009221
18.012965
23.000928
19.013733
20.045486
22.015815
35.031835
22.033991
19.052396
32.010601
18.000928
23.012307
15.000928
25.011703
13.000928
38.005745
30.019716
40.000928
28.000928
18.013265
24.008061
25.000928
21.010761
23.012385
20.010141
28.006577
37.005505
14.010151
18.017494
29.014221
34.023796
24.012971
19.009321
22.009961
20.046358
17.000928
28.007197
23.025901
24.068138
23.013577
30.013701
35.009930
23.013231
29.009707
19.016036
20.008009
18.037738
24.051152
25.011713
58.019416
21.000928
19.005836
24.005150
22.042816
25.005345
25.041354
33.012545
24.008335
33.007003
24.026806
37.021942
19.006497
26.013551
24.018420
16.034268
23.011513
31.014503
23.000928
25.000928
27.009401
29.008835
25.000928
28.000928
19.006135
23.016770
27.022630
30.010341
21.015001
23.046775
41.020158
22.030802
15.009901
24.007509
24.014088
24.021831
21.015337
19.010721
23.000928
17.049628
15.013595
35.000928
25.006025
18.000928
29.000928
21.010361
21.006396
19.005125
13.017146
21.015316
22.028050
18.009861
20.041977
24.022010
15.012190
44.007213
