19.003632
88.004263
36.003206
44.008241
14.019293
13.010459
12.010323
15.011201
19.014200
68.034187
37.011519
10.010087
60.015711
24.025186
14.019498
44.006963
19.026697
14.041090
39.005650
19.020796
13.020839
14.004092
26.006977
13.006875
32.003752
11.015196
17.002460
13.024292
12.007022
14.046102
26.036970
25.003638
11.010139
15.004423
13.033108
14.011683
27.003932
21.054611
62.009628
29.003126
29.003532
19.004218
16.024840
18.004092
16.003772
13.072405
39.013531
21.003798
15.020278
14.018912
17.004112
16.002726
21.012511
51.008925
21.021815
11.012005
9.011299
11.002366
12.015362
11.004438
34.003792
13.017706
14.026745
28.014572
35.016482
11.020332
35.031442
20.002740
11.004224
11.016240
54.026169
57.004012
21.051908
29.003932
