29.013355
79.008459
17.076707
14.035791
15.000928
22.025473
46.017994
41.016390
17.023140
23.008121
21.016547
24.002246
74.022862
35.019058
18.024840
159.010713
17.015787
19.029923
36.019472
24.025553
16.013459
23.011139
228.022422
130.017580
115.016462
97.022989
67.039076
81.025334
139.018606
34.000928
16.017300
13.016210
26.041887
57.021198
28.003672
29.021756
59.023028
17.015056
36.019746
34.016353
31.023168
21.000928
94.007769
40.021750
29.008129
16.025080
56.012463
40.018254
37.016774
28.010547
28.024520
27.012937
50.021044
14.026873
21.009881
91.022054
75.019192
29.021996
19.016187
22.014009
23.022002
22.013437
38.011766
19.015710
26.014950
53.026119
39.013695
49.031415
18.009681
24.006628
16.025385
17.013305
32.010713
21.007667
45.002246
16.018020
13.009921
28.000928
30.017800
22.025017
24.013441
50.000928
40.020304
30.016567
27.016422
24.024023
20.015089
53.019606
44.017994
18.015317
23.026354
85.011839
19.013723
34.008189
45.020571
25.013657
38.011831
13.022316
20.000928
18.005364
75.021656
22.032385
17.013623
16.018412
32.010639
33.000928
84.020835
23.008041
60.011379
39.018626
23.004422
18.046405
27.020158
29.019706
63.014710
59.002500
17.022142
13.027919
32.011786
22.006090
40.018772
14.013066
25.024073
34.013518
53.029291
30.018686
39.019232
19.017147
54.012427
49.017680
39.023594
26.014670
77.003778
18.017085
23.034047
25.007949
45.022882
17.095812
13.017886
32.019296
17.022516
26.011133
69.018592
49.016488
64.024646
