15.003852
17.006477
30.010893
32.028677
14.006888
120.004303
19.004098
36.016627
19.052537
22.006376
18.005610
27.013485
17.015997
32.006477
13.003872
19.007028
23.005044
14.003732
30.010714
12.005524
19.009039
24.000928
18.047363
26.004032
24.010193
24.002220
28.013789
26.047809
21.039650
41.005324
12.014004
21.003792
17.016950
19.020941
16.003812
26.003812
24.005164
26.005464
33.014471
24.016856
20.006856
39.005724
31.007931
15.006050
27.003632
24.006417
14.009881
22.014043
20.000928
35.003552
21.003712
25.006623
19.013031
21.012265
25.000928
29.003632
17.023846
22.003592
29.011103
49.002560
26.011549
22.004092
13.026952
15.010453
16.020901
25.003632
16.006457
24.005404
14.003632
16.006876
16.006497
15.004012
25.021571
24.017655
20.005204
29.005430
23.014937
25.006716
27.005144
23.006576
18.007427
21.000928
24.007829
18.044219
16.030578
14.051880
19.061097
14.030659
24.014383
20.004112
14.000928
21.006756
52.005704
25.004032
125.003812
18.173212
23.012689
19.004532
24.009190
15.002306
18.005915
24.009059
18.034528
17.005404
16.046065
23.000928
21.007949
18.042417
25.000928
25.027742
25.002220
23.019292
15.003712
15.003632
23.003672
19.003792
21.017023
13.003572
30.007222
17.005424
27.005284
16.005596
21.016385
15.017322
41.005244
22.018403
29.006993
19.006696
27.003632
45.012637
22.013195
39.005590
20.003652
35.005390
40.005424
15.003718
20.004012
25.035018
24.003852
40.040287
126.003932
21.003592
20.032686
33.003812
19.003532
56.006296
45.005124
30.003772
16.017874
19.013797
15.003832
25.004012
22.011865
24.039902
15.010913
34.003912
21.005264
26.012971
25.004766
31.007769
19.026642
12.006796
31.003652
39.003932
21.019524
30.035427
19.044014
28.018033
18.000928
18.002220
19.003872
18.007869
23.004172
13.012991
28.005090
41.005504
23.006643
11.015609
29.005637
26.003672
24.004052
37.014569
19.003552
24.009123
20.003692
17.004102
14.004132
17.003892
43.008249
28.003838
36.003612
29.005364
14.003592
27.093605
27.011259
33.003752
18.003872
17.006616
17.003732
24.003772
37.005324
15.003812
16.058980
26.004052
26.003852
25.036255
28.003912
15.031747
16.047536
20.011413
21.035785
40.003772
23.009447
21.015749
17.016413
35.005324
18.011525
21.007869
13.011070
25.006329
16.000928
22.004696
19.020674
16.004092
17.009021
30.003912
17.012047
13.042829
16.005105
34.004996
18.007216
19.011973
23.018340
19.026472
15.002986
17.003672
29.003752
22.011293
19.005616
19.040758
21.003652
20.008721
25.005184
25.003812
14.014223
15.007789
18.010653
39.003592
34.003892
22.036671
25.003972
25.047307
22.012297
