19.018370
88.003952
201.046054
22.024641
40.024761
18.005424
24.004052
40.045864
59.013117
128.003732
50.012131
22.016254
20.008999
18.026667
39.022326
33.008009
39.030520
31.003672
74.004032
28.028972
32.004072
46.044784
34.009435
43.000928
45.035515
49.009587
31.031525
28.003632
22.006868
30.103551
59.003992
48.019752
36.020644
29.011746
47.012303
45.003772
21.003692
27.045103
22.008581
22.025939
82.003712
88.057472
25.003592
33.041550
47.003892
24.004092
32.006677
43.032709
16.012286
33.004112
24.003972
44.009301
25.021090
32.005730
25.008168
31.041438
34.017963
31.013863
35.003752
34.006692
23.013111
25.005264
40.024342
32.049675
20.005164
48.034543
25.020070
49.002400
18.020362
26.013105
15.036575
51.040542
24.080875
36.000928
32.008994
15.018648
34.003612
48.038216
26.000928
34.047245
28.007397
88.006370
21.059678
22.009613
36.004770
27.023695
26.003592
28.015711
22.004825
22.013185
29.008489
15.084714
37.006823
39.044774
43.013505
18.045281
30.005464
39.023574
29.024295
21.008779
64.008609
37.006090
28.028305
25.006577
67.000928
26.005344
27.013797
26.008149
29.006079
33.004957
17.009561
21.021412
35.008175
24.006159
20.000928
27.009381
30.009955
34.005384
43.005250
20.006637
54.008501
84.003932
73.028672
21.013738
26.014593
30.028587
34.030121
30.005304
33.026890
26.075983
39.050986
27.012933
30.003912
80.000928
19.005010
57.059134
26.004072
28.014498
28.056773
23.009541
56.003753
50.007949
29.041368
42.010859
29.030037
29.049955
46.016690
28.011030
29.005504
39.008329
49.005164
24.044000
24.009641
33.006583
25.004132
29.005684
73.013409
35.008089
53.021574
36.004012
33.010101
33.020160
26.053063
33.008515
27.050285
24.006782
19.011565
16.052269
43.004132
24.006477
48.033861
25.008009
33.016631
29.015937
29.040000
40.005284
18.006139
24.009140
30.009661
43.014323
24.026612
18.079304
21.014477
28.018226
30.005524
53.029614
38.003892
21.048992
35.003612
47.010327
34.004098
24.011345
16.018333
24.029945
28.006277
30.008249
28.008129
48.029520
25.003612
67.012465
67.004891
37.023456
39.011899
25.005244
34.018542
44.005584
24.012525
