16.018635
30.023408
21.012737
22.024167
14.004338
14.048143
21.073038
21.027757
15.019746
19.022134
26.015210
33.036049
28.061362
19.048124
21.105074
23.018993
15.014021
15.014922
18.043640
22.007582
31.000928
28.039734
15.018133
21.022667
15.041136
24.014415
29.013003
18.017392
26.024761
21.016090
15.014996
12.016263
17.015316
22.038361
23.074945
94.005930
22.012209
20.066140
24.000928
13.009233
24.018505
24.025908
26.007589
18.008061
28.005190
24.013824
26.002910
19.045360
22.045808
29.007582
19.029889
20.004132
13.016741
16.000928
17.044664
23.030128
15.005224
22.013995
22.021356
14.032755
19.029733
23.007182
19.023097
17.010421
20.011073
16.002420
20.000928
16.003752
15.023018
19.022728
16.029719
22.018992
14.038085
19.015563
20.018950
20.022091
22.008421
24.028557
31.016748
22.039264
14.076748
24.025126
15.000928
24.020614
23.047951
15.015157
19.022168
13.014596
25.010341
19.000928
18.032063
14.031817
30.000928
24.007950
13.038933
16.000928
28.004403
36.065372
21.024818
14.005765
27.000928
25.015550
45.007268
22.000928
19.019758
20.012925
15.007749
20.000928
16.016742
16.016979
14.049913
24.033619
14.018526
23.040460
15.012817
24.014498
20.012205
18.075712
20.004563
25.000928
21.020419
20.016869
15.028296
23.002220
17.003572
16.006963
25.005007
19.014848
18.012219
17.012571
21.049593
19.024388
20.013397
15.000928
33.016810
13.031099
24.041289
25.016600
24.000928
19.000928
23.036491
15.011113
14.000928
23.007855
16.061441
24.034223
22.034882
22.017122
21.042582
14.054395
16.053708
23.004602
13.017962
23.048280
21.000928
12.066003
20.013683
17.015240
12.000928
13.038666
12.043297
21.057104
24.009359
20.027766
15.024768
16.007902
13.008828
15.029991
15.000928
19.000928
23.021010
19.005316
15.000928
28.007063
19.010119
24.020232
14.041814
14.022242
21.025133
15.040885
21.002220
22.006777
16.027403
21.000928
27.011319
21.017787
16.020686
15.058091
25.000928
28.006562
26.013228
19.021462
23.005405
13.009587
20.000928
24.000928
12.043888
18.008349
16.043981
29.008754
25.013297
29.000928
15.016780
17.024466
19.007962
24.033565
20.018872
28.012529
18.024515
22.019852
32.015795
20.004282
19.015043
17.010820
27.000928
27.022284
22.015435
16.039174
21.011705
24.012025
22.019020
34.005550
14.015122
19.021929
25.000928
18.012897
19.048370
26.050313
24.009821
32.006170
26.014600
24.016490
26.021276
25.034426
16.017379
17.033131
14.035013
26.015322
32.013399
19.007188
19.032906
14.019186
18.019146
25.028008
14.026564
29.032880
19.022974
18.014815
12.024681
19.035912
21.041472
15.034064
19.032877
14.019512
32.000928
22.015783
17.028531
15.045070
32.012966
31.024663
11.022708
18.057127
18.019218
34.005370
21.000928
22.037841
15.000928
23.014151
19.021804
16.057432
25.018410
22.004547
13.016367
19.026532
22.010859
15.040386
15.039776
40.000928
20.021402
29.048900
17.011146
14.021287
20.000928
15.018147
27.029815
29.012505
14.037427
19.017334
19.036903
19.013775
15.033459
18.038801
24.015322
21.010067
24.053507
22.036145
15.000928
25.000928
17.026932
19.016640
20.015528
23.038390
16.000928
24.008709
27.034419
16.017940
27.005590
39.005651
24.045160
14.007109
14.022683
18.032496
22.045443
