113.000928
44.000928
29.000928
28.016854
24.024306
24.038796
39.012820
20.000928
49.000928
94.004163
28.011071
31.003692
22.012466
27.000928
29.002220
21.048237
44.043511
29.037808
22.000928
16.052803
21.024286
33.000928
30.003552
22.006923
37.000928
21.006728
27.020997
23.028548
43.000928
29.000928
28.044693
21.027379
27.018365
54.005530
29.007782
27.000928
56.007588
14.038074
22.003878
26.029409
44.005150
37.018892
32.000928
18.012259
39.012791
30.000928
30.003552
52.065668
24.005805
45.000928
44.000928
23.009355
44.013949
32.005710
36.006191
33.000928
26.008541
36.003912
24.013905
26.033841
29.033873
18.017863
36.008061
37.000928
65.025968
33.032919
30.006903
22.012738
24.011851
32.000928
36.000928
26.028990
21.017786
41.011999
42.003598
45.000928
16.016543
46.008115
27.025218
35.010261
17.050824
24.043277
39.006077
32.000928
23.051203
34.010241
34.009695
32.029804
24.014529
45.004663
20.006277
63.009473
28.000928
34.002666
28.019031
35.000928
34.010579
28.042522
30.000928
51.009861
51.050646
26.014425
19.000928
29.025021
22.057923
24.009441
24.050538
29.026457
29.012919
26.000928
38.004072
42.023634
30.067678
21.012945
27.005930
40.008509
23.047515
24.038317
44.024146
44.009215
31.000928
33.000928
21.000928
26.027613
35.006790
33.005191
29.006036
22.000928
31.009155
115.000928
28.020916
34.007935
40.000928
23.007875
34.005530
64.008240
34.018510
20.000928
38.022622
46.007543
22.043369
18.064202
17.008689
30.000928
32.000928
28.042106
50.000928
43.008881
23.005670
22.037702
26.000928
48.009647
31.033814
50.010775
22.003752
30.027023
49.026138
24.013129
39.010559
24.010679
40.000928
30.016238
42.010899
34.003758
35.000928
49.000928
23.034695
34.012766
27.006105
25.000928
19.049126
15.009407
20.003772
44.000928
20.008639
41.000928
30.026427
42.000928
22.030656
18.057646
34.007502
24.031562
33.000928
20.052665
