18.013233
9.006756
13.005150
66.009901
21.020532
11.005610
27.012466
25.029797
15.002600
26.003858
11.055844
10.013415
15.016399
52.029737
19.034591
13.016842
12.009967
12.065609
36.016302
15.016562
11.006409
11.005065
54.020699
25.015216
31.031601
37.021196
11.055097
15.011290
14.015161
24.003632
18.040413
10.000928
41.014078
37.003572
8.034174
10.006477
8.025012
21.016962
18.009801
9.017824
14.012303
17.009721
15.024368
12.010741
30.010141
35.028631
18.019696
27.000928
16.020798
26.007869
26.019586
13.003752
47.053777
19.036283
39.021332
17.012404
29.010601
11.036644
12.013044
17.015146
26.014238
17.015277
40.015782
28.025026
22.018324
16.009221
16.024131
22.013996
20.020812
22.040840
51.020318
13.005524
28.062736
21.002780
17.037180
19.026293
39.042147
13.011846
15.032187
22.012244
22.009801
8.035921
15.005084
14.003932
27.011294
11.005605
54.009901
28.037532
18.005190
42.008329
61.004112
18.025475
24.019587
16.018935
22.026709
16.025032
25.005196
11.019667
11.024784
18.016882
30.042352
17.006193
14.076093
12.005316
27.015490
20.043308
39.031725
19.038725
13.014098
54.015600
12.016608
16.025243
21.000928
13.022877
13.009321
21.009781
11.015710
16.036279
24.006862
30.022481
16.019727
11.022176
12.022167
37.007016
13.066132
16.027107
16.016302
36.005915
28.051382
19.037539
24.030136
27.011333
32.015730
36.013918
26.011159
22.020838
18.019012
48.007963
16.019756
22.012496
14.009781
14.025006
14.019814
10.002280
20.020910
28.013778
19.005325
32.058555
19.008267
15.002820
28.038590
13.014449
15.008003
19.035755
12.016302
23.018706
36.027331
13.019829
19.002480
27.005165
33.011621
16.002660
26.021331
26.015736
23.006090
20.000928
14.013387
19.004422
29.010391
14.003752
11.018334
12.005525
17.016262
26.015590
10.017334
12.027190
40.011473
29.006517
12.013557
30.031303
24.030639
19.043022
13.013578
20.021249
26.015110
27.029709
17.018234
16.015803
11.013378
33.008135
43.027999
20.004862
19.013486
49.015300
31.011853
14.015236
32.009541
9.016838
59.008489
20.013818
49.022989
38.007237
18.057856
22.021689
12.010901
22.020678
20.035717
17.015640
22.007588
26.020899
35.013958
31.006737
16.008289
8.068996
45.016702
18.002800
39.021990
42.040457
28.015962
14.040433
21.009493
11.013518
13.003872
15.014848
17.015767
37.011593
13.016282
23.019646
28.020679
34.000928
15.018084
17.012605
16.019692
17.003932
40.012205
30.014668
33.009621
21.024006
24.037182
20.007728
11.013398
12.015215
8.035934
11.024642
15.020638
27.021756
13.037480
25.028535
21.016842
17.005625
20.005925
42.041974
9.037061
