20.000928
26.022836
19.062987
19.010167
15.006557
18.015218
24.010905
12.000928
22.000928
26.031962
25.000928
25.010453
16.014961
12.032335
19.014309
20.004418
15.012406
15.000928
11.011211
21.000928
14.057059
57.056287
14.031475
20.000928
15.031362
14.000928
15.000928
17.004092
17.009061
22.014837
18.004563
15.009033
13.016540
30.048114
49.009021
17.042276
21.016344
18.006357
14.000928
18.015515
19.009807
16.006748
27.018001
14.034387
17.000928
14.007117
16.037354
14.006562
14.004778
14.005970
29.011085
22.000928
26.007543
14.025673
14.014935
14.005070
14.014469
64.011021
14.026744
19.031255
62.000928
11.038266
46.037354
17.008968
11.000928
17.017912
11.000928
12.045297
19.016383
15.000928
12.006677
20.022070
14.015775
18.000928
20.014642
14.035626
17.023403
16.030909
15.009887
20.013883
54.015181
87.011891
20.039236
15.021583
29.032739
18.000928
19.004423
21.007929
46.009301
14.024481
14.008781
14.012591
36.007277
17.024334
27.000928
21.010599
14.055214
14.047937
24.012165
20.078787
18.033643
14.009867
14.014403
19.020881
14.040502
11.000928
17.020678
15.010879
21.067694
80.010689
15.064370
30.000928
16.006997
16.030676
25.007137
13.045198
21.000928
14.012403
17.048105
24.054160
11.007809
28.006217
15.000928
22.006609
17.000928
14.000928
20.000928
16.000928
18.047512
39.032121
34.009427
20.011031
18.007517
19.038606
21.008289
17.016781
26.000928
27.011218
15.064218
12.017473
33.000928
13.016148
14.010447
27.046434
29.032070
19.005330
14.062247
17.000928
71.022244
15.002400
14.012800
28.006269
20.002300
18.013570
14.008508
15.006597
18.034931
37.005545
16.008335
15.006657
13.024157
15.004072
48.011059
22.000928
19.007017
16.024593
14.055023
13.018762
18.024209
27.004132
123.017706
16.019846
25.000928
26.018568
14.008288
14.032732
15.011665
18.026460
19.011891
12.000928
16.021234
16.025100
18.006445
23.007123
15.017870
25.156128
18.024216
18.017725
62.000928
22.000928
15.000928
17.009753
21.010405
14.015627
24.018028
27.005570
20.008755
25.016180
33.003532
13.055263
24.051976
14.036684
14.049722
14.050582
17.000928
16.010359
13.030252
27.000928
24.000928
17.038735
24.005636
24.023634
24.017080
14.031215
19.013649
24.032479
15.000928
20.007351
17.012171
26.000928
21.000928
21.010779
13.018894
24.020364
16.008569
18.000928
18.029658
12.010021
21.033450
25.013763
21.002806
17.007097
13.009847
15.015715
19.005465
18.008422
31.054326
17.009635
11.000928
16.006997
20.005911
19.013608
14.034697
29.043345
14.020476
14.012572
15.000928
22.011405
15.027946
13.012645
20.007103
19.016061
24.013875
19.062603
15.000928
13.043191
24.033112
20.000928
24.000928
