43.003892
66.019472
146.036059
53.018760
74.003592
58.019512
103.026342
42.005650
29.065949
45.010049
80.018760
53.006956
39.008389
41.009201
32.011734
33.038711
34.037076
44.022330
25.027094
22.028819
53.017478
52.008821
34.003752
64.019556
29.009661
38.027485
34.030195
34.034544
41.013066
42.012891
54.005770
41.019940
69.006663
34.000928
44.010781
32.044156
38.023031
40.066514
39.007088
30.017113
50.013726
61.016990
82.014810
40.006375
57.012309
36.019760
25.026171
280.047517
31.025525
27.033454
85.000928
38.040918
51.017390
39.012886
47.062294
34.036837
57.020000
32.012551
33.084342
39.040123
50.006717
33.043067
31.013386
43.009189
115.024639
56.019492
39.028704
35.030097
50.015402
64.012874
30.018620
35.022650
35.020212
221.023255
55.010561
37.038958
41.013046
42.027347
49.034791
45.026351
64.024227
31.024007
47.000928
35.010361
33.013878
87.026707
114.026839
57.025277
29.014788
31.014024
27.012626
69.013666
29.014456
59.022091
25.009181
45.021732
130.027997
44.059764
81.013106
22.025631
35.015356
29.009501
50.010434
39.014736
24.014236
33.018110
30.023153
47.059506
23.021714
49.018686
54.019109
