19.005765
48.005325
33.010173
19.020826
24.016107
25.010913
33.052167
30.004643
234.005605
22.028622
29.029547
12.016399
17.000928
19.003732
34.004563
24.005505
19.003692
24.012027
14.008963
14.005925
23.017161
16.003972
33.005205
39.005525
27.011433
20.029211
13.016668
32.003572
23.003852
14.021704
19.003912
19.010359
15.071532
32.002340
15.011107
17.037233
14.018372
19.008877
14.016095
13.005725
31.006816
22.012905
27.007150
17.026360
19.024268
24.051261
19.056694
30.050292
19.015665
19.008101
18.015967
22.015449
21.016008
15.013075
19.006857
29.005185
23.017447
25.004642
19.000928
24.007407
20.019391
29.018133
13.003532
24.003632
23.010147
25.004343
24.005485
17.005185
40.013397
14.033754
24.020089
25.003732
19.005345
31.000928
11.004184
19.013691
15.003952
19.000928
23.016173
