107.016084
14.010999
14.044244
14.007029
19.046160
14.038512
14.054243
14.009293
15.004442
23.044288
22.020844
22.015287
22.020318
23.013557
16.033493
14.010299
15.016263
24.006597
28.013183
15.015091
18.088790
14.037641
19.037312
19.010833
19.013951
16.000928
18.020327
19.014745
13.025500
11.017762
24.043334
19.000928
22.011565
15.006876
20.000928
15.011725
23.003190
22.037888
14.024808
19.028709
24.016165
20.007349
41.016222
12.012683
23.018968
24.009171
15.014876
24.047523
13.033825
24.027852
14.037050
14.034351
19.042480
14.049676
19.017325
24.023982
14.011079
16.000928
22.040586
16.017409
17.038296
27.010999
19.011099
29.016347
32.004112
28.040067
14.041654
20.003912
19.004182
18.007203
19.029159
23.000928
28.019842
22.003632
13.047836
15.003752
13.082714
16.008409
24.000928
17.010599
14.071432
16.014675
20.006916
21.027499
37.005245
11.010885
31.004462
21.003992
156.005365
23.015507
19.008155
25.027394
15.062795
36.067706
15.023088
14.014961
14.006928
14.039850
14.024674
24.041472
20.004905
27.005665
47.021471
13.065199
15.000928
22.022912
14.034446
18.005305
16.003772
19.006956
14.009721
20.005625
16.008315
25.014922
29.010167
14.007401
21.011952
17.032074
14.016081
14.032322
14.020850
19.015082
19.028557
19.044097
14.012737
14.009767
19.042834
15.005525
13.021902
14.045681
14.003638
14.009441
19.013924
14.061632
14.036957
19.010659
19.023887
14.025080
21.000928
21.011225
20.015229
19.006648
18.056037
30.046569
24.005871
26.016050
24.004052
18.003612
18.018266
19.009022
14.014169
14.009235
19.008703
19.015696
17.008569
16.022202
15.006977
36.012918
18.000928
27.005790
24.010407
15.006397
22.008075
30.008535
21.006677
18.004048
22.045508
46.000928
32.019720
45.022122
14.055979
24.043531
16.007182
22.029809
14.046485
19.058749
19.017258
14.042588
19.018100
14.030535
14.024560
24.029922
14.042361
19.017268
14.034079
25.003592
23.023230
19.011321
14.034092
65.004322
23.019506
14.020547
29.017129
20.006697
15.012985
32.012397
17.008369
16.037595
19.030382
15.007243
18.009609
19.027004
20.003612
18.024064
19.047843
19.046080
14.008194
19.020678
24.006902
19.044732
14.040042
15.008655
19.003792
38.039120
19.013297
14.027302
20.003832
20.021234
14.014871
27.007322
14.007875
20.013141
29.006476
34.008063
23.016435
11.009069
24.011147
17.010753
24.010559
19.008881
26.006857
17.009447
20.009413
13.045516
19.008528
24.039116
30.002726
22.023962
27.012625
15.019842
16.036789
24.024767
34.009567
14.028102
27.006734
31.009947
19.010810
16.000928
25.008461
20.006588
30.038457
31.006977
14.014283
15.017913
16.030189
19.022842
43.005745
38.015519
24.008749
104.005565
26.056895
19.030012
20.006957
23.007009
