108.004282
13.034477
12.007937
14.035252
12.014489
9.010833
14.011693
18.020990
19.045587
9.037907
21.032123
8.005560
14.007984
26.018393
17.006536
18.010663
19.041516
19.017962
19.061663
21.014357
12.049261
16.023128
17.034545
19.017420
23.002646
36.018133
14.021656
9.010012
24.004583
9.009267
28.021226
19.014289
10.010060
18.006255
14.053775
15.004562
23.051328
16.002600
18.012643
39.021258
15.021784
30.012605
17.003552
15.029095
12.017467
15.010813
13.041774
34.006988
19.045224
10.029016
17.017461
25.050042
19.046520
14.016713
21.012666
24.018723
12.017462
26.040130
12.036063
14.004098
15.011981
8.044524
14.054445
16.051383
16.000928
60.034090
14.024706
20.036886
12.021524
20.039649
14.055153
11.039707
12.023816
14.058371
14.052173
14.008223
19.045856
9.018353
14.048760
10.008369
13.005590
26.102678
27.030891
14.045531
21.066652
17.038004
14.011419
15.011291
20.013245
22.021448
12.019992
12.003632
16.019112
21.044842
18.004093
15.038733
19.016646
10.012140
9.019058
13.038502
14.006948
14.022142
14.033703
14.032893
19.011165
14.015170
9.006923
14.008034
26.007076
8.014938
38.023960
14.029096
19.040306
9.057131
19.012059
29.052623
11.022766
19.014403
28.035121
16.004072
19.016334
11.011105
20.004502
13.012171
14.011391
14.035199
12.013125
17.027872
23.031594
15.011866
13.017906
14.043662
19.011001
20.005910
23.010525
14.019437
19.010055
14.015661
14.031510
21.047081
14.013665
12.043583
14.036802
14.038094
