107.016037
23.012311
35.038135
49.014223
20.003852
14.018294
24.007529
29.000928
32.007969
31.012385
21.018500
16.019750
20.009601
22.025858
20.006497
41.010030
100.017980
32.010301
28.005265
19.009721
38.014757
25.012757
16.005645
12.006417
26.010873
31.007023
20.014426
22.010815
15.026884
72.008329
17.014666
19.006937
28.034737
20.010201
28.012677
25.003552
24.003972
26.011949
27.007097
29.005765
27.008269
41.009983
49.004985
103.061327
19.015822
12.012643
47.007297
39.004052
24.016473
14.011703
19.012945
31.008369
49.005004
12.008149
29.010551
23.031967
14.026261
15.011079
21.008069
51.030065
14.029762
15.017420
23.024805
19.013099
36.005385
38.007597
19.007317
24.004825
24.007317
24.019702
17.010041
26.009701
48.017583
25.020122
19.011070
21.008129
22.010041
31.007562
47.011463
23.007042
30.006696
34.009941
29.009447
24.010813
26.008209
26.004678
30.005625
24.005910
26.006343
32.006877
19.009303
30.010913
18.009821
14.010467
25.010161
23.005601
21.009121
27.019287
14.010121
29.005284
19.005485
20.000928
29.009201
73.006957
23.018420
18.006277
36.008349
24.005344
28.013663
15.009501
64.005044
26.008409
23.009741
37.017699
40.009407
26.008469
37.006777
23.024822
17.005564
16.010958
137.008229
24.008229
27.003852
35.027763
13.011823
26.008049
22.009121
24.004092
34.012827
18.020590
20.009501
24.007989
34.007969
26.008009
27.004092
31.009143
22.006377
21.008649
19.017842
17.010701
24.008719
33.008515
35.008289
25.002440
25.014985
22.009329
19.010321
34.009661
19.007097
24.011719
29.004092
24.005025
41.018408
32.011603
23.011619
25.005424
25.009661
33.009421
44.003652
63.033605
22.021524
17.009941
20.015495
25.008269
13.003832
30.012425
26.010299
46.008589
28.009761
23.025608
32.008909
25.021936
21.006337
24.007803
33.006762
24.024794
