54.030395
29.024940
37.006963
25.007623
18.019632
20.039419
19.009406
18.019592
13.024443
15.041655
21.009707
26.020318
20.027317
12.032753
20.024294
21.032455
18.020929
15.056207
53.022361
14.026952
15.027951
21.002800
29.019564
19.017619
36.027912
77.019206
20.020810
26.023248
39.021452
17.030961
28.007669
57.003912
16.002300
11.047453
23.000928
26.013637
22.013511
15.021547
13.027885
24.012191
50.011105
19.015895
30.013478
25.006710
40.017712
50.030225
19.031101
24.002906
20.073785
23.009901
15.019306
24.010387
12.031141
11.033971
23.035769
10.040646
13.002820
32.044708
22.029829
17.019866
22.016709
13.041818
23.011885
23.041578
16.015701
23.003992
64.019391
31.014937
13.050083
30.021930
18.026840
25.023268
21.003592
26.031019
13.023734
40.025986
12.003832
22.017022
18.020120
14.053871
50.009861
15.003010
21.008795
31.019657
21.014855
16.021365
12.011793
50.044308
21.006637
13.048030
11.032913
20.055073
17.027066
19.028042
22.025332
29.036932
30.027661
33.012253
20.027521
19.025970
16.009421
18.020751
14.042365
27.039564
19.036635
43.032534
21.033045
15.026880
15.020604
56.031693
31.024521
39.000928
26.013377
11.046800
35.020666
25.015268
48.007137
13.017063
14.039108
23.000928
19.006889
31.025426
36.007237
60.009027
110.019444
13.052911
26.028045
24.031146
24.008629
14.025964
15.012328
18.016105
22.044690
51.039554
14.015781
11.029097
45.038799
20.032009
44.005445
12.022688
46.048670
16.039260
