24.005170
17.034675
36.017015
27.051431
31.004032
82.021663
41.000928
25.026813
22.005085
18.007282
25.010561
23.035117
29.017262
19.008901
19.018585
19.029539
19.029516
25.004132
35.010639
29.008475
22.009075
24.007702
47.006977
38.020401
24.005805
12.011201
38.045926
22.023779
46.025992
15.007789
14.014199
15.012191
18.003652
18.012275
27.005265
27.003126
20.014185
33.005510
13.014984
16.068750
23.000928
18.008088
27.013838
14.026473
29.009048
16.015764
46.018397
25.008561
31.010887
35.003952
24.009761
18.011859
26.000928
17.013243
51.023269
28.009441
33.031593
25.004072
24.013085
25.003712
52.008280
31.017035
23.006783
27.005190
20.005396
20.003752
43.006889
18.004098
27.038508
17.007975
19.012811
25.011830
13.024948
16.024181
23.011439
19.003346
13.046826
18.011799
35.005511
24.006982
16.017155
23.002800
15.013823
32.008861
26.001762
20.020464
20.005430
30.038740
20.021656
29.003572
19.009641
33.007453
20.009081
85.013245
24.008515
32.024958
24.020466
44.005510
15.004072
18.023302
19.026739
55.009369
16.012551
11.047377
16.026980
40.016513
21.012019
12.028442
15.015416
50.011565
35.010247
33.018764
29.016259
22.026549
26.019990
19.022610
16.026553
28.010321
29.003672
13.051087
29.007586
14.047393
62.025635
17.006717
21.025675
15.021083
18.007729
27.000928
21.011619
16.006948
24.006802
19.019606
21.005730
14.006657
24.000928
13.011339
19.008529
24.003952
19.009841
18.020099
33.015217
36.005065
24.007889
70.000928
22.008481
14.031482
11.026825
18.009741
54.003932
18.006010
26.005530
28.013877
28.020368
25.000928
37.012619
15.024829
20.014283
108.022474
20.009861
19.012625
18.066228
