19.000928
23.006556
25.047202
17.069631
20.005635
18.078972
17.012671
21.009807
26.032156
21.021836
26.005285
19.000928
21.005504
19.005364
24.000928
26.023766
26.019240
28.004092
19.008189
24.000928
18.012717
25.010587
12.028386
46.000928
17.025176
20.005490
26.005284
42.007117
39.050404
23.018744
26.008349
19.000928
22.010467
19.021642
30.008769
114.004602
21.007729
18.000928
18.005544
15.018180
21.002800
16.013917
39.008559
17.030421
17.000928
21.065860
15.006662
12.046787
20.014697
15.041346
11.061537
18.000928
34.005165
11.048872
16.017062
31.017661
21.000928
20.018747
17.017693
18.008229
27.016356
17.000928
20.012393
35.009452
24.008400
13.002780
14.035913
57.008149
31.006968
