14.025945
13.005364
8.013813
9.047314
15.005145
13.025930
9.033140
29.016494
10.009601
13.008215
9.014023
15.006682
8.034279
9.018157
6.009441
8.004112
10.000928
7.038653
14.011125
11.016942
7.056665
7.009609
11.064008
10.011253
18.039223
9.008248
11.000928
12.030607
9.055008
9.032301
20.000928
11.005151
13.006817
10.002260
14.014261
18.011985
19.008249
12.046543
9.025700
10.007802
8.033863
10.005690
10.003852
18.021392
13.015201
9.030343
19.007122
14.019358
31.013319
12.033296
14.009673
19.018660
14.015996
14.016460
19.011245
9.037419
9.026989
19.057611
14.047814
14.058394
25.002286
13.027952
16.000928
22.044796
15.004012
33.028981
14.035087
19.032367
16.000928
32.035109
14.041494
24.035379
24.047333
29.008869
44.034741
