13.000928
8.030281
24.005770
14.051987
9.061847
15.011948
13.049968
8.017860
20.010321
29.014209
17.000928
17.010241
8.057145
22.000928
34.000928
21.009861
16.000928
10.017940
31.037345
12.000928
11.008775
24.014109
17.000928
9.000928
27.009301
18.015476
17.007103
16.012249
9.037046
10.010921
13.062810
26.000928
17.020504
24.039076
14.044716
16.005525
18.007163
18.012593
11.000928
18.003066
16.000928
27.004012
50.000928
29.000928
22.014705
25.008201
23.010027
24.035769
15.000928
18.031071
29.048688
18.008190
21.000928
38.024029
