37.015947
12.000928
9.021404
23.027733
10.019718
13.026943
14.035193
13.024310
9.013225
9.009941
8.026365
15.000928
12.000928
10.028947
14.013515
14.030808
14.036894
14.022530
22.000928
11.076517
10.011379
8.028771
19.014743
14.024728
24.015355
10.010033
18.052319
19.020131
10.009567
23.011105
24.009487
14.017833
20.005437
23.037841
14.029767
39.006983
19.028891
9.025108
14.048025
19.046791
39.015641
19.010113
44.024246
14.050727
16.011279
27.016221
19.007223
24.018418
25.004442
23.047351
29.011541
24.032246
24.030488
14.018845
24.028278
49.034449
39.014881
