5.007753
109.008715
9.007463
9.005130
5.011319
13.010899
9.010879
19.006642
4.007262
4.008855
19.009967
5.006863
5.006643
5.006856
9.005545
5.000928
5.009580
14.006422
14.008995
14.005690
4.006642
9.006863
9.007123
9.007363
5.006682
14.006783
7.008295
9.006642
24.008755
5.006742
37.008495
14.005165
4.008555
9.010859
19.000928
5.008295
43.006777
9.005305
38.013697
9.011705
12.005305
9.006842
5.008755
15.014589
9.019706
4.021378
5.006757
19.005364
9.011739
14.000928
5.008835
5.007223
24.011279
5.008295
8.007243
19.007343
9.006502
38.006443
5.011739
5.011850
4.008575
8.005350
9.015384
5.008335
13.008174
5.008174
5.018106
9.011113
5.006556
13.012997
4.023661
9.020859
5.007262
9.005405
8.010013
4.014383
5.006796
13.016107
5.006796
5.008635
5.006943
9.010267
9.008895
5.009967
19.008695
4.010579
18.008595
10.008255
8.006637
5.007103
23.006483
5.006642
13.008515
19.008115
