9.003992
4.043473
7.029502
4.016027
4.039254
4.060632
4.028865
4.057680
4.020030
4.053769
4.078121
4.023752
4.065001
4.045403
4.048223
4.081738
4.050917
4.020805
4.058949
4.023835
4.043924
4.043721
4.012632
4.019720
4.022302
4.046242
4.033227
4.033486
4.036500
4.040761
4.063361
4.023706
9.021224
4.041973
4.018330
4.033915
4.009195
4.022914
4.072435
4.008873
4.028431
4.050541
4.018246
4.046433
4.057786
4.011417
4.038140
4.029219
4.026674
4.029239
4.038285
4.015262
4.039108
4.049906
4.056247
4.061907
4.065646
4.015687
4.033601
4.056565
4.070627
4.023670
4.057471
4.015364
4.037098
4.017194
4.025254
4.035552
9.009413
4.065688
4.066475
4.034174
4.050096
9.021652
9.021684
9.050249
4.040801
4.028807
4.036530
4.050201
4.032689
4.048269
4.061648
4.017945
4.049907
4.020198
9.027105
4.058356
5.022782
8.042587
4.041727
4.025774
4.047235
4.040914
4.039056
4.031490
4.030987
4.050871
4.015002
4.023009
4.029843
4.049330
4.032558
4.055365
4.061783
4.030372
4.061155
4.019565
4.045451
4.069805
4.029171
4.062055
4.044992
4.029703
9.025797
4.053951
4.038109
4.018640
4.039488
4.015613
4.010660
4.011571
4.049151
4.013187
4.008035
4.007063
4.007003
4.011319
4.012191
4.036468
4.053227
4.037884
4.038746
4.005270
4.044234
4.022931
4.024473
4.023709
4.080958
4.024579
4.030461
4.034842
4.044521
4.067557
4.033639
4.060407
4.058472
4.051790
4.008707
4.065385
4.059220
4.023434
4.043431
4.030675
4.036428
4.053945
4.018412
4.069971
4.022132
4.067148
4.030086
4.010459
4.077312
4.036952
4.051081
4.018235
4.066539
4.066665
4.079916
4.018189
4.060466
4.043770
4.070101
4.046407
4.049031
4.054857
9.024160
4.069756
4.021990
4.026605
4.025413
9.023422
4.044252
4.030167
4.028141
9.005191
4.065038
4.014443
4.027865
4.019298
4.028844
4.046876
4.038976
4.058361
4.021476
4.043255
4.048630
4.019112
4.047939
4.041879
4.034405
4.009725
4.045143
4.025846
4.043326
4.031159
4.020530
13.022186
20.037216
4.029824
4.043551
4.054958
4.046327
4.061415
4.059626
4.029735
4.039462
4.042599
