7.008953
18.003612
14.005624
15.007269
11.000928
8.010373
5.004544
8.006217
6.003532
7.012145
9.020884
4.005805
12.008255
8.008029
6.013157
10.005085
4.019566
18.011227
5.011733
18.044484
19.012583
5.009700
6.003672
17.006403
6.000928
6.019404
7.000928
3.025773
18.005224
5.025140
15.000928
7.009779
5.000928
8.005125
4.014685
6.006395
3.019286
8.013495
13.018402
12.003812
5.005164
8.010613
6.015941
10.000928
5.004484
8.005104
4.004424
24.014815
6.000928
3.028943
10.011545
7.000928
4.017080
4.019346
14.005585
8.017308
9.011045
7.004104
5.004104
5.011059
6.000928
8.009821
5.004204
13.011655
5.005730
24.036406
10.003792
5.004628
3.005544
7.003932
5.003612
13.009461
4.005484
6.004004
6.021564
6.005205
10.003852
4.011939
4.011199
9.011523
3.015875
13.000928
5.003898
13.006537
5.005304
8.007176
13.025977
7.004012
14.003884
5.003892
3.004904
5.002566
3.016562
4.004204
4.005721
4.005084
6.062307
6.012345
8.012925
9.005444
5.008229
7.016660
5.010533
5.003572
10.003632
10.006662
5.027204
5.005184
5.003712
12.008135
9.022789
15.007909
15.005524
13.008289
5.004584
9.007949
4.003892
9.003612
8.021458
9.007702
10.005304
15.007869
3.015651
13.002506
6.003944
6.003624
8.003592
4.007949
11.000928
