19.008495
7.017100
11.000928
28.000928
9.009521
9.005125
5.011114
20.009601
12.008269
5.015266
4.010041
6.000928
25.003738
6.000928
6.000928
30.011225
5.008149
5.010681
7.032191
10.006557
5.011393
5.014836
12.004592
5.012566
33.007497
5.015870
14.000928
14.015170
14.003812
19.012185
13.012493
14.011405
14.005605
14.006677
10.018054
18.007569
30.017392
5.005625
7.011953
5.014836
77.011499
15.012431
5.022123
8.009687
5.015070
5.023263
11.006963
20.006257
5.015170
14.022056
22.020564
5.006537
20.002766
14.016391
9.014198
8.013783
5.015456
18.006457
29.012065
9.011653
9.007177
5.011019
12.029367
15.007557
6.008149
27.002386
5.015170
22.025942
10.002500
5.017574
8.003912
10.003878
14.033257
16.003612
41.009875
5.012526
19.013938
14.014418
8.011999
9.012466
24.014022
5.017002
7.003858
5.010813
