34.025134
35.003992
18.017494
14.006937
30.023272
36.037390
21.018134
28.013091
24.027616
10.015109
9.016462
19.015409
9.022370
28.006603
9.010653
27.059403
6.013607
9.018884
9.013484
34.024754
14.015615
39.022210
9.008475
19.013359
15.017852
5.012405
31.004092
14.009241
15.013883
14.015121
19.013986
24.018214
14.008249
38.027552
5.015149
18.009921
4.008849
15.019090
14.016722
14.019252
10.004112
6.023846
10.019051
5.014283
19.025394
24.022068
9.019486
14.021694
18.012651
31.017142
5.011846
6.000928
5.013917
34.014187
9.010939
14.006777
24.015170
13.007789
6.018554
5.013989
22.015549
19.015061
10.011443
7.020766
29.006723
5.015789
