3.021315
3.009027
3.005125
3.005045
91.021579
3.005190
20.010807
9.037440
3.009721
5.030960
3.025176
18.000928
3.009441
3.006005
3.023209
3.007583
11.005325
3.022334
3.007063
6.000928
3.025348
3.005911
11.002646
3.036735
3.007943
10.014889
3.002300
8.011965
6.005636
3.003772
20.013383
3.004032
5.020736
3.002580
8.000928
3.014044
3.002720
3.005571
3.002440
11.011499
3.009945
3.002280
8.000928
16.009961
3.011887
26.005305
3.037655
3.007835
13.000928
12.005825
3.012151
3.008755
3.014259
7.004402
3.014775
3.007655
7.058215
7.014200
3.004333
3.014643
17.010401
3.019260
3.007535
2.123906
3.005765
3.016721
3.018041
10.059474
3.011181
31.000928
3.016296
3.009721
13.000928
3.011833
3.006863
3.055301
3.044187
5.020756
3.010149
11.005445
3.018800
3.009385
5.021612
3.013379
2.025121
3.005005
3.069142
3.012519
5.029975
3.017307
3.000928
3.006723
3.005045
3.025570
3.017387
8.000928
7.000928
3.007617
3.015024
2.051820
3.012747
3.068848
3.008083
16.005905
3.021933
7.006663
6.019736
3.007403
5.030743
3.007595
3.012425
3.006137
8.000928
3.027281
3.008189
2.027307
3.005385
3.017083
3.005065
16.009549
3.017807
3.006843
15.017205
3.017627
14.000928
8.000928
7.000928
3.011139
3.017107
3.012065
6.021170
3.007263
6.009541
3.028570
3.007363
16.007583
3.013291
3.014557
3.007743
3.012191
3.007203
3.048282
3.009661
3.026607
6.012957
3.007675
3.000928
3.000928
3.005785
3.033155
3.009601
25.009847
3.006997
20.014093
3.018940
8.005725
12.000928
3.019180
3.012359
6.000928
3.038065
3.013577
7.068728
3.005485
3.004293
3.064402
3.006777
