6.005613
10.006822
6.000928
6.000928
22.003832
6.000928
21.010147
5.015030
9.003752
8.022784
5.011653
6.009921
8.012721
4.019620
6.029763
6.010713
12.032035
11.006657
14.014017
11.006557
10.011011
5.013425
4.011985
6.000928
8.005945
6.010673
6.010181
5.011843
6.011865
4.023220
13.028465
4.006477
7.012225
7.013557
16.007103
10.008449
6.007969
9.000928
12.003772
6.011073
10.016630
10.015023
6.008109
5.009721
5.005570
11.008249
15.011113
5.008489
8.039303
4.044616
5.008149
22.008149
11.028633
11.010713
8.016521
9.005516
6.011553
5.006497
8.027079
6.013378
14.020845
3.037115
4.030916
8.012165
9.003512
6.008295
5.023760
15.014639
5.009235
6.009441
7.008055
6.006377
21.005545
4.012771
6.009581
5.007729
9.028631
18.012359
13.013465
6.010195
5.027917
5.011439
6.005125
3.017587
4.014809
9.005065
9.010973
3.043474
6.009501
5.012903
6.009601
4.013683
4.017906
6.007889
6.009501
5.003612
9.009833
6.008609
10.019684
5.008185
5.013117
6.013997
16.017975
6.012125
6.015441
5.009201
6.004905
8.013937
6.008169
8.039717
3.013691
6.000928
9.012985
16.013851
6.014117
4.012523
6.018019
6.013778
7.018106
10.011553
6.011153
5.010693
21.018227
8.019449
5.009315
5.010541
6.007849
4.005125
7.039577
4.013884
6.008921
3.023702
4.006397
8.011579
9.007869
8.022164
