3.018696
3.040276
4.030969
4.002220
4.002220
4.010386
4.005610
4.008960
4.009659
4.002220
4.002220
4.009733
4.002220
4.005030
4.007462
4.008080
4.002220
4.008808
4.030591
4.002220
4.007162
4.045439
15.005225
3.029098
4.008601
4.012191
4.009815
4.008215
4.010705
4.013481
4.005370
4.007922
4.011759
4.008455
4.007888
4.007382
4.006848
4.013246
4.025492
4.018907
4.006649
4.005830
4.008974
4.005910
4.005310
4.025772
4.006928
4.016243
4.005670
4.002220
4.006030
4.008694
4.007522
4.009913
4.050186
4.008028
4.007781
4.012597
4.010526
4.008052
4.009773
4.016588
4.005770
4.010640
4.008348
4.038244
4.026880
4.010133
4.049711
4.005290
4.008808
4.020511
4.010001
4.008928
4.002220
4.018786
4.035099
4.005430
4.008542
4.008627
4.006928
4.035957
4.005150
4.007022
4.014357
4.005910
4.044322
4.009815
4.005210
4.019299
4.007522
4.017519
4.005890
4.009513
4.008008
4.007262
4.007628
4.005390
4.027406
4.007468
4.006309
4.053888
4.005810
4.008081
4.007303
4.014803
4.010361
4.006010
4.015795
4.012165
4.025097
4.011911
4.017053
4.013191
4.005410
4.008003
4.007342
4.016438
4.040984
4.005570
4.017933
9.013934
4.012139
4.002220
4.014549
4.044626
4.042308
4.006130
4.009355
4.006049
4.006496
4.006649
4.008154
4.044018
4.015278
4.005270
4.017465
4.005930
4.009399
4.043194
4.007088
4.008780
3.007036
5.007114
4.016953
4.039428
4.006988
4.005691
4.002220
4.015201
4.007895
4.010700
4.022118
4.013251
4.005730
4.045292
4.008120
4.035831
4.005550
4.007622
4.008795
4.007242
4.005170
4.034512
4.008181
4.011221
4.012953
4.006390
5.008120
3.067687
4.047718
4.040750
4.035959
4.010926
4.010485
4.050881
4.019707
4.055225
4.013349
4.016149
4.042213
4.027211
4.008415
4.007628
4.009055
4.007868
4.008061
4.014371
4.027499
4.007408
4.009388
4.008428
4.010139
4.026305
4.008168
4.015075
4.005710
4.017676
4.007842
4.002220
4.005670
4.005496
4.005070
4.008528
4.006310
4.012600
4.010365
4.006408
4.013278
4.005750
4.008121
4.027480
4.009666
4.008422
4.007822
4.005470
4.006050
4.014524
4.044750
4.028292
4.009700
4.006050
4.051369
4.005390
4.045251
4.014163
4.008988
4.045660
4.006130
4.055085
4.055415
4.007088
4.007102
