5.000928
12.015009
44.006437
19.010561
16.008089
4.013929
17.000928
5.000928
8.019337
16.013231
6.008895
12.017934
4.028302
9.012785
12.012233
4.008329
5.021418
13.015109
14.006857
6.015761
10.020648
16.020798
14.011825
6.005225
11.006643
15.013277
29.003532
14.013688
5.027619
5.012423
8.020083
9.013085
14.000928
29.009932
13.011533
6.000928
4.032193
6.006863
10.013855
6.025917
7.012895
4.042868
10.013341
9.000928
23.008489
6.000928
4.025586
8.014975
14.005765
8.013311
9.025390
6.003918
4.029531
3.019278
13.018542
14.010953
5.016648
13.010853
11.017834
4.031903
7.011333
5.018579
8.011673
15.000928
9.041174
8.012063
5.002326
9.000928
28.011573
11.017914
6.006091
6.012645
8.022696
6.000928
7.024322
9.035150
10.009890
9.017035
8.011433
10.006197
8.010547
14.008989
5.007743
8.010773
5.000928
12.022923
7.011933
6.009255
12.013577
8.015817
23.028433
6.000928
5.017892
6.013797
11.011673
9.016993
6.003898
8.011533
8.025308
7.011353
5.032301
9.005505
13.013133
5.000928
8.014455
6.014869
6.009195
10.011245
16.015247
