3.028619
3.037228
3.037761
40.023752
3.036899
3.026447
4.009761
3.039779
3.027730
3.045307
3.038620
10.014663
3.032663
20.027591
3.038399
3.029240
7.006537
3.043972
3.046363
10.014956
3.034701
3.066127
3.025899
3.022261
3.065724
3.061438
3.036622
4.011599
4.010161
4.009687
4.022057
4.024480
4.028045
6.017194
3.034463
5.011433
3.032167
17.051034
4.016197
3.027759
3.054143
3.055464
8.016836
7.010913
3.048018
3.035167
3.016468
8.055564
3.025858
3.033362
3.048894
14.023709
12.026192
7.014644
3.042245
3.016328
3.027551
3.026505
3.073724
3.027672
5.010047
3.038520
4.023730
3.037670
3.034146
3.031050
3.052695
3.045789
25.009647
3.037904
8.034551
7.014243
3.041507
3.039612
10.016977
3.030613
8.039371
3.022871
3.057338
3.048171
3.027282
33.012611
4.009721
4.009541
4.014157
11.040125
3.029444
3.034997
3.023190
3.020169
3.065905
3.057356
5.009581
3.037401
3.034422
3.024932
4.015237
3.052429
3.029811
3.052604
3.000928
4.009701
8.009141
3.032770
3.067930
3.050928
9.032266
4.037953
3.010121
3.038287
3.034641
3.057832
3.021262
3.029325
3.025732
7.039997
3.022044
3.021331
4.009721
3.023703
3.042330
3.047846
3.056345
4.020054
3.065619
3.030025
3.038299
3.050503
3.049126
3.013100
3.044724
3.036316
3.039722
3.020350
9.009621
10.024540
3.059094
8.017294
3.019546
3.027294
3.039215
3.020624
8.019992
8.021802
3.030693
3.066275
3.028014
2.049265
3.033812
3.039552
3.038500
15.016800
3.035493
9.016599
11.014810
3.071157
3.041322
5.012405
3.044413
4.016402
9.021476
9.020710
13.021756
11.024156
3.019000
2.078702
7.015983
3.038252
13.018106
3.041939
3.030177
3.048274
3.050219
23.032947
5.020012
3.010439
4.011179
7.015551
3.066980
3.033401
15.013608
3.050097
14.008169
3.025847
4.010001
3.017420
3.023443
3.057528
3.032155
