4.010946
9.003833
8.002300
4.005105
8.029456
4.014024
4.012351
4.016768
4.013043
4.013957
4.017992
4.021790
4.017207
4.013431
4.017446
4.023946
4.008641
4.016247
4.014137
4.007975
4.016999
4.026303
29.015225
4.009887
4.032966
4.005371
4.013131
4.021530
4.021698
4.008415
4.014615
4.019319
4.024374
4.013483
4.013137
4.014423
4.013829
4.017960
4.009320
4.017008
4.015095
4.017782
4.043809
4.085371
4.019484
4.025201
4.006602
4.013891
4.012751
4.018161
4.010113
4.016427
4.012083
4.026014
4.012279
4.016001
4.008235
4.026669
4.021444
4.011359
4.015557
4.061169
4.012703
10.006677
4.005525
8.009767
4.045180
4.015521
4.017328
4.033191
4.013251
4.015277
4.012005
4.013723
4.015776
4.025178
4.010979
4.016361
4.026700
4.011571
4.016155
4.024254
4.028031
4.049189
4.014849
4.025566
4.017639
4.015328
41.002740
4.038281
9.002320
12.042855
4.023928
4.027478
4.028411
4.021414
4.027043
4.017353
4.011219
4.012137
4.015023
4.012335
8.015117
3.026787
6.030982
4.011285
4.019317
4.014351
4.023970
4.007522
4.023237
4.014355
4.014343
4.023258
4.009567
4.012711
4.022776
4.012633
4.035814
4.014170
4.011131
4.015982
4.019346
4.018034
4.029063
4.015675
4.035913
4.014699
4.030468
4.011619
4.013437
4.020184
4.073308
4.042865
4.016279
4.025786
4.022993
4.024414
4.017806
4.024646
4.015481
4.032824
4.014489
4.062123
4.019198
4.011765
4.019492
4.015895
4.012871
4.023104
4.018964
4.023548
4.011065
4.029078
4.028048
4.015555
4.016415
4.018818
4.011025
4.029889
4.013529
4.027339
4.080164
4.018533
4.027087
4.012937
4.016133
4.013823
4.010661
4.037201
4.025402
4.016007
4.008575
4.008395
4.018964
4.016501
4.029325
4.011185
4.034483
4.019926
4.017488
4.011039
4.017939
4.044540
4.009493
4.016265
4.016059
4.015589
4.013271
4.021602
4.017293
4.012485
4.012651
4.021430
4.014955
4.028245
4.014603
4.011539
4.011479
4.013317
4.026846
7.010905
13.017957
4.005465
4.046943
4.005645
4.074094
4.005225
4.005565
4.005265
4.005145
4.016168
