7.017945
3.004193
3.000928
3.007915
3.005345
3.012611
3.007809
3.003893
3.008389
3.008009
3.011417
3.008989
4.020944
3.009927
3.008749
3.008489
3.009639
3.008329
37.012225
17.002220
7.027629
3.005385
3.005585
3.015107
3.008135
6.031595
3.021576
3.004073
6.024122
3.012165
3.004073
11.000928
3.013177
3.005745
8.020484
3.027265
3.005245
3.023888
3.007197
11.020570
3.014664
3.005105
10.015129
3.019630
6.027759
9.000928
3.018334
3.005105
10.034331
3.005490
10.045803
3.005125
7.005225
8.003752
3.032975
3.005490
10.031619
3.004153
3.008249
3.008055
3.005145
3.021004
3.017758
2.025866
3.005316
3.017805
3.004133
3.003673
3.004313
3.005385
3.011465
3.009787
10.009947
3.003793
13.003713
3.003713
3.008215
3.008361
3.005350
13.006716
5.012531
13.000928
3.003953
3.014213
3.035627
3.005130
10.003778
3.003993
21.006176
9.004333
3.018520
3.004053
8.023934
11.024566
3.005645
7.010387
3.005491
7.000928
8.002406
3.017828
8.000928
3.021812
3.003873
12.023288
12.023180
3.004033
6.000928
3.011765
3.005545
17.000928
3.004053
3.024512
5.004024
3.020780
3.003613
8.000928
3.005645
3.004925
3.013612
3.003693
5.005205
10.009541
3.016582
3.004333
5.003598
3.005685
10.022848
3.003613
9.026206
11.000928
3.012011
3.003713
5.021338
3.004153
8.004133
3.005705
4.009209
3.004484
3.014089
6.027741
14.000928
3.000928
3.016781
3.004053
5.047531
13.000928
4.022370
6.002780
3.019270
3.003733
4.003693
4.026992
10.009321
3.003833
10.006529
5.006543
3.012053
3.003993
5.012693
3.005755
4.004133
6.003953
3.007308
3.005285
4.014963
3.004113
3.003953
3.005305
3.017501
3.003553
5.039348
3.003573
10.013623
3.009441
19.008029
4.005825
2.009447
6.025394
3.020564
3.005425
3.002780
3.017380
3.003973
9.002340
5.029456
3.004293
4.006316
11.002240
3.012431
3.004113
