5.020321
6.050146
4.044555
4.057838
4.035330
4.034234
4.039392
4.041332
4.029360
4.040948
4.066560
4.034434
4.046752
4.050764
4.029729
4.040891
4.041276
4.056527
4.055540
4.029857
4.056974
4.013755
4.054860
9.020833
9.009891
4.026172
4.023217
9.030719
9.038504
4.039975
4.019578
9.006922
4.024189
9.008600
4.056017
9.015187
4.015048
9.010087
4.011771
4.034154
4.009921
9.002220
4.036377
4.032290
9.017206
4.026387
4.005836
9.019475
4.024295
4.019198
9.007389
4.019766
4.023074
9.016339
4.018401
9.017208
4.056580
4.016250
10.013600
8.007981
4.032301
4.067081
4.067100
4.043942
4.080938
4.072401
4.020964
4.061361
4.067817
4.031375
4.059718
4.036150
4.063721
4.022032
4.088097
4.040532
4.069194
4.027291
4.019238
4.025948
10.004582
5.004012
5.007183
4.036311
4.033038
4.026232
4.018612
4.027631
21.013957
4.024655
9.008515
9.008435
4.047884
4.061210
4.016828
4.025751
4.019026
4.017502
10.012100
5.003592
4.018200
5.008209
4.019456
10.012571
4.008329
8.006697
4.025669
5.030221
7.010999
11.049873
13.023594
6.009987
4.039041
4.012451
4.028667
10.008217
5.006235
7.003578
4.016908
4.078539
9.016895
4.018246
4.012865
9.035160
9.010625
9.011265
4.014141
4.043972
9.006090
9.007562
9.007082
4.020044
5.011200
8.012369
9.009987
4.020254
4.014224
9.013590
9.014909
4.014775
4.055235
4.010193
9.029031
9.019712
9.010578
4.006843
4.075570
9.045567
4.007835
4.021216
9.030866
9.010839
4.015702
4.011040
9.011655
4.040774
4.034452
4.013763
4.016914
4.011419
4.041583
4.020858
9.028408
9.020664
13.011013
5.023088
4.068201
4.036326
4.014715
9.020906
9.024984
9.005670
9.007022
9.005750
9.007102
