109.006135
7.028567
4.012651
4.018323
4.010287
4.007068
4.005537
4.017727
4.034109
4.046560
4.038028
4.011923
4.016819
4.030056
4.028635
4.025372
4.024154
4.005850
4.023956
4.023221
4.007509
4.020778
4.028149
4.040280
5.005955
3.053869
4.016474
4.009481
4.005775
4.046461
9.035106
4.011619
4.032837
4.011405
4.013949
4.031109
4.018066
4.027645
4.009373
4.037367
4.016799
4.021450
4.024184
4.021732
4.008555
4.022168
4.011605
4.017914
5.004464
3.044685
4.006882
4.007529
4.007557
4.036251
4.012757
4.009993
4.054928
4.013475
3.006437
5.007734
4.010173
4.016325
4.021431
4.048885
4.015945
4.006862
4.021230
4.006703
4.036825
4.025006
4.005751
4.009753
4.035299
6.005835
7.027220
4.018484
4.046381
4.022308
4.044488
4.015469
4.009447
4.007162
4.005871
4.027822
4.007155
4.041692
14.005410
4.013507
4.029189
4.017873
4.006090
4.037661
4.045458
4.024439
4.016854
5.004142
3.009733
5.025125
3.014626
4.006403
4.014835
4.029435
4.009721
4.057399
4.007403
4.009987
4.011225
4.022144
4.015507
4.019086
4.010985
4.019752
4.062986
4.021808
4.009867
4.011311
4.026284
4.015036
4.022146
4.029842
3.006753
20.006588
4.028180
4.013057
4.007749
4.028867
4.037702
4.010219
4.007103
4.012577
4.044134
4.030242
4.006783
4.008281
4.022364
4.013077
4.015889
4.016853
4.009005
4.004938
3.003652
7.006417
7.011406
4.007995
4.055895
4.023084
4.012723
4.022190
4.006450
4.005371
4.005657
4.006809
4.018283
4.006883
4.008527
4.011605
4.036126
4.013397
4.023410
4.021570
4.006759
9.050214
4.013563
4.036112
4.017984
4.039053
4.015615
4.026526
4.010939
4.012691
4.020438
4.022041
4.033846
4.039803
4.016205
4.043203
4.008255
4.010027
4.027683
4.045160
4.050398
4.056724
4.008668
4.016487
4.016999
4.013459
4.008255
4.035861
4.058072
4.013843
11.003592
7.007168
4.022862
4.006329
4.003718
4.054192
4.043895
4.010833
4.009240
4.023200
4.003898
4.011425
4.006682
