5.057653
4.022539
4.020998
23.010699
5.028705
4.023116
5.027327
5.044057
5.022591
5.013784
5.027747
5.027973
5.044935
10.008669
5.005010
13.013780
6.025467
4.028905
4.023817
14.011549
6.007268
6.011025
5.024061
4.021238
4.021138
4.021165
5.024961
7.020298
5.022430
4.021064
13.009339
5.028545
4.024988
5.017422
14.042587
5.022144
16.005456
5.014598
8.021558
9.012551
5.014578
4.021478
5.015058
24.014255
9.019758
5.054019
5.024973
14.012794
5.025927
8.026607
5.026225
5.021124
25.009833
6.009681
5.027293
10.021990
11.003532
5.010419
9.027207
5.023909
4.016440
4.040833
18.008629
5.026853
8.052556
5.015096
4.019392
5.020379
10.046818
5.025275
9.020738
19.020366
5.024729
8.016608
5.016748
24.013086
5.027987
4.025027
8.027193
4.006603
14.015788
14.005330
5.026812
8.024821
5.026979
4.020052
5.019706
42.021149
5.016550
6.037963
5.024595
14.014778
15.014522
5.020704
3.013746
14.027605
15.015036
8.024743
5.021204
5.025765
5.005470
5.022037
9.026135
4.015338
5.026767
4.003798
9.029745
5.017002
4.021259
4.032183
13.025819
5.027617
5.022676
4.019886
3.027397
14.034094
8.010905
19.028155
5.024675
6.039440
5.022051
5.006323
9.006602
8.031236
19.015381
30.009401
9.017980
9.016128
9.021324
9.037918
