4.001862
3.021049
3.039176
3.013198
8.024554
6.018131
3.023049
5.042512
3.018608
4.005145
3.018154
6.025861
3.037377
5.038954
3.018007
5.033632
3.015729
9.022482
2.031770
3.009701
3.040734
3.047341
120.024819
3.012073
5.053200
3.018174
9.052128
3.019246
14.009561
6.011385
3.023916
4.005204
3.024560
8.016962
3.015189
3.043292
3.016249
5.039754
3.013949
12.047893
3.013609
3.034126
3.020425
9.020832
14.029123
3.017326
4.013784
3.070741
3.022418
3.026986
3.027997
4.024749
19.015170
4.024847
3.015030
5.008981
8.009721
11.015855
3.017148
14.023551
5.015915
3.031647
4.024255
10.049377
3.009462
4.019604
13.023408
3.042641
3.008655
3.028930
3.016002
10.014097
3.015415
7.031063
3.010167
3.021182
3.021862
5.011439
3.025426
15.019060
8.021599
4.034445
12.002340
5.004032
6.005577
3.020336
3.015450
3.024149
7.015609
3.017022
4.034533
4.029269
3.013895
4.022450
3.016781
3.008329
3.037585
3.013798
10.069953
3.017027
12.048907
9.000928
3.012409
3.016260
3.009621
3.016848
4.016742
4.013937
10.011163
12.019506
3.009369
3.031190
3.031544
9.039069
17.025014
3.016747
3.062007
3.052687
20.022576
10.004542
3.009394
3.016975
7.021318
3.017843
3.016719
3.018040
20.013157
3.015243
3.032568
4.003892
6.014955
3.017703
18.044352
3.006603
3.012525
3.020398
3.015117
9.009441
8.054860
3.021051
5.030576
6.011453
3.021827
4.029071
3.027519
9.007969
4.011113
5.003692
18.028765
11.035305
3.017987
23.020000
4.008349
9.009597
4.023222
10.006777
7.071560
4.003532
4.003904
4.005425
4.003612
4.004564
