9.011401
7.022204
9.009247
5.000928
8.023808
9.061218
4.066703
9.026152
5.000928
8.019598
9.005262
5.000928
19.000928
10.000928
14.011761
7.008248
5.000928
13.023777
9.058938
9.055909
4.037329
5.000928
9.000928
8.033725
4.050709
5.000928
8.061921
5.013181
11.015381
11.052227
4.022522
4.043098
4.049369
9.018380
4.045080
4.035192
4.054017
4.036878
4.033301
4.026281
4.010493
4.034317
4.011065
4.018398
4.058537
4.018444
4.079061
10.008731
4.000928
14.000928
5.000928
7.012903
9.044298
9.005070
9.047449
9.046047
9.008421
9.010450
4.024708
9.006383
9.025578
9.003958
5.000928
5.000928
5.000928
10.011805
22.044355
7.013003
5.000928
4.000928
14.000928
8.004876
9.030757
9.004990
9.009299
9.014289
9.035885
9.031141
9.008568
9.017732
4.046785
9.030401
9.046442
9.042290
9.014651
9.057724
10.009267
8.032873
9.011179
9.009647
9.027598
9.022570
9.005282
9.012811
4.065015
4.047100
9.008202
9.009188
4.018600
9.029395
4.038645
9.007483
4.023156
5.003190
8.025014
9.023390
9.026762
9.044600
9.009801
9.022008
4.035749
9.010163
9.009727
9.025591
9.018947
9.026670
5.003110
5.000928
12.017105
9.009907
9.006936
9.007968
9.031373
9.055889
9.019066
9.024718
9.010009
9.029051
4.025658
9.031922
9.009347
4.029367
5.000928
8.012211
9.014540
4.032641
