8.009809
19.003872
5.022170
18.008149
9.008409
19.003612
9.008509
6.007709
22.007787
9.013705
8.010295
14.006903
19.010207
15.008329
13.008335
29.009887
10.010472
8.005524
20.003772
13.020991
10.008689
18.006803
15.008209
18.021167
16.009871
8.010791
19.009761
14.004132
35.024470
13.003812
24.008169
8.022152
39.005410
14.008495
14.011439
20.008829
18.010239
5.010091
9.010691
14.008729
23.005970
15.008209
9.008449
9.008509
5.025184
17.012173
15.005205
14.008469
44.003632
9.003772
14.003912
9.004032
14.008289
14.007481
10.005285
13.003692
19.004092
9.008969
19.006957
5.008469
13.004072
13.008235
20.006577
10.005705
12.011659
10.008189
9.008609
18.028440
15.003972
9.004072
13.008215
10.009951
5.008089
18.009667
9.008989
