10.002700
6.034703
9.005750
5.000928
4.038402
10.009161
8.000928
8.014829
4.039674
4.050504
5.000928
18.020530
9.015883
5.000928
8.014331
5.000928
3.080044
4.029415
9.011759
9.005430
4.012429
5.000928
4.000928
14.000928
3.060988
4.014856
5.000928
4.000928
3.063635
4.015461
4.016899
5.000928
3.061082
9.007302
9.054594
5.000928
3.047385
4.014469
9.011491
4.047224
4.011205
4.040955
9.011239
5.000928
4.000928
4.000928
9.000928
8.006782
9.021182
4.047034
4.013777
5.000928
3.069273
6.002666
8.035879
3.048213
4.011545
9.006923
4.009793
4.010047
9.005550
5.000928
3.058880
4.044908
5.000928
3.050311
5.000928
4.000928
4.000928
3.060217
4.013909
9.006908
9.021219
2.064227
4.060715
4.068293
6.016413
10.000928
4.000928
4.000928
4.000928
4.000928
4.000928
3.053996
4.016686
9.013391
5.000928
4.000928
3.056578
5.000928
4.000928
3.078110
9.015049
9.023753
7.000928
8.049812
12.011105
4.013857
10.000928
4.000928
3.069723
4.017961
4.033023
5.000928
4.000928
4.000928
3.042878
9.025058
4.017586
4.038925
5.000928
4.007587
3.066917
4.009526
6.000928
17.013561
5.000928
8.010267
4.032375
4.049473
9.005550
4.016211
9.009946
4.017163
5.000928
3.063704
4.012911
4.041945
4.018493
9.038048
4.018766
5.000928
5.000928
7.007943
10.000928
3.044414
5.000928
3.061393
5.000928
4.000928
4.000928
4.000928
8.006942
5.000928
13.009887
14.013111
4.026386
5.000928
3.087951
9.007275
4.013051
4.014055
9.027776
4.029732
4.010507
5.000928
3.075525
5.000928
4.000928
4.000928
4.000928
3.075181
10.000928
4.000928
3.063947
9.013257
4.009687
5.000928
8.017058
5.002306
3.089019
4.023516
4.014680
5.000928
4.000928
3.059265
5.000928
8.010035
4.018405
5.000928
