107.012497
4.039508
4.005230
4.028126
14.047757
4.049222
4.044523
4.023586
4.015403
4.003558
4.011145
4.043199
4.020970
4.004970
4.015753
4.005530
4.021830
4.032539
4.010187
4.008121
4.013341
4.028287
4.005362
4.007381
4.022948
4.059523
4.066283
4.042199
4.007002
4.045268
4.046570
4.042802
4.010873
4.057540
4.015121
4.029292
4.008488
4.028302
4.005510
4.033495
4.027736
4.047828
4.015681
4.037481
4.027838
4.036418
4.005150
4.006399
4.045314
4.026233
4.014587
24.043890
4.051530
4.013549
4.008328
4.011319
4.048499
4.027901
9.015257
4.056081
4.026246
4.051193
9.007722
4.042128
4.052207
4.045210
4.007163
4.021650
4.007303
4.005410
4.045682
4.023695
4.025579
4.056524
4.050600
4.005290
4.027584
4.004558
4.006903
4.043679
4.020760
4.008868
4.022784
4.016579
4.008115
4.011433
4.015362
4.011526
4.048271
4.014277
4.013917
4.013973
4.003698
4.050107
4.010127
4.033629
4.008043
4.058397
4.025723
4.009267
4.037174
4.027778
4.009591
4.060422
4.053739
4.014358
4.024200
4.024888
4.005490
4.012441
4.013089
4.059835
4.065603
4.035178
4.035617
4.005650
4.011759
4.042518
9.005890
4.008503
4.006450
4.028022
4.031347
4.014123
4.003898
4.012537
4.048006
4.011031
4.007721
4.052542
4.005271
4.013125
4.009447
4.029499
4.033175
4.053108
4.020824
4.019798
4.066633
4.018020
4.006643
4.014510
4.005190
4.009979
4.012445
4.010865
4.010366
4.013779
4.010139
4.032977
4.015579
4.025040
4.008099
4.054999
4.056108
4.043142
4.018572
4.021318
4.051495
4.023974
4.008275
4.008782
4.016657
4.014004
4.006883
4.007821
4.029935
4.006370
4.013831
4.011199
4.008907
4.012629
4.008288
4.009433
4.005311
4.040614
4.005671
4.008228
4.010153
4.012904
4.055415
4.009705
4.011401
4.021324
4.013526
4.025974
4.009301
4.016135
4.037036
4.007512
4.030255
4.056832
4.032707
4.030428
4.046315
4.043714
4.033333
4.047008
4.045515
4.041214
4.045364
4.035059
4.035063
4.038861
4.060720
4.028476
