6.004329
106.002280
6.007677
32.002440
24.003972
29.002740
9.002820
16.004738
24.011239
7.000928
9.002460
9.005230
14.002780
11.004198
6.007022
8.004098
16.002600
6.004078
4.005361
10.004990
21.005930
31.005930
7.002300
6.005490
5.004098
26.002560
10.002640
13.011030
26.003938
16.005070
41.003858
18.004032
11.004378
12.003918
10.010977
21.003978
6.000928
19.002280
18.012163
10.004546
24.007016
19.007207
14.004098
26.004278
15.005990
11.005830
11.005690
5.005730
32.009090
15.003738
5.005610
13.003998
10.005910
20.006523
22.004138
6.009927
7.005530
12.003752
9.006799
6.004118
10.004718
5.008514
7.004058
12.004052
24.005890
6.004338
6.005270
8.006070
5.048697
10.010329
6.008254
5.005210
6.002640
6.005470
21.007182
