8.003852
11.003672
42.003632
6.003832
11.005891
10.003992
13.008900
10.003612
14.003892
8.008852
5.047415
19.009727
15.003772
10.003792
17.003632
23.008648
14.011994
15.003632
9.003872
13.034967
10.003652
14.003752
13.009540
5.003892
35.003772
5.007607
17.003632
24.003672
13.005770
14.008108
14.008768
19.006170
16.003992
12.010965
10.003872
10.003952
24.048631
22.030062
15.003992
6.004052
6.021395
20.007948
6.004112
5.004032
40.005370
9.005990
9.007108
14.009867
10.009170
6.003952
4.004112
18.003832
13.003552
13.023459
29.005070
10.003912
10.003752
29.004032
19.003632
6.013051
28.019531
14.003852
27.003572
6.003572
5.004132
20.008367
21.003732
8.004092
13.016683
10.004092
9.003832
13.011067
9.027563
10.003892
9.003732
18.010573
16.003672
13.003692
