9.003952
9.003752
9.004112
13.000928
10.000928
12.014243
5.004132
13.005596
9.013425
11.003752
9.000928
9.000928
14.003892
14.000928
9.000928
9.003752
14.000928
9.003852
8.000928
4.000928
10.000928
9.003992
18.000928
4.011000
13.014429
9.014197
9.037617
6.000928
14.003772
12.041381
9.008540
5.004052
14.000928
9.003592
13.008428
10.000928
10.003632
18.000928
5.003952
9.000928
8.000928
5.003752
12.014843
6.000928
8.000928
5.000928
14.003632
9.003912
9.000928
8.000928
5.000928
14.004092
9.000928
12.023940
6.003752
9.002220
13.000928
5.003672
7.010353
6.003772
12.018282
4.009326
5.000928
4.000928
5.000928
22.008700
11.000928
13.000928
5.003952
12.027116
5.003852
4.000928
33.061529
6.000928
8.000928
8.045812
10.000928
23.024512
6.000928
9.000928
17.002220
7.000928
5.000928
5.003558
6.003932
7.041267
5.000928
4.000928
5.000928
9.002220
7.016209
11.003532
18.000928
4.000928
5.003632
9.000928
8.000928
5.000928
15.004112
8.000928
9.000928
13.000928
5.000928
9.003992
8.000928
15.000928
8.004072
5.000928
9.003832
13.000928
5.004072
9.000928
14.000928
4.003852
