107.022402
9.084098
13.018222
20.024614
17.023474
16.015655
15.013903
15.044969
23.004422
11.003718
19.005165
41.084043
14.017151
14.034433
14.043745
12.026823
25.018626
15.004950
12.025426
26.022422
14.016853
11.073657
12.017448
10.011021
9.010902
13.006129
9.081867
9.038502
19.037806
14.038968
12.013657
13.000928
22.021378
9.093204
11.017122
12.028268
14.046069
13.043025
26.021584
13.022296
14.022422
9.092398
9.046080
16.021936
58.004642
10.040146
18.016527
13.056581
33.006837
12.023228
17.061696
19.043051
17.007613
24.003892
39.021353
17.006797
28.017964
14.039571
27.037422
17.006437
