22.022254
43.018232
30.063931
25.007969
14.023081
34.000928
24.018513
16.014249
16.005371
15.011250
22.005251
15.014349
24.006823
24.010353
15.006577
23.025260
20.006317
23.061176
19.021096
20.002326
13.009367
17.005625
48.015511
26.009827
21.007689
14.016678
21.006897
26.027528
19.029550
20.006663
23.052447
24.030416
19.031939
49.008161
14.009587
16.009801
17.048321
20.005325
15.016364
28.021158
29.009980
13.020918
19.021282
32.006417
19.015982
17.006637
23.015995
21.014358
22.019770
11.011890
14.005825
12.044585
