16.003910
91.004543
17.023111
19.009401
20.045259
21.014297
26.051323
21.006937
19.020734
18.006636
14.006782
24.031621
24.000928
19.004443
20.017574
24.010893
19.037885
20.015849
17.008255
23.034345
15.006479
44.009161
18.056358
21.012311
28.012759
18.027056
16.012808
24.018798
18.003832
19.016962
24.031133
29.000928
24.000928
20.036126
25.008589
21.061364
16.007057
17.027055
19.015446
14.047327
29.020590
30.031557
20.008494
30.082051
21.023390
19.036055
21.010173
16.015423
24.089471
14.042628
