22.022982
25.000928
28.039525
24.009487
14.047772
11.002186
14.007057
18.007117
18.043676
14.049566
16.000928
15.006957
12.011105
8.050427
20.012619
23.042290
13.000928
46.004643
19.010910
9.014183
14.000928
24.000928
23.011351
14.023503
9.105561
23.000928
37.010221
22.006623
10.000928
13.012712
23.000928
15.019724
9.035329
9.033111
17.000928
22.002540
22.000928
30.021675
18.003912
14.000928
22.000928
13.000928
18.004198
14.041849
14.024756
13.010499
16.016728
22.000928
31.003572
10.000928
17.007329
24.009380
15.004812
23.010139
11.011159
12.008275
16.004482
12.006942
21.005994
28.011263
13.047644
14.067016
