22.036141
20.010939
18.015616
20.012185
23.023230
14.011529
16.004566
12.021750
31.019077
12.041007
54.005232
19.022526
19.034913
19.032143
24.031831
9.081562
21.012651
13.007749
24.013475
18.039395
14.005310
10.008849
18.018385
14.026572
15.007977
13.076115
19.005097
14.031331
24.007875
39.038054
14.014125
30.003386
14.000928
14.005525
44.000928
14.000928
20.005885
17.076185
14.018885
29.021341
9.052009
21.000928
25.029586
11.042437
14.065409
14.022510
22.009520
17.000928
18.005850
14.005231
74.015289
10.020358
18.053329
13.021716
30.012423
9.050465
