22.045071
40.008029
19.008469
14.026594
13.012431
19.032135
15.000928
21.006497
32.010819
33.005590
11.022960
15.000928
10.044105
15.000928
11.032845
17.019327
23.019426
20.003658
15.017944
25.012449
20.011685
17.000928
25.006857
20.009913
18.002586
11.027081
16.000928
14.000928
12.034454
17.007909
10.006943
26.021400
13.020164
21.006597
18.009601
14.010913
16.000928
16.028514
25.015816
23.036174
11.006357
17.067362
13.013211
49.003712
12.000928
13.000928
23.011341
24.030249
17.003952
49.007237
10.014687
14.000928
20.008441
9.026333
16.000928
23.007005
11.039924
16.035669
13.023383
10.029881
