99.005265
22.014815
39.018019
24.016388
12.019106
11.014975
19.032173
19.023702
14.102972
40.010267
53.021037
20.030966
13.017409
19.016016
24.005710
12.000928
27.003832
28.022308
54.020604
14.025835
14.068765
14.011111
14.013543
14.068263
14.054263
14.017094
19.009857
24.043868
21.007250
14.005025
13.005545
13.034473
19.014063
16.003752
17.019226
31.000928
17.014853
11.000928
24.018000
32.025942
14.067965
19.010007
15.000928
16.000928
31.039663
10.012249
54.015868
11.030422
12.005165
33.005590
