11.002220
15.015929
14.071612
14.023849
25.012205
20.003852
17.011657
12.026447
41.014444
25.020251
23.018139
25.010559
23.011373
34.008849
24.022796
32.029189
17.024708
13.024688
11.011825
17.025007
14.047114
19.042144
14.016387
10.020091
15.020929
14.000928
23.003712
16.026072
31.018692
14.083941
15.028600
38.046538
19.047371
34.003798
13.020298
30.035883
19.030889
20.018234
18.044736
19.034553
16.003792
21.006637
18.003812
17.003892
19.005005
19.011261
14.015197
14.012043
18.005710
29.010895
14.026891
10.017033
15.012225
17.027376
30.011021
28.023248
17.013505
