10.008028
13.000928
17.006355
14.021171
74.032156
9.034894
24.010727
24.014673
13.010833
13.018239
13.000928
12.042383
15.005464
14.010661
13.023591
10.015459
13.052668
9.037588
14.008341
20.006857
11.003014
61.041919
15.000928
18.008795
21.000928
12.017317
16.000928
14.014461
18.018040
25.000928
27.033045
10.017428
13.041307
9.054205
14.017123
10.006996
10.019652
12.005496
12.002380
16.006549
24.017723
11.013437
22.048001
15.010433
15.000928
18.009380
16.000928
12.018253
11.012671
21.027650
14.007109
10.011543
15.000928
22.005511
35.000928
14.002886
11.057415
16.017020
19.019006
20.008789
13.076444
12.009481
21.055744
14.023560
9.034173
15.000928
