10.003652
6.011446
26.003692
6.003532
32.006437
22.002220
6.003792
7.040800
7.006423
12.000928
10.004905
34.005105
12.005710
16.003532
6.003612
26.000928
29.005805
7.006357
40.030800
15.006737
13.033919
14.016166
6.003852
14.006363
34.003972
8.000928
23.015515
25.006817
7.006477
13.003932
32.010531
6.005025
11.008155
7.004112
53.007117
6.005571
26.004132
11.006677
28.003592
8.000928
10.003812
23.005345
21.004132
6.011859
31.003732
12.009680
6.006637
6.004032
42.007727
20.005925
41.014191
6.005565
14.005525
19.003912
33.006011
7.005145
9.003672
77.003832
12.009887
