10.010125
16.036425
4.033036
4.082350
9.015641
24.011371
4.051641
5.009501
34.003712
4.027089
12.002970
15.039402
4.038708
18.003852
10.009847
12.003972
11.017094
10.000928
8.023962
4.036150
6.013731
14.002340
7.029047
4.047248
9.019958
4.045438
17.003992
7.003932
8.007722
4.045909
9.016133
10.005164
14.008947
20.003952
5.004466
7.003772
7.006517
11.002560
9.006356
13.031065
7.003632
7.012365
5.006797
8.003812
14.009563
9.004362
10.008109
12.033887
10.000928
5.010321
6.006110
10.036822
4.049998
5.009521
9.012091
13.016621
9.010819
15.002640
8.020218
20.012481
8.016894
5.009561
18.029343
9.019351
9.023949
8.003892
10.004990
8.003572
11.000928
7.018803
19.003692
15.007362
4.043008
9.017648
4.042354
24.024866
4.055115
9.022649
5.009761
18.008202
8.002870
5.030873
5.004112
7.007915
8.003612
12.000928
8.022443
7.003752
5.007795
26.000928
9.005505
18.009727
9.047637
30.000928
8.025885
9.031168
5.009401
13.008301
19.008447
9.016434
5.017711
9.010790
6.003632
6.069036
29.021668
5.029814
