9.009380
97.016654
9.017475
9.016547
9.040105
5.016095
8.025117
9.009009
9.022259
9.037677
9.009659
9.012323
5.006657
8.040911
9.009173
9.013855
9.046814
9.017899
9.019360
9.017726
9.018746
9.035286
9.035268
19.006843
9.031923
9.029746
9.020230
9.009427
9.012195
10.011527
8.029711
5.005545
8.033699
5.014746
8.012151
9.018601
9.005556
9.016366
9.013569
10.012591
8.021554
9.026545
9.012210
7.000928
12.012166
8.006703
9.012957
9.008415
9.011531
9.014097
9.022123
9.008155
9.016680
5.009487
8.033897
14.017470
9.011371
9.009847
9.012891
5.014896
8.016133
9.014423
14.015056
9.008481
9.027070
9.018326
14.009747
9.031915
20.015244
8.010035
14.011585
9.022434
9.015901
9.014683
6.006963
7.013177
9.034067
9.034167
9.009645
9.043897
9.039296
9.033836
9.034682
9.011125
9.019164
9.045682
9.019992
9.006800
10.007869
8.010519
9.037565
9.017241
9.022044
9.025572
9.027034
9.020612
9.015516
9.030823
9.022580
5.023822
13.031544
9.018922
19.018166
9.009801
9.003838
9.021893
9.009781
5.011166
