7.014909
20.006897
14.007197
9.005565
9.010821
8.012963
16.012366
7.010687
17.009941
16.022508
14.016628
5.008235
9.006997
8.013717
15.009801
8.047130
5.018140
9.006997
6.000928
22.007117
5.019170
8.004642
5.011639
12.034907
17.000928
17.011685
12.006983
40.021250
20.000928
8.007249
24.024129
10.012959
28.007074
7.011033
23.005685
28.007457
14.006677
13.016441
5.015683
17.009661
6.013497
8.021244
5.013957
8.012817
9.025472
9.026407
9.019951
9.030496
29.022874
5.014151
13.014149
5.022748
8.023670
5.007377
8.031891
6.004523
17.038092
9.010673
6.008269
7.008375
34.035881
14.008355
9.007103
9.024313
9.008661
19.023430
9.042858
5.008169
8.030397
9.013941
10.006237
14.007197
7.023656
21.011579
16.000928
16.016412
9.014123
5.011479
5.027579
7.017053
9.041154
5.008589
13.038462
7.008055
22.016575
8.010087
9.005410
13.007103
31.006533
10.000928
8.015989
