7.049270
100.004503
8.010158
9.030883
14.050567
6.012691
9.006285
7.032314
9.010413
5.009601
8.008640
9.040001
4.024256
10.024793
5.018585
11.009621
5.077592
4.047566
9.006408
9.011281
6.015435
7.030666
18.015775
18.000928
6.025732
5.007137
5.021423
7.048130
4.023266
24.021837
5.008029
5.032966
7.016488
9.034488
5.009581
8.012657
9.021697
9.020982
9.029283
6.009401
8.019612
13.039729
9.011259
9.022458
4.039393
9.040644
4.052731
9.011837
9.007903
9.020331
14.016599
9.032541
6.016828
5.017999
6.024528
14.056994
6.009307
7.025462
4.047774
6.016021
7.049698
9.008826
9.017187
9.009553
9.018532
9.008315
9.009367
9.020569
9.060441
4.094418
24.012851
9.043579
14.011925
9.035080
4.033021
9.018099
9.015041
9.009667
9.038524
9.019289
5.004603
5.016485
7.019012
9.010959
5.011832
5.009741
17.031067
9.023516
9.010806
9.039545
4.049432
9.070143
6.009781
7.023406
10.004623
10.009481
17.047107
34.014757
14.020167
9.006663
4.043186
9.010139
9.005816
10.013741
8.041351
9.066074
9.010206
9.055603
6.036485
7.032065
5.008469
15.010021
