64.053989
12.010087
19.022824
12.012957
6.015895
10.010440
9.004192
9.006977
6.025800
6.025156
5.020452
28.012491
9.034525
9.028811
9.009567
19.007643
5.018935
5.012191
23.005384
14.008729
14.010979
9.011173
9.006756
8.015561
5.017473
9.010321
6.014503
7.009881
49.005224
7.014063
6.016607
5.013145
7.021104
9.030907
9.013437
10.004603
6.040467
6.024206
13.011850
6.025971
9.010297
8.069405
5.011429
13.008454
9.010206
5.013377
9.007256
17.012917
19.028627
6.005304
13.024372
14.009975
7.029957
9.015755
6.005251
5.018919
9.008255
29.012011
15.011225
27.025827
5.021417
14.005924
14.010267
9.013643
28.005690
9.014127
8.010913
16.007157
6.012005
37.003972
14.015575
7.009847
31.010290
24.005524
5.010759
5.011719
5.030795
5.056874
9.008587
9.023176
5.016223
14.011379
19.008331
9.015835
14.010810
14.012491
23.027024
5.024064
13.020444
