28.007037
11.005625
6.013825
30.003872
30.004583
6.008089
11.014441
8.067859
9.025526
9.029950
10.007056
8.024754
9.038030
14.018096
6.003832
19.004032
22.015467
6.012693
12.020044
26.008369
11.003872
10.005850
14.016954
9.039541
9.053806
9.023134
13.010451
20.027136
24.010645
7.002520
7.018113
8.012609
6.010367
6.009481
10.031648
9.026956
9.019080
10.004092
9.003086
8.023601
6.002720
8.006256
13.008981
11.002300
8.029849
5.004273
6.023983
10.015545
9.007449
6.014151
6.002420
15.062392
9.008195
9.021275
9.006823
5.014657
6.004052
10.002700
10.022976
18.008515
5.025175
9.017154
8.008509
15.011431
9.008101
14.036654
9.041875
10.007002
5.008509
7.014941
9.009108
5.012765
23.025906
7.010491
8.003692
7.006695
9.009415
19.007308
14.016762
9.041041
9.024368
5.008415
9.008855
13.009095
9.039226
5.010027
6.000928
11.008415
14.030865
14.017801
9.009601
9.025842
9.021807
9.005371
14.028886
6.004072
7.030963
14.030711
6.002380
7.037306
9.006903
6.003672
7.041041
