107.023834
7.000928
13.022640
13.013901
14.000928
28.010799
26.009661
7.006943
11.029570
14.004253
17.029244
31.052750
16.027752
12.024562
38.025968
8.020238
11.000928
22.008255
16.005610
7.088589
16.005505
7.030245
11.023318
28.011017
14.000928
10.004965
7.020758
20.007733
15.005065
14.005625
6.015599
21.011117
15.011165
17.005750
14.058132
15.000928
28.005490
19.009893
19.011977
24.020351
9.052906
19.026684
15.017647
19.000928
23.024199
16.041368
8.020255
8.021955
11.005685
34.009967
18.000928
14.000928
25.004578
19.007077
23.000928
24.005265
7.005485
12.010351
9.013963
8.003812
20.003974
23.000928
8.014855
9.012557
