12.031638
10.003632
8.010361
9.019013
9.018079
29.023069
29.011899
19.016459
24.005470
9.012045
34.005810
21.004198
7.009853
14.056226
34.023008
34.018228
10.000928
9.007529
13.014324
22.009948
11.018363
14.024915
8.000928
25.012265
9.031589
15.000928
8.018379
5.002540
18.011085
19.005830
14.015469
6.009907
12.014689
9.009967
14.007303
9.017248
9.018520
9.016949
5.008879
8.046558
4.038960
16.004298
7.026792
9.022912
16.004032
7.010581
9.028514
10.003732
8.026878
9.014289
11.016676
7.013457
9.014323
9.008222
111.004138
12.016531
11.003898
7.020958
9.008395
19.012333
13.004038
26.004463
19.003932
13.015537
9.016971
9.005550
9.016764
7.004018
15.009807
16.003772
8.005410
14.008881
10.003912
16.012201
11.012357
14.014330
15.000928
