9.020550
18.015276
13.006743
9.013635
14.009315
9.032123
9.006723
9.031866
14.040272
9.024684
5.050133
8.036742
9.032118
14.016688
6.010933
7.032588
9.015422
9.021024
9.024014
9.017227
9.005816
5.000928
8.025552
5.020644
5.004138
9.006565
7.019064
9.041397
9.009433
9.008414
9.036190
9.031881
9.026125
9.011159
9.008335
19.020698
19.032529
24.015021
9.010119
9.023222
9.011205
9.009119
6.004112
12.019738
19.027575
9.038890
10.011081
8.021444
9.034947
9.031503
9.022562
14.038841
14.012352
5.020724
8.010539
9.017239
9.006663
9.030503
9.022608
5.013705
8.036542
9.025566
9.032471
9.027917
10.013678
13.012597
14.016527
9.018676
9.038390
9.023282
6.000928
13.008929
8.018685
9.023906
9.012701
6.000928
9.008229
12.011131
9.024670
11.000928
18.014374
8.013809
5.036214
8.027225
9.005110
9.008955
9.006803
9.015221
9.015367
9.022182
14.031481
5.019025
14.005775
8.045974
9.032802
9.030282
9.039734
9.042199
9.029155
14.006663
9.016488
9.043328
9.020662
9.034189
9.012691
9.030221
9.019346
9.034306
5.010421
8.020900
9.045960
