41.003672
8.003672
7.000928
26.003872
8.000928
5.003532
6.005210
5.009921
5.015735
5.051241
6.048831
24.014216
14.016316
15.012171
14.010714
4.037402
4.015003
4.020366
9.013105
9.005885
113.027331
9.009899
5.012004
8.049745
6.045742
37.005576
5.020318
19.008309
9.018767
18.031282
29.021092
4.085760
4.040582
5.008369
8.009075
14.010267
36.007254
6.012152
5.023208
10.009441
6.013418
5.063816
5.086788
5.009761
8.009054
5.008829
15.009801
7.027736
10.008595
8.038864
11.019100
12.018974
5.008165
10.007789
39.006943
6.007417
34.009767
10.012117
9.015876
5.035936
12.020559
12.010491
10.006777
10.019458
10.038224
6.035725
12.028655
5.015830
10.010653
18.020314
22.035050
9.051934
6.003813
8.015641
4.029731
6.013171
4.052977
16.014283
11.004072
5.000928
18.006477
5.014511
7.022288
7.008189
6.023356
5.030428
