17.021470
9.029153
14.028714
9.025364
14.009638
15.017189
13.033491
19.009055
9.060138
16.018924
23.007037
43.022988
9.079100
9.036163
47.007931
11.038077
11.034566
17.025300
9.041294
24.002220
16.005285
7.061165
9.047180
10.015662
14.006314
13.032814
9.043480
9.008515
9.007029
9.031924
9.009947
8.025753
24.024995
10.008795
14.017473
9.054135
9.060853
14.038722
19.022224
10.000928
9.007593
8.031999
14.073135
8.015076
20.005750
14.007042
19.052085
9.038560
7.020795
11.022083
9.054437
14.027094
12.006557
11.024254
9.031611
9.021570
9.027692
25.008665
20.008695
40.015630
10.040649
9.036509
13.015369
12.017894
7.044115
13.018087
17.015129
12.025778
9.025499
8.024915
12.006777
16.006917
15.006822
9.062039
14.029643
11.028579
37.009413
7.018807
13.026315
