9.000928
6.000928
10.029803
9.002220
6.000928
7.016473
9.008495
31.000928
9.000928
7.027586
20.014147
5.002560
12.025859
10.000928
15.002560
6.002240
20.011299
6.002340
7.007103
21.000928
28.005585
6.000928
16.021324
5.000928
20.000928
5.000928
13.000928
24.000928
18.003852
19.002280
8.021164
11.000928
14.000928
7.006263
9.026046
14.005790
9.016660
6.020753
13.023826
25.009169
11.000928
10.018640
15.004572
8.017461
9.020700
5.000928
8.039267
10.005130
15.000928
5.000928
17.008579
5.000928
7.018940
16.000928
12.020724
9.017353
6.000928
7.005350
6.000928
24.000928
14.000928
13.004592
13.021990
9.008715
7.000928
11.038473
4.026359
6.000928
7.017726
6.000928
7.011411
6.002466
7.018640
5.000928
13.010947
21.000928
5.018194
11.005730
5.000928
15.000928
5.000928
40.000928
17.000928
8.014703
5.000928
7.006729
6.000928
10.000928
12.026813
13.009353
5.000928
8.031735
5.000928
8.025277
11.000928
12.019699
14.023036
9.027527
