8.006281
11.010853
9.004132
21.007829
13.003792
25.026888
6.002580
17.018606
9.069879
6.000928
12.019157
9.025145
10.003892
18.012386
19.033237
19.039803
9.033679
9.028433
12.003992
12.003912
8.028360
9.021418
6.003732
8.003972
16.003772
8.002300
12.013489
9.013975
9.014123
9.040985
14.012957
19.005290
8.003992
15.015476
9.015919
9.025876
29.024454
14.011083
9.027894
24.005810
10.015335
18.028008
9.046206
9.013351
40.014121
9.005970
8.023842
14.039100
14.032772
9.036972
24.039051
8.007969
11.003952
23.020608
9.010687
20.003972
13.014915
10.003572
8.013297
10.004132
7.010207
17.009753
8.018557
13.005590
14.003818
14.014909
10.015615
8.017746
9.006703
16.003672
9.004132
8.003932
14.012101
8.019134
10.013277
10.003632
22.019444
9.014671
11.015236
8.002220
13.026510
9.019511
11.013695
12.027358
12.014516
16.005270
15.003612
