6.000928
4.010773
25.014129
59.007242
15.010091
18.023841
4.048083
19.036515
19.050187
5.007377
6.008209
18.005764
12.002220
14.017550
4.040582
11.003632
7.031195
19.035971
14.012357
15.003892
6.008035
11.019512
12.007123
21.016113
13.008013
12.005505
13.003872
15.005325
6.013643
10.027725
5.003928
10.005565
20.014483
9.004727
6.018177
10.004072
27.012285
5.023082
11.012705
22.017440
10.003992
6.008469
12.003672
10.009379
5.010839
7.012085
6.005005
6.012018
10.003932
10.006856
7.021017
19.029097
20.004132
14.003848
6.003772
12.000928
9.003652
6.011359
11.017126
8.008189
18.003912
6.024254
4.065130
14.039035
7.004032
7.000928
7.013141
4.007429
11.009547
7.009521
12.006430
6.012145
26.008835
6.006597
7.002600
7.004072
32.003632
20.003652
6.015073
4.086285
5.003912
7.009261
15.022029
9.045848
7.012291
16.019991
20.000928
6.014623
11.058680
20.003792
9.009801
6.007849
7.012525
6.006157
