9.002506
8.006963
8.012737
9.021194
8.012105
8.015955
7.004032
8.038617
9.019261
9.006809
9.018680
10.011173
8.031454
9.032114
11.005530
22.022173
26.003592
7.019164
11.029416
7.078214
7.005065
7.003752
7.004264
30.015805
9.035983
9.046562
7.003892
13.003952
7.051449
7.011073
7.003712
8.016147
7.037033
14.029936
7.015155
9.015669
13.019486
9.040358
11.007611
7.052264
9.023500
9.022702
7.009527
17.026508
13.039111
10.008295
9.014821
7.000928
26.003792
8.019309
9.018557
7.007277
11.018028
7.018486
7.012943
8.032517
8.019452
14.003889
8.000928
6.058282
7.003972
11.024952
9.016522
9.036485
27.003672
8.015030
7.034976
9.045074
17.007731
11.005090
9.044522
9.027710
9.025402
9.030195
16.008429
7.072586
9.005590
7.009115
16.014323
11.006717
12.024662
7.020698
13.039950
9.002720
7.036800
26.023737
7.060487
7.030503
12.037743
10.003832
7.065445
14.010353
19.060617
9.007148
6.017176
7.015629
12.005685
7.010733
8.033497
9.045937
7.033421
19.004032
11.005290
10.009853
