111.004233
41.005545
33.014584
75.004173
35.003893
9.005665
7.021782
25.003773
10.004153
13.008050
20.003953
14.004173
9.004193
7.032663
11.003893
7.037067
6.004985
9.005245
9.005305
19.004033
19.007427
24.005265
9.005745
34.004133
9.005825
36.011330
22.003973
7.023040
15.005044
8.010671
9.005236
15.005605
8.017185
20.008009
11.009039
11.031682
10.008939
20.004133
39.004273
7.013871
24.010693
10.016756
13.010224
15.005445
33.011465
9.012491
11.003993
7.019360
25.017804
5.010210
7.028022
14.013903
15.005705
18.010897
6.004453
10.005705
8.020021
7.033310
10.009309
13.010397
6.012061
9.005605
7.028010
14.006708
9.010641
