32.467615
24.834065
21.956179
22.786724
21.149058
23.621110
19.192631
18.809687
19.465152
17.937475
41.173422
20.094840
24.162564
21.770467
81.252604
24.608115
21.332384
20.051017
22.310913
21.257407
23.352048
22.275030
22.048164
26.318244
264.580303
22.149799
1362.944444
19.923869
22.710835
17.651572
39.623195
86.296651
25.188006
37.873619
29.902795
35.485185
25.267101
28.197309
56.498835
24.474922
20.531659
25.558545
26.813175
34.877405
31.833394
20.362214
26.545125
23.157245
30.451414
22.678822
