17.022644
11.027991
12.020580
11.006937
16.019990
15.018951
14.052315
16.009941
29.009767
13.011479
15.024920
48.011773
34.017112
13.028608
21.009961
10.006777
32.007577
18.041012
28.019372
18.007236
26.042325
24.005950
19.016156
36.005835
12.039302
9.072932
39.067303
19.031035
15.027994
18.023582
26.006703
15.013683
27.000928
11.003532
31.032375
31.022940
12.029855
26.006817
17.040258
15.006557
28.034197
14.008075
9.047356
11.003992
13.008669
9.024134
23.018472
19.037162
14.047866
11.007453
14.017500
11.018900
35.051251
20.008349
10.043339
23.009781
34.008829
10.007307
12.038084
12.034384
22.008089
15.010267
22.016910
21.011110
28.005244
19.010121
38.018203
29.026400
14.011253
15.007057
13.045506
16.019175
17.029369
16.014724
17.068754
14.006542
21.023269
29.008655
22.029455
9.065383
17.011010
14.060929
16.022414
15.005270
10.003632
18.008635
10.032015
19.006917
21.013281
10.030515
14.030895
14.018864
19.016953
14.063992
14.023062
14.029423
11.012812
17.034260
24.004686
24.043190
20.010121
18.016003
19.029915
10.023222
18.050696
15.016808
16.006797
16.065964
24.056105
16.012365
13.000928
8.045918
15.017072
18.021286
21.008209
14.017187
36.026638
19.028168
10.053967
45.007975
17.013337
14.013023
29.022004
24.044066
24.029116
21.007017
16.008971
25.032150
13.006857
16.010771
38.023356
20.005224
11.021126
16.028345
14.075178
29.031691
20.029853
19.006897
23.037055
11.019012
13.008515
15.007382
22.026629
14.031814
20.019314
14.018487
18.042001
19.019358
25.006696
23.061998
15.003932
13.053359
14.064431
14.038008
11.020360
17.021898
34.034047
19.042533
21.011051
22.019767
19.077402
13.010193
35.029319
29.030832
19.028437
24.011987
31.012773
34.018100
21.018220
22.009097
31.011139
23.008089
21.032297
16.026272
24.013743
23.008915
18.026601
19.008840
21.012231
20.007901
26.017906
17.004623
22.008279
18.040998
19.006829
19.021597
31.060805
14.009567
32.022222
16.000928
17.016634
20.009099
21.010899
32.004643
32.027147
30.008350
34.012605
16.009967
13.007228
23.044711
37.016270
18.018000
44.018110
33.006697
33.024720
16.012711
23.003506
13.026346
30.002820
18.008175
15.008589
29.008249
29.011310
28.042685
22.014855
32.009821
42.004052
41.004152
24.008375
18.016288
20.006337
21.013823
31.007466
29.020900
31.012051
30.008854
17.013189
29.006020
23.041201
19.017848
34.022576
21.011895
18.005750
23.019236
19.041277
20.004273
24.012645
15.006817
43.005895
23.021172
36.010727
22.033719
19.024861
26.003832
33.005664
30.015695
17.046952
53.023948
25.025774
22.015769
16.024747
11.009187
27.018222
27.018999
31.020027
29.020446
29.059097
15.013887
19.004523
49.010629
15.016567
22.031644
39.050837
24.020406
27.013337
36.033634
24.014996
30.010753
24.000928
18.032013
24.022104
34.020471
36.005570
17.012711
26.009421
34.013723
32.026681
14.051119
27.026008
21.037877
46.022556
26.007889
30.023732
38.028675
48.014013
43.009047
29.078019
13.005085
33.012413
19.011771
20.003090
23.048099
30.008503
19.010301
28.032113
16.008054
32.030984
32.003552
27.019832
33.026623
35.008329
13.019812
19.026738
31.009447
22.012531
26.015940
29.008449
29.014003
18.006485
23.021790
28.013963
26.005798
17.003532
44.020454
40.017083
30.002320
28.049712
32.011539
43.012551
35.008349
31.039857
41.006176
18.009901
18.043068
44.031669
20.000928
36.000928
28.004552
37.028934
25.006763
28.028053
21.009243
19.022770
24.008949
39.006315
42.008395
34.026558
24.030663
25.014136
23.011081
44.010759
94.023966
35.009051
30.003772
17.014413
21.003772
29.005770
27.021950
44.025894
42.008614
24.006617
61.011505
29.035293
44.023654
39.006423
45.006479
24.003953
28.026902
24.019923
45.019738
33.015081
41.000928
39.003912
33.006216
29.022066
23.033001
31.005564
23.038434
