158.000928
24.000928
49.000928
68.014125
44.009521
15.000928
18.024485
20.000928
44.000928
14.000928
46.000928
47.000928
27.000928
75.008575
45.000928
24.000928
38.012513
16.000928
28.000928
33.011119
19.014161
37.000928
41.009175
20.005530
24.000928
54.000928
51.000928
12.010950
23.006776
125.000928
51.000928
27.000928
26.000928
42.000928
29.000928
48.014719
35.000928
24.000928
24.000928
59.000928
18.010579
25.000928
19.000928
28.042089
39.005216
29.005630
19.005590
14.014489
37.000928
85.000928
96.000928
28.006603
70.000928
29.000928
14.000928
25.009250
35.000928
22.000928
9.000928
73.012957
60.000928
29.000928
33.008795
95.009330
13.008715
14.035516
20.000928
60.000928
53.000928
13.007462
30.000928
208.010387
20.000928
20.000928
18.000928
73.006643
45.000928
39.000928
52.000928
44.000928
15.015023
15.011511
56.000928
17.000928
44.000928
39.000928
59.000928
39.000928
79.006015
18.021550
42.000928
38.000928
67.007468
30.000928
39.000928
69.000928
52.000928
52.000928
15.000928
20.000928
41.015293
33.008863
20.000928
69.010770
19.000928
54.000928
16.000928
47.000928
24.000928
54.000928
49.000928
54.006837
38.012813
25.000928
40.000928
18.000928
118.011207
15.000928
19.000928
29.000928
58.009467
65.000928
148.007434
24.024960
15.000928
52.000928
35.006416
25.014315
18.009215
99.012765
25.000928
39.000928
19.000928
23.009015
37.000928
96.007949
45.000928
79.000928
44.000928
28.006971
54.005870
27.000928
25.000928
70.009275
15.013804
44.000928
18.008721
49.011519
75.000928
34.006837
26.000928
17.000928
28.029237
20.000928
63.013569
80.000928
33.011873
35.002480
115.000928
33.000928
34.000928
24.000928
23.006975
25.000928
59.000928
28.005850
59.010827
35.000928
24.000928
76.000928
52.000928
23.013569
190.000928
53.015605
19.028975
50.000928
18.018465
32.000928
29.000928
46.007103
64.008155
32.000928
26.006150
25.000928
59.000928
27.000928
35.023689
18.000928
93.000928
42.000928
41.000928
32.000928
64.000928
29.000928
90.000928
109.006977
37.009009
29.010825
23.005635
36.007093
29.000928
37.000928
46.007706
34.000928
19.000928
48.008561
35.000928
24.011815
27.000928
24.010050
43.000928
20.000928
41.000928
24.002320
32.000928
35.010181
59.008669
