12.025523
8.025852
29.004178
43.012085
21.044059
13.025308
20.045478
14.019472
24.034323
24.008275
22.006456
33.005845
9.012916
17.015699
9.065321
9.024681
14.019502
14.028517
10.004651
10.014837
12.012693
14.032867
20.006693
11.021078
12.019087
10.005464
12.016834
10.013359
13.021670
10.007747
13.009859
9.033883
9.014822
14.032553
8.023449
17.011479
12.062041
20.018578
9.004123
9.006737
34.005345
13.036943
10.010973
9.011753
13.008801
10.000928
14.015123
9.019807
13.034697
9.035807
8.022734
25.042227
16.006497
8.010211
8.044553
13.012165
23.004458
8.020318
8.015797
9.016381
13.049190
14.026904
14.039776
9.054790
9.028705
13.029352
17.010081
13.004262
9.010519
13.017835
15.006357
8.046300
9.026144
15.003912
11.008095
16.011307
14.041337
9.037990
9.036964
25.005885
18.011185
9.016001
15.011093
8.062956
14.053968
12.007203
16.031745
9.037587
17.010433
21.017940
14.037201
11.019428
9.017416
12.028239
15.005305
11.008215
11.027951
10.005905
13.017233
9.046981
21.005385
8.009561
13.051136
14.008935
16.011579
11.009501
13.025594
17.027597
13.015761
10.034277
19.006771
10.013741
19.017009
8.016262
14.006497
13.030395
14.039933
9.030796
20.005851
15.015375
7.069306
9.037005
15.005265
13.043766
24.011527
19.011711
13.003672
22.010939
28.000928
19.015577
10.000928
12.026038
15.025990
13.014993
44.013365
19.013679
10.006643
14.000928
13.013417
10.015349
19.019786
16.010493
11.023366
16.015470
12.019746
7.022044
11.035370
29.048204
11.008623
8.012671
9.033629
19.010287
14.007843
14.012087
9.020320
24.003692
19.005545
14.024013
20.021024
17.007737
24.009339
19.032901
9.033923
16.009487
17.050643
14.009613
34.013203
14.033225
20.011122
19.003992
14.006805
16.017736
11.051134
19.054546
10.015612
23.007969
24.032519
20.005865
14.005661
8.042970
15.012085
15.026416
23.008999
13.030493
9.036507
16.006863
12.042219
15.014303
18.025250
15.008669
11.010893
16.009787
17.011599
11.044570
14.051121
25.005425
13.016899
14.038335
19.032615
21.003672
22.057057
11.016322
15.019755
21.051389
19.009685
19.004427
14.012569
19.045420
14.010333
14.045166
11.005805
22.028154
19.026515
14.024574
24.034431
11.021865
13.011905
15.005505
22.013199
14.042663
19.024870
19.012649
16.007023
38.007017
11.014431
16.007681
14.025032
14.022335
11.014737
12.045762
14.015434
50.008395
19.011583
34.012279
20.008619
27.014089
15.004582
13.043025
19.011411
35.005685
23.016141
19.034898
17.013651
21.017219
10.016021
13.042686
31.008895
17.036380
19.005770
19.030121
19.019225
20.005145
13.024366
14.017146
20.003792
13.047555
19.041510
9.055557
16.009421
15.012239
31.043709
14.015475
9.044654
19.005231
10.013401
14.012865
18.037185
25.022716
15.023464
17.020019
16.014849
22.011745
14.009781
29.014687
25.006357
9.017174
13.010957
20.004543
22.006676
30.014351
24.059101
14.023677
14.040099
15.016062
13.051384
14.018947
10.005545
23.009739
17.009687
15.003912
20.008275
14.032034
30.005125
20.006597
12.052022
16.009381
17.009207
19.035766
18.017833
37.009981
17.011459
14.023042
19.043884
26.005424
23.009969
18.020783
14.008401
25.004302
18.042306
21.038928
13.004443
18.021201
12.007156
21.021682
30.003011
31.017149
13.003572
28.009927
18.021304
19.009212
29.034238
11.010173
13.008300
23.009786
12.010719
29.008074
26.061623
19.055825
21.009381
28.000928
24.016689
13.043842
21.011491
27.025718
19.026744
17.002480
22.014169
19.005305
23.037151
17.004343
32.011250
19.005931
39.005385
14.003892
13.040839
19.051474
15.004911
20.011230
12.017385
59.029056
30.004602
15.005305
34.005245
19.006336
33.005365
13.047545
29.034117
25.003912
28.061978
19.048746
24.050374
14.009659
20.008090
19.005885
24.006577
33.054869
34.051710
25.004502
22.000928
41.011013
23.039061
14.039692
19.019972
29.021613
15.006677
28.017790
34.008355
20.011179
23.013803
35.006523
20.003992
24.005225
15.006416
17.005605
13.056984
34.018160
19.041697
20.005585
24.003813
48.006955
34.033455
14.021686
20.005445
33.017207
39.059850
19.023310
60.010357
28.021930
19.027941
19.048830
11.002560
18.008695
18.022242
24.040433
19.030643
19.015556
19.026520
19.016873
24.052675
19.051156
15.019777
23.054239
14.036445
30.005285
28.061367
22.006803
22.006389
18.030695
14.034667
20.006516
18.022057
24.020452
14.056663
34.017200
39.015697
34.019734
24.031224
26.005485
17.036819
35.015141
53.058655
35.007703
23.030440
22.006537
34.007102
26.017212
24.020534
29.037343
31.005425
39.002360
32.027765
30.009790
23.047753
24.031619
26.004925
28.005504
39.005421
35.006443
32.013057
24.026492
35.005715
78.013045
