9.019352
13.000928
8.014776
15.007197
34.008509
8.033148
9.027820
9.009573
14.017019
19.042032
17.009147
9.009681
32.008949
8.017858
9.041943
14.045989
13.009721
17.000928
22.012357
7.009107
17.008749
15.000928
7.023984
11.007217
17.020172
10.010811
8.009687
9.025290
20.002300
8.018372
12.011194
19.012011
7.009667
6.012977
23.000928
23.003998
6.008009
7.006977
19.020312
7.006877
12.011791
12.023749
37.000928
8.011573
14.010001
7.070836
11.005285
13.008849
13.021191
9.035271
12.010533
16.017985
9.018710
36.007677
7.025081
31.000928
28.008449
30.002486
7.025227
11.004173
28.005830
29.008389
8.033525
7.009861
14.022764
12.010511
30.002026
11.000928
8.000928
23.000928
8.000928
8.010053
9.021592
9.005616
9.015397
11.000928
28.008869
20.000928
10.009387
9.012151
48.003893
7.025961
15.009069
8.035055
14.036925
11.000928
33.000928
28.027560
41.000928
9.000928
54.008469
7.024394
14.019344
11.000928
23.007357
11.009561
7.009401
15.012285
8.007237
35.004018
13.012969
8.015727
9.024168
7.012371
7.009607
7.009621
17.000928
13.002300
8.025278
9.016753
14.028046
21.000928
18.016407
11.012151
7.009501
14.009981
7.008981
22.006577
8.014417
14.002906
13.024602
13.006897
26.010573
10.000928
8.017487
24.009049
7.017332
18.009641
23.011113
20.012326
14.006223
12.007177
8.042638
7.009821
16.024670
17.018077
13.000928
8.007257
12.005705
10.042287
9.025284
20.008409
8.033985
11.012606
7.041384
8.003713
10.019826
9.033669
12.013343
16.007389
15.014577
19.006897
20.000928
7.047781
9.027189
7.010031
14.012786
10.006797
23.006857
11.005530
7.012371
10.025499
13.011523
9.023287
33.000928
13.007497
10.012565
12.015825
7.013757
18.009621
12.047717
11.000928
12.015995
12.003893
23.007157
28.008789
17.006897
17.000928
13.002260
9.009761
9.009521
10.006877
9.007277
11.006876
21.008450
12.006637
10.035211
9.019658
9.013181
9.050569
16.004038
27.009607
11.006717
9.000928
18.000928
9.022911
9.006376
8.015069
15.013641
8.034163
7.006617
17.007057
8.012171
9.017574
9.017484
14.021078
11.010117
7.069617
12.005145
7.003572
8.034699
9.020566
50.008289
8.052053
14.009107
11.009810
24.000928
11.009817
21.012651
10.005875
15.029998
12.012546
11.006523
18.000928
18.000928
13.012985
26.000928
17.044987
11.009941
8.007057
18.018106
20.008281
14.015403
18.013583
14.030322
17.014138
21.012789
29.018938
15.013937
16.011991
11.017899
8.009027
24.010796
31.003852
10.008149
12.029039
11.004333
18.006837
11.009781
15.012366
22.014595
20.009467
11.029427
14.052978
21.000928
10.010799
23.011159
13.000928
18.017440
13.006897
7.007969
34.015555
12.027056
11.000928
8.010953
24.004052
6.011114
14.000928
18.007889
11.006763
12.019643
12.016907
10.016339
15.019311
10.002666
23.015555
8.007357
15.011991
7.048772
14.039514
16.008115
10.009421
18.014775
12.047738
9.038516
10.009881
13.053886
12.000928
11.028716
12.008509
11.006542
11.011911
7.083528
27.012551
43.004991
12.014763
17.006817
17.011187
19.000928
24.011059
16.006643
13.000928
7.025586
14.023654
9.036609
10.012386
10.014483
7.050888
10.007217
16.000928
20.010081
8.025641
7.002440
11.010799
20.006477
15.019698
13.012466
20.026304
12.012205
19.004473
12.006335
15.009461
27.009247
14.030821
21.000928
7.033650
7.009547
16.035027
8.010751
17.016439
12.035105
14.038341
26.007675
29.000928
10.021095
13.010739
15.011033
21.027733
10.012565
10.007517
17.040715
15.009581
13.045059
14.020167
27.006543
16.032533
16.010081
19.009761
16.009601
15.045329
10.013327
29.012105
21.000928
12.004192
13.008981
14.038033
12.024863
16.041321
14.012331
17.013838
11.038089
9.008321
26.000928
32.020088
56.006663
14.014483
23.007217
34.002520
14.009301
19.002380
18.041806
10.016147
13.047792
10.037024
13.013025
12.015278
10.009801
12.009781
9.006877
15.012466
26.027432
11.014713
12.013591
15.009650
9.016914
13.023038
35.004392
15.008109
12.012261
24.032046
16.019832
16.000928
48.012485
16.053523
14.021434
14.011897
18.016727
22.000928
12.045458
21.002600
20.000928
19.008329
11.019626
35.006837
17.006717
15.012423
26.009301
11.006617
30.030159
9.049370
14.037279
11.015375
15.008429
21.049262
12.014258
13.006997
34.006817
15.010993
33.000928
18.003872
13.047661
9.033971
15.002780
18.059964
12.018586
33.012906
17.019337
24.025040
17.011374
14.014932
43.015635
14.010854
16.006937
15.025476
16.006757
12.015075
23.003878
25.036503
