17.023396
19.034093
21.009361
17.009194
24.042076
22.012493
50.006522
60.030190
29.033357
39.037857
19.029029
61.006717
21.010535
12.015195
12.046712
27.014875
16.041085
12.005345
18.014475
30.008621
21.010035
24.021454
41.046476
19.019860
15.028173
16.017045
24.063566
19.035127
34.033757
15.008109
51.009981
17.014131
40.012539
22.023294
13.006503
31.000928
45.016750
78.008088
28.020883
23.017761
26.000928
22.024634
8.009717
16.023155
39.035821
40.000928
48.021765
11.014063
17.029074
14.015427
13.009661
66.018999
113.055486
49.005430
53.017014
91.004743
23.028262
27.018581
27.000928
15.011643
12.044558
29.023596
19.030434
26.015997
17.016574
14.015175
14.034917
15.000928
29.024556
36.008249
21.084592
17.010081
21.040515
14.042691
11.010127
19.009681
56.011983
24.009927
70.035159
12.022699
16.013437
14.060965
26.008369
12.018257
20.000928
52.008981
45.005237
14.030215
21.012652
18.020324
44.009941
23.075659
30.005011
39.006354
18.016720
34.024748
25.000928
34.009507
49.000928
98.041202
22.004112
104.006897
17.012931
29.005735
23.008635
39.008674
29.062133
14.059010
31.007157
34.008939
12.071670
26.004263
22.011545
65.009547
44.000928
58.030758
24.015142
34.033731
14.031963
15.013921
25.027683
13.005664
30.008209
44.008309
22.033629
32.008068
46.013487
15.025971
50.012265
14.009115
17.009028
19.028556
54.038483
19.028716
26.005125
12.031105
11.010659
17.006883
14.010321
25.013709
43.053031
69.014811
44.008729
24.031178
45.000928
64.005365
163.025849
31.018187
12.024720
31.013417
22.050295
74.052214
59.044995
39.027790
24.064670
19.031913
19.023464
144.021198
19.013524
40.000928
23.012307
24.028269
26.008461
12.029535
59.033700
16.022621
15.015501
21.021724
79.032589
26.008189
13.000928
75.009166
17.014069
12.013471
18.023066
17.044136
14.038783
19.032947
17.009735
36.016555
50.004012
18.023704
18.006957
41.013363
33.016181
19.019146
19.039913
44.030769
59.006422
34.033549
34.024747
39.033077
30.000928
43.012431
25.000928
25.008321
22.006449
24.025454
29.032016
22.006645
21.027692
45.020604
48.043701
35.000928
39.002546
43.081016
54.008567
119.014356
99.022142
25.003932
19.006697
28.046903
14.045048
29.047643
65.023518
34.000928
24.004062
29.000928
28.032645
34.008135
110.000928
33.011397
65.014913
14.000928
24.016483
38.025580
25.004343
49.008215
48.034777
36.003932
13.007177
35.008299
19.008515
43.000928
198.026098
64.042761
25.004423
48.013549
59.051223
35.026868
15.008013
22.034936
25.009740
23.035881
24.027359
29.010505
34.031732
19.026750
45.005170
33.044054
24.010807
49.007682
39.009534
44.043269
49.024451
44.013411
50.000928
73.007382
39.007103
34.026878
19.063897
74.013923
44.034620
74.049992
69.029293
34.014013
19.011319
49.032345
34.019994
20.003692
33.036760
44.017419
