17.035280
9.022056
19.033464
19.041250
24.005310
19.048283
11.010733
108.003948
8.010651
9.014996
23.022596
10.064937
19.005230
9.033453
14.009907
9.017946
10.000928
10.020604
14.000928
12.018646
15.003612
29.003792
19.003732
25.003632
8.011319
11.003692
11.017908
11.015335
12.055125
29.006883
9.017334
10.004052
9.006035
25.004132
8.018075
8.013631
9.018594
14.010793
35.008275
18.005671
15.003972
16.008435
12.000928
25.010153
13.004032
8.029715
24.005970
21.000928
33.000928
14.000928
8.034771
20.003792
19.006837
14.009781
13.025244
16.003592
12.031930
10.002300
8.028079
16.017627
13.003752
14.003672
9.009110
29.004052
13.005390
11.005550
18.003752
11.006697
12.000928
8.027986
19.038643
29.002220
119.007423
19.008634
12.000928
10.015419
15.043866
15.003808
12.015530
20.018260
10.005950
8.015729
16.000928
12.037196
10.009497
9.008289
23.007062
20.004072
13.007323
81.003912
33.003892
13.041674
14.019840
19.005411
17.010773
12.006737
18.011659
19.007482
25.002220
20.000928
13.008748
8.010937
9.032107
10.003712
14.028576
14.003532
16.019785
12.003829
14.003952
13.008414
10.012423
8.061275
10.004032
13.010340
9.070019
11.003773
13.014166
9.006050
7.013165
15.005790
14.008327
9.019972
20.005850
19.004950
19.002680
10.014043
13.000928
18.009135
9.028494
10.004012
9.005939
7.011885
18.006597
27.002220
18.015575
16.019252
22.006643
15.007388
29.000928
34.002320
9.010241
14.004112
20.005525
23.004032
19.016758
10.000928
10.000928
18.014540
9.000928
18.010721
12.006857
11.008309
23.013497
14.013197
26.000928
12.019263
25.002220
14.005590
10.000928
17.050638
14.016417
111.003892
27.036541
24.015917
14.010433
9.043520
14.017676
19.045043
11.000928
13.000928
33.006070
9.013869
35.000928
8.077184
10.004069
28.008068
11.005085
13.000928
9.004112
44.005920
10.012797
12.017427
11.000928
13.003672
10.009381
18.003572
20.003864
7.023742
15.008090
14.000928
8.056112
14.011050
10.008109
19.013666
13.006489
40.009310
16.003792
22.000928
14.004049
9.003992
14.003632
8.020956
21.000928
73.003872
9.028377
14.002820
9.000928
14.004132
13.038980
14.047678
11.000928
17.015781
9.026195
8.005805
16.004132
15.009181
16.007583
20.015149
20.000928
33.007482
16.009241
9.000928
37.009303
14.018604
12.015575
10.000928
22.021004
10.019878
12.011981
18.008041
21.010630
17.042332
15.007937
23.010881
19.021196
20.009513
29.003632
19.003972
28.032320
106.003872
33.003532
23.033087
12.000928
23.017852
13.012941
8.042034
14.020350
30.005490
18.011199
18.000928
12.011639
17.007483
14.007349
24.029653
19.006030
14.037418
20.000928
13.017580
15.004032
21.006642
21.007901
19.019522
20.003952
24.003932
18.046147
25.004072
14.009941
25.002162
38.003889
20.000928
18.000928
13.031645
14.027578
17.003206
17.006383
13.010913
9.026230
59.011787
14.007483
29.007503
19.005250
20.005810
19.007036
12.007097
31.007257
29.000928
24.000928
16.014555
27.002220
20.003532
35.013723
16.005451
15.004112
18.038844
11.005735
19.013741
34.006823
38.000928
15.000928
12.029778
31.003632
9.000928
19.011150
19.000928
18.002300
33.020324
14.047618
13.000928
22.005544
22.010887
14.010577
11.014653
17.034705
24.002220
20.014524
19.003872
14.005521
29.000928
19.000928
13.023892
19.012191
25.011699
19.003892
19.004442
21.005305
28.003350
14.020278
14.022792
12.056053
36.000928
17.019003
26.000928
23.002380
13.042227
21.000928
28.000928
19.009227
25.008359
29.004132
24.000928
17.023520
44.005450
19.005790
20.003532
20.000928
12.046354
29.013603
21.011852
27.005210
15.003572
14.005730
13.030876
29.054504
19.002220
14.019583
32.012190
36.017011
20.000928
23.009713
35.007994
23.005870
15.000928
23.056010
32.008329
27.003752
23.007282
20.004132
29.008850
26.000928
12.000928
28.007368
20.000928
14.012826
13.005011
24.053442
24.053187
14.029761
11.011503
12.038668
30.000928
15.009421
14.000928
14.002950
15.006443
46.016641
21.000928
14.013963
17.025373
24.019758
24.006783
21.002720
17.013935
36.007849
29.000928
113.003692
40.006797
17.041438
34.018501
24.034293
19.014009
20.000928
19.000928
18.037767
29.010959
19.038174
21.000928
19.000928
27.047422
14.040485
