13.015777
8.022436
19.011711
7.009447
26.015502
24.035606
10.000928
8.034319
24.070265
121.009607
19.006050
72.022186
21.004258
12.044069
9.024014
15.005444
13.022500
9.031233
5.023281
8.019352
9.034615
10.008289
8.041683
9.031913
11.019404
9.003592
7.050756
9.045112
11.010207
13.006030
14.008869
13.042788
9.039740
17.004278
6.085253
16.009927
12.021712
16.009907
12.028981
11.004578
12.011131
15.000928
10.010087
7.024581
11.008875
7.026493
15.000928
13.030643
15.000928
20.009467
12.033506
9.044214
9.034825
14.013000
14.046569
51.009487
9.011793
7.034239
19.005150
21.006010
7.038436
16.004438
9.003918
12.028371
9.008455
9.037724
14.032710
5.002440
20.008055
12.017494
9.032705
9.012949
5.005881
9.030717
10.009887
7.026131
19.006962
11.007362
14.004118
9.005110
12.043750
9.015202
9.043506
6.011441
14.008175
8.003732
8.058731
9.010065
9.017445
9.009667
9.017991
6.008349
13.006797
9.031711
28.055488
9.055471
19.005410
24.012371
9.044339
6.000928
17.033465
9.011171
9.059684
9.053700
12.002890
11.035732
9.020157
9.029855
4.084742
6.011110
19.007622
8.000928
18.005450
9.014908
21.010187
8.005330
8.071517
21.008535
7.034771
9.065681
9.047458
9.058881
34.029997
15.000928
9.003758
8.033376
9.033907
11.010961
14.003992
12.036255
10.000928
13.042454
14.024342
19.012351
5.004468
13.006423
9.052959
11.000928
17.031511
9.029114
5.013263
11.004483
26.046743
21.003992
22.014895
10.008221
9.014215
13.059803
11.007148
9.010067
27.012513
9.015157
9.029498
9.039841
9.037129
10.005310
13.030620
31.008215
12.005950
9.015422
10.002500
8.061490
9.031322
9.022556
10.008568
8.033362
9.020804
9.032760
16.003858
24.004278
14.003978
29.017409
19.004032
12.014701
9.054674
9.035121
19.020670
9.034137
11.008855
12.020418
10.007462
13.050351
10.003872
10.003992
18.005875
8.023288
14.028631
16.003552
7.019338
19.040690
9.052962
9.017930
9.048120
30.004238
9.021784
13.040822
21.005230
34.003878
12.022862
21.003958
32.009973
14.021285
9.008654
9.009535
19.021482
14.029806
12.004418
13.004098
19.008359
32.012957
9.036833
26.000928
40.005290
6.055215
16.006110
8.003572
18.068661
21.003958
16.000928
10.014419
9.024365
9.031158
12.004583
6.039186
24.016357
10.010733
23.030793
9.043406
9.039725
9.040090
29.032909
19.005830
21.003918
24.000928
14.004578
7.041646
9.018992
9.027185
16.005590
22.012539
21.014145
27.040134
19.026931
22.004458
17.026431
13.028917
9.037077
9.037956
21.000928
19.004398
18.004283
9.000928
8.027370
26.003752
49.008735
12.049494
61.005570
12.033017
9.015297
14.006050
31.004178
14.003832
17.008722
44.007783
18.008029
15.061399
14.055711
19.015375
19.003958
19.026732
13.000928
22.008839
22.005190
24.017148
10.002620
13.012429
10.005735
28.016574
13.004638
18.008535
14.005350
11.023894
15.000928
13.041166
19.021728
10.018510
8.022770
46.010327
36.008935
15.025495
19.015656
10.004630
15.009521
19.006090
13.003406
18.011891
15.000928
13.018800
11.022037
17.015681
19.018095
14.042693
14.015068
20.005994
8.030921
19.035395
34.022596
36.008475
20.003812
7.003792
18.046089
9.056328
14.025076
9.030883
14.042707
10.000928
15.007017
25.004578
12.015161
23.045923
29.041343
10.003692
23.017043
21.005210
12.057595
9.049794
10.022064
23.024944
20.008688
13.028220
14.024056
26.006230
17.034897
14.033939
9.043982
20.003852
18.031587
9.019578
14.037520
39.052556
19.029857
24.006883
21.004038
17.025332
15.000928
76.003552
11.018220
19.014973
10.004887
23.031291
41.003792
22.006962
19.038035
14.025746
14.008081
14.022395
11.008469
22.009827
14.035681
19.003638
15.002700
10.013681
22.021184
19.023648
17.000928
17.025877
35.003632
36.008475
25.052753
16.008655
12.030493
22.007995
16.027391
24.011603
14.045642
16.010047
39.009907
24.016503
35.010047
28.010087
13.000928
28.015611
24.008547
27.010287
23.008175
12.006922
20.004052
40.004338
17.049089
26.005810
13.003832
13.029251
29.018665
11.000928
17.012531
11.000928
17.067190
14.055327
14.012459
26.008955
47.011007
19.033217
19.019016
14.045616
14.030297
45.006544
23.006683
9.042020
14.035027
15.000928
18.011865
9.037829
24.030341
14.011199
14.009583
14.006822
19.013383
19.012956
16.002820
22.017153
19.018127
19.037549
19.022996
13.000928
25.042740
24.031169
24.015633
14.017972
19.025681
9.029963
20.008154
13.059502
55.002720
13.041200
20.004482
33.062242
39.021970
14.020104
14.005051
14.028929
14.020665
14.041215
29.028519
35.000928
33.017045
14.007162
29.024236
29.030133
24.006683
15.004422
24.000928
23.005436
10.013371
28.039943
59.020978
25.007849
23.028840
24.006097
15.003552
28.055350
19.023366
14.014081
19.029259
17.018112
