33.000928
16.014963
7.021506
20.018120
10.000928
41.007042
10.000928
43.015709
16.015721
12.037224
19.005562
19.005656
15.007729
9.000928
12.000928
22.000928
17.025379
40.002726
23.038234
9.061352
11.000928
19.012263
8.000928
14.000928
11.000928
11.031484
10.021188
8.004738
18.000928
18.000928
16.047464
19.018297
39.008928
16.006542
12.020317
21.000928
7.013889
30.002660
8.018446
11.000928
7.018780
9.029704
13.015874
16.007177
9.004767
10.000928
8.009841
13.007289
25.004422
23.007942
12.014696
36.017233
9.040482
23.000928
54.000928
13.000928
7.018194
10.000928
10.000928
12.000928
8.033533
9.053667
9.054277
11.000928
18.003792
12.011349
15.058675
34.028865
12.000928
21.022481
14.005730
21.000928
18.000928
8.042939
23.000928
12.018600
12.040738
7.013538
21.009158
20.000928
23.034718
9.040188
18.000928
23.007829
7.000928
18.011925
26.000928
15.000928
27.000928
26.008370
7.000928
10.000928
9.002606
18.010601
13.024245
19.036060
19.022332
16.000928
12.006030
9.016614
15.000928
8.033852
17.002220
17.000928
25.000928
18.000928
13.042857
15.002400
18.023770
15.013380
13.047809
10.000928
8.015794
9.032006
35.000928
13.029951
13.002320
16.011005
21.000928
15.000928
20.010381
110.004383
13.028665
19.029949
30.000928
9.003733
13.013163
19.011079
10.003813
18.028259
30.000928
15.017786
43.004343
12.014876
31.008509
9.011443
8.016928
12.000928
11.017720
19.008615
16.021083
18.000928
30.003692
22.023207
16.007713
12.015796
15.000928
108.014157
11.032329
20.015015
11.038541
19.006090
12.000928
11.017846
22.000928
14.002566
11.009913
14.015527
14.038781
16.006597
17.011647
10.002122
14.005804
25.000928
28.000928
15.019255
17.028107
19.032218
14.005990
13.002240
18.000928
27.000928
11.000928
21.007748
12.000928
41.005050
10.010559
20.008549
32.007382
12.000928
18.000928
22.019916
20.009461
9.031387
12.006050
24.048331
14.011525
15.000928
13.006969
8.003653
25.012231
12.000928
14.000928
11.040200
19.057737
19.007623
10.008209
9.000928
14.004092
23.012203
16.005845
29.000928
17.010813
24.006070
17.000928
32.012020
13.005690
10.016949
21.000928
21.034299
15.008950
15.017150
18.008369
15.015875
20.002606
38.000928
12.050429
20.005604
13.024933
19.022372
10.003972
13.010235
35.000928
13.053435
9.011565
16.006637
24.009841
9.021888
17.026152
19.017095
15.006770
12.010933
15.015947
14.028110
15.005955
23.007302
15.004623
9.011303
25.000928
17.008608
15.007542
11.000928
11.008873
13.000928
20.018726
12.000928
13.000928
18.003812
23.012027
27.000928
9.008049
28.000928
14.005091
17.016079
9.009927
14.012181
21.000928
12.064630
21.000928
22.013671
15.014047
24.007182
13.005950
19.030477
9.024321
20.008789
21.030091
16.027327
16.000928
12.040644
12.000928
23.007811
18.005457
124.006665
25.000928
12.042449
24.012419
14.015666
35.000928
9.015393
13.045739
9.054568
14.015484
29.055631
19.026741
19.007028
16.007849
13.016893
23.048087
9.037229
9.017189
14.018171
25.000928
13.020218
19.019658
25.000928
18.009909
24.012977
20.004483
18.050488
14.040500
12.015676
18.003872
11.012519
18.022122
17.000928
24.000928
19.000928
69.005895
23.030597
24.025392
14.011731
14.031421
14.010840
9.028513
19.003558
14.014260
19.025730
29.014171
24.026390
32.000928
16.043696
27.008531
27.000928
23.006642
29.011537
39.013503
20.005044
15.008815
27.007522
9.052008
17.000928
16.081821
14.006128
9.038588
13.008773
45.024884
24.014003
49.013923
16.004143
12.020637
14.046748
17.011786
16.029788
19.025230
14.034220
12.000928
16.016145
22.000928
19.000928
19.000928
11.027846
24.008785
16.000928
23.014223
19.004663
12.023268
20.028569
19.009486
19.024576
29.038401
10.006364
14.005824
40.005404
33.000928
14.007262
54.000928
29.000928
28.006662
19.010011
9.062361
19.030063
25.018866
17.000928
37.009721
23.012311
32.008199
45.000928
25.003672
14.017709
42.014856
22.000928
27.000928
33.047328
29.005311
24.048601
14.033511
24.016147
17.000928
42.000928
14.005124
39.000928
16.000928
23.000928
29.000928
34.000928
27.025785
39.013561
13.000928
20.005750
24.008655
29.035361
24.013528
21.000928
17.064860
24.015546
34.019249
12.000928
21.024716
14.027651
16.008581
20.000928
34.006442
16.016653
24.062341
46.000928
42.015397
34.039211
19.035293
31.007222
37.020766
17.003612
22.010759
30.000928
27.050440
25.008482
43.010427
29.030969
24.011359
21.006576
20.004283
26.022820
40.005465
14.006015
