23.032341
14.006789
9.000928
9.011279
8.033306
9.033860
19.025460
10.006757
10.007447
112.013219
9.014749
14.027095
14.017259
9.013311
9.052173
14.034650
15.009475
13.043344
10.000928
8.030681
9.039712
11.011170
13.000928
9.006557
8.022205
9.015055
9.035701
10.000928
13.059530
10.009181
14.004523
15.014477
7.070264
40.004924
10.009601
23.009461
14.008229
19.000928
11.012173
22.005424
14.000928
13.031389
9.026797
9.014389
10.005184
14.000928
9.006643
8.025690
10.007506
14.007915
8.018677
15.011899
13.006783
9.022120
9.040116
9.010717
10.004623
9.000928
13.014149
9.025946
15.004422
9.009341
14.008409
18.045174
9.046631
14.017454
9.014802
16.010651
19.007637
17.018355
9.026473
9.034019
10.004092
13.014775
20.010821
18.003678
14.036646
19.051472
25.006663
8.049422
54.019384
10.004603
10.014466
18.014323
13.012659
14.028211
9.040604
14.027452
10.003908
13.017642
10.004522
13.036657
11.009301
29.000928
7.035183
10.005164
23.006703
14.044954
100.013940
11.009481
31.011323
9.018912
35.007457
13.020930
11.006977
39.005104
12.005296
9.013397
9.032074
9.031527
10.003972
8.021899
10.003070
23.007432
9.032812
9.034257
9.054576
9.008281
20.006976
9.010619
14.005764
14.000928
9.003552
13.011155
10.016387
24.012130
8.034817
11.007037
7.067496
15.006216
8.011765
15.010161
19.000928
13.008261
9.030529
9.056117
14.042360
14.036764
9.049812
15.007929
13.010825
9.018072
12.036566
31.011040
15.004032
13.023926
10.005464
18.055290
14.008455
15.000928
24.003772
9.006597
13.022598
14.011599
9.042163
10.016070
13.032824
14.052794
9.041359
12.010657
21.029221
19.026488
24.023605
19.041287
14.030697
9.027791
9.043250
20.007466
9.003712
8.027244
10.007441
14.008329
39.010221
8.049110
15.009821
23.009593
9.049070
14.015372
10.033241
13.027465
9.030850
9.025740
10.004092
18.021268
10.005724
10.008289
12.030457
11.007157
13.006476
8.030984
14.008241
9.017466
35.015042
10.011040
7.040262
9.035819
9.010247
9.051397
9.024734
19.020310
14.041440
10.003912
18.014135
9.025344
11.004578
12.007229
9.032828
14.017820
10.004503
11.020232
13.011703
17.066988
14.032626
9.035001
65.009921
14.003652
14.005224
11.011679
21.009999
9.034328
9.037039
9.022376
27.009621
6.048333
9.030561
10.004583
8.036897
9.009859
15.006676
15.012626
8.007256
11.005164
16.013992
9.031198
9.019850
9.068745
10.009221
13.019352
9.009055
9.028668
9.016259
15.005404
14.009801
14.013849
13.060484
15.006456
15.003612
12.005270
9.014703
10.005704
14.003692
14.002620
14.005464
9.022356
14.007287
13.014000
16.005944
8.019209
18.021774
9.039730
9.019290
9.005970
9.020076
12.005324
17.003832
18.040446
9.013457
17.008489
7.007116
22.005684
31.006636
8.029712
10.023907
15.006836
12.009139
9.046050
9.035223
10.014230
10.005044
22.009367
15.004442
8.024736
10.004483
13.049881
14.014764
10.010427
13.008095
9.054077
14.016322
9.009473
14.019672
9.025394
21.005464
12.020206
9.042284
14.082462
16.009807
13.005064
15.014217
12.018171
18.005170
10.020019
9.040104
14.051910
9.044710
14.036854
10.000928
9.019837
22.009101
10.023149
14.032728
17.009221
17.006776
23.013051
9.050916
9.028502
9.010187
14.032081
14.008129
12.009741
11.026232
9.010147
11.005444
18.005344
18.031533
17.005264
10.005364
25.034800
14.026973
9.068849
10.007056
14.006877
8.014803
14.016874
13.005284
10.024674
23.000928
10.034243
9.032283
14.005310
15.005384
11.005444
19.014881
22.006316
8.029264
