33.005795
21.000928
48.000928
28.000928
13.008007
15.000928
26.007037
28.000928
17.006171
15.007528
13.040936
16.000928
19.000928
60.000928
39.000928
26.025070
17.000928
22.002406
11.009441
14.000928
36.014123
24.007323
44.005990
18.000928
18.006616
24.000928
13.003652
27.048174
16.000928
24.000928
18.003892
17.000928
23.000928
22.000928
23.015727
20.005524
13.005631
11.000928
20.006777
36.014019
36.000928
32.008301
15.005244
15.006213
22.020352
17.003932
37.000928
14.003572
13.009539
24.041850
24.035145
109.009243
22.000928
18.012043
19.000928
78.000928
14.003932
28.007403
9.007815
15.003446
26.019200
12.000928
11.000928
37.000928
11.013891
39.000928
17.000928
24.000928
36.000928
14.000928
12.009339
9.000928
15.008295
29.000928
17.024168
19.018901
12.006757
33.000928
23.000928
23.009307
24.009787
15.000928
19.002480
53.007803
21.021796
13.005065
34.008383
18.004378
20.000928
49.000928
24.000928
33.008655
20.000928
40.000928
14.010757
20.000928
21.034530
11.006817
12.008255
15.000928
14.004072
33.007203
9.034117
14.024608
20.005585
30.000928
40.000928
37.000928
23.029008
15.003692
18.039642
11.000928
15.000928
11.006010
19.021343
27.000928
17.014443
18.017327
20.003672
29.006796
21.000928
12.000928
18.019046
21.026503
18.000928
33.005790
20.000928
16.007303
38.000928
17.005416
34.005830
10.003872
24.003532
15.000928
35.000928
23.004052
28.000928
13.008423
20.004132
19.000928
18.002220
32.008170
28.005164
15.014764
24.000928
26.000928
11.000928
32.000928
23.009933
18.003852
28.000928
32.002600
18.014217
25.002700
13.010913
13.000928
22.000928
17.005450
14.037179
24.023942
19.016460
22.010167
17.002400
13.045084
19.033010
24.015421
22.013651
19.007083
31.008735
25.003972
29.000928
23.008695
23.000928
50.034397
16.000928
24.007561
13.004292
18.018087
49.006983
19.010979
37.008294
19.003632
24.003732
33.000928
11.011870
31.003652
11.000928
20.004032
50.005430
19.014609
16.000928
25.000928
25.002446
34.000928
25.022912
42.006877
34.000928
19.000928
14.000928
56.013923
19.009015
17.000928
33.004603
23.005550
24.002780
33.010951
22.000928
16.041232
16.000928
36.000928
23.007076
28.022144
34.016222
29.000928
13.000928
20.003732
25.000928
30.003592
21.000928
33.006849
15.000928
14.006837
27.000928
25.022442
19.006571
16.006597
17.005990
32.000928
30.005770
31.000928
17.007303
25.003532
17.000928
30.008761
19.022838
26.000928
25.000928
37.000928
22.000928
57.000928
27.017109
28.009633
43.000928
21.006963
23.000928
15.005670
12.002526
21.014379
45.000928
16.000928
29.004292
37.010231
34.019604
19.000928
23.018560
17.000928
28.039454
18.007780
13.038835
40.000928
21.012012
29.000928
45.000928
64.000928
25.040886
37.000928
64.000928
35.000928
20.008615
29.017001
42.000928
46.010401
34.008521
29.007289
42.000928
26.055058
16.000928
33.000928
10.010993
23.000928
34.003792
34.000928
40.000928
31.000928
23.000928
34.000928
19.000928
63.009161
35.000928
22.004243
73.006988
64.009135
50.002660
26.000928
34.008475
41.005965
32.000928
24.000928
34.000928
24.000928
38.010655
16.000928
71.002360
23.019032
54.005130
14.025126
28.000928
32.000928
38.000928
28.012171
34.033559
45.006015
20.005741
34.016642
22.037659
39.006010
25.000928
25.004142
29.000928
