107.028660
9.032412
19.031079
9.030466
39.009114
30.004052
17.009239
10.013811
9.016396
29.008914
12.003732
21.005570
9.047052
14.021762
9.022346
9.019743
8.019158
15.009215
11.019775
18.009675
13.034389
9.008874
17.019326
11.046623
10.010107
13.017859
10.003592
8.037859
16.009520
17.017705
24.007848
11.007357
13.008130
18.040738
14.007142
14.009706
9.034079
10.010041
13.018046
11.021018
13.012505
9.015919
18.023429
14.040705
9.013920
9.008881
11.006359
22.007928
13.014590
25.023140
95.004463
14.013910
14.000928
11.003532
16.041328
19.030043
15.003912
9.012545
13.024773
9.023262
9.033561
15.009767
14.011553
9.020138
14.003812
23.005430
9.014857
10.003532
11.004092
11.048840
9.020092
13.000928
15.051188
14.029276
14.018200
11.011905
13.003832
28.005790
9.019792
11.012745
10.003692
11.051556
21.008208
8.011517
10.006025
13.016700
14.005184
13.015585
10.008397
11.023740
26.042396
11.023942
14.003952
17.015869
25.009253
8.042413
19.002220
14.036234
29.042008
19.018883
14.008322
16.011565
17.009113
13.008229
8.026964
10.011113
15.011711
19.017185
10.019818
11.012605
11.019563
21.024582
17.007528
18.020480
20.003798
10.004602
13.047190
9.047513
40.003552
14.011120
14.006537
10.003912
12.005970
17.003792
26.048890
9.030565
9.045015
12.023024
11.049962
9.020912
14.006942
17.006917
31.032036
15.007016
18.029675
9.044167
14.009725
20.014365
19.021996
31.019204
11.031280
15.004032
15.013624
23.007297
16.003912
13.018704
18.003772
12.004012
9.000928
11.002220
13.037093
40.002220
18.008488
18.011925
18.014157
102.003852
8.069244
13.036227
21.063156
14.006923
13.031274
12.012403
13.007929
15.006937
18.017614
18.007263
19.011929
13.030354
35.003812
13.016747
14.014043
14.041166
23.003672
15.009621
19.017832
9.036494
9.034199
14.023209
17.003592
17.003812
8.026484
9.013437
14.027864
14.006943
19.007368
14.038903
36.003952
17.005630
11.008089
12.053123
14.015375
9.028382
20.003892
13.005790
19.028893
15.005595
13.035690
14.024585
15.009991
16.000928
23.011877
32.023614
19.016574
14.035596
14.014863
14.020094
14.010181
19.041556
19.012477
9.013819
9.059280
11.003872
13.023790
13.036616
14.012327
9.043858
21.003652
38.004032
17.010961
11.022539
16.006837
16.007682
14.014329
14.025944
14.052996
24.011635
20.009961
18.006923
19.019474
19.026499
24.007342
30.004032
13.025014
14.045596
14.022064
29.024280
15.006716
28.043730
14.020684
19.008721
14.051992
17.007337
16.043286
14.039913
19.026806
20.012661
13.022462
19.033033
15.005185
18.008694
19.006403
19.017123
14.013451
19.018269
20.003652
9.002830
13.024792
14.006663
19.017265
14.008754
14.007455
14.020875
14.022716
19.025594
15.009129
13.011953
11.003692
12.005536
14.008865
14.016727
14.010181
20.009341
13.010021
19.029875
20.004112
13.024378
14.032705
16.012233
17.057854
9.036558
14.052602
14.073047
25.003652
8.031773
14.008395
24.020860
19.029119
19.017201
14.041871
10.004032
18.023930
30.000928
16.003552
12.025221
8.066557
11.008149
17.037893
18.007157
22.009215
11.005125
25.027872
19.009567
14.027834
14.047142
14.033275
19.037175
9.021599
24.024449
9.033313
24.006794
14.015340
29.042088
10.003952
23.029676
25.000928
15.003712
17.009413
14.021256
24.025085
11.004482
12.060231
9.026630
19.041816
14.056155
19.012837
19.013461
9.039484
19.013235
15.009021
20.003752
37.057215
14.011059
15.004112
13.019192
14.017608
14.032316
9.066082
29.009699
35.014037
19.003652
28.024496
21.003592
37.008660
14.028375
19.006542
19.024392
24.009507
30.003932
23.006854
14.057612
14.038444
9.044773
19.011755
15.003812
18.039373
14.026056
19.031489
34.009101
20.004482
13.028517
19.008115
19.023708
14.029507
24.008615
15.011763
13.042036
14.028855
15.003632
18.037095
19.040289
27.003892
20.003632
40.038338
19.033429
24.010099
24.019357
20.003732
9.011897
18.028843
16.004583
12.019224
22.005990
31.024258
24.018719
20.005264
13.027746
19.011987
34.015795
22.003532
31.029852
19.019738
16.009850
17.011559
14.020800
24.015435
21.004582
27.045587
24.017671
14.056639
25.008407
23.046938
19.014955
21.003732
17.034667
24.023356
14.026825
14.045590
20.003952
28.014313
19.020140
15.003692
24.003832
18.019424
19.046500
15.000928
23.037629
21.003952
15.004132
32.000928
19.004582
34.003672
13.009967
15.004222
48.025475
17.000928
21.029910
24.034894
24.010215
44.005570
21.011175
17.017446
24.025312
29.008215
19.016161
34.039914
14.020917
14.024560
24.035431
24.041828
30.004422
18.012331
24.008735
15.011233
13.054397
10.028869
14.009313
19.008875
18.013419
30.003034
29.002220
23.017013
30.003972
20.000928
28.030719
