107.027685
20.031148
14.005925
23.023323
16.016948
12.026138
13.013297
8.006857
18.022470
8.004638
21.006957
20.007237
9.019592
15.026966
9.026112
39.057741
17.008799
14.016587
26.030222
24.040789
36.010733
10.056044
13.015167
17.041730
14.006096
10.022234
17.036381
10.035773
14.014915
14.043665
13.023211
15.029733
14.024185
29.043343
19.017800
19.018932
20.014495
15.009501
7.048353
16.010793
13.003612
9.006597
13.034939
17.006557
21.035815
11.025798
22.005716
14.034697
27.062750
11.039780
29.015606
17.005955
11.026159
13.011519
28.000928
12.007596
15.012105
15.008089
12.020770
10.003832
12.045416
9.055760
14.007975
15.013661
9.003972
11.017594
11.031315
9.025580
9.038242
9.030129
10.022550
13.042788
12.006277
16.027430
14.062521
21.006656
22.031895
9.039936
15.007311
13.057792
19.033159
15.010773
13.009587
45.018427
15.000928
12.028562
12.007749
41.040469
12.006797
17.008009
21.011159
17.003752
11.010001
13.014523
22.033033
24.020683
26.007609
10.023152
16.013879
9.036565
24.018812
30.011543
8.042099
9.032503
35.000928
12.003652
10.053258
25.046496
13.025833
9.030348
14.012667
9.055263
31.011239
9.011004
22.033586
18.027904
13.006717
12.004072
24.016121
9.013361
13.057275
13.006977
30.016615
17.008349
13.003912
12.045009
11.008795
12.058514
10.008011
19.007276
17.006737
10.055828
14.013429
9.050261
14.025396
24.017029
14.019572
9.034803
14.023608
9.017241
19.031998
14.022962
31.015441
12.029250
15.006903
12.014551
12.011579
19.013537
18.000928
24.009579
8.028785
9.040709
14.064056
44.037003
29.035723
27.038042
11.005650
19.048584
19.048107
10.003912
18.011665
14.017880
25.012545
25.010661
29.012145
22.024873
19.031293
13.006437
21.004122
35.006316
19.006557
13.008775
13.027839
11.008089
18.012849
29.007027
13.043944
9.013543
10.014359
25.017176
12.033011
16.000928
13.006417
19.015129
23.042683
9.064774
19.013449
19.011025
21.010973
12.026848
29.009507
29.018806
14.027618
14.008214
24.029066
20.009707
13.042640
25.005524
18.047899
17.045371
11.047419
29.017959
16.014085
12.024567
24.022834
19.027935
14.030135
19.024566
19.032437
15.023794
14.010159
23.005470
14.030443
12.008949
11.029219
19.034425
14.029393
40.006816
16.045972
11.028519
32.009307
11.028965
23.012935
15.052353
16.007949
12.042029
14.026002
22.012559
11.042198
10.036303
23.013723
17.008189
21.009347
15.006643
61.011093
16.018069
14.009001
26.012191
18.008102
8.036530
29.021736
13.030448
20.033091
10.024272
23.051533
19.028836
9.040425
15.003832
13.033687
19.006682
24.042035
15.006796
18.013795
14.020247
14.017865
10.012423
13.022652
9.052298
23.012145
15.015730
19.035942
14.008235
14.015540
20.014079
22.042124
16.005564
28.018207
27.003972
13.004523
14.006897
17.045441
19.015841
27.000928
20.008295
28.006957
9.005385
20.009695
27.007629
24.011359
29.013564
28.011378
13.025441
12.014962
11.046934
19.008181
14.035225
14.032049
16.010110
20.007182
16.053868
15.006217
28.034002
15.014261
13.039551
14.051951
14.027125
14.025694
24.027369
16.010853
27.035802
24.037489
25.006224
25.000928
23.014499
25.014347
18.003632
18.027966
30.003532
14.006743
23.008335
22.013797
11.027007
34.030295
15.007327
36.016609
17.000928
28.024626
16.003872
17.017578
19.015635
14.013263
9.027777
19.033239
14.034950
39.021463
14.005030
14.025060
30.007787
20.009361
18.009850
19.002400
12.005285
15.041794
15.010367
15.007017
22.042757
26.009361
19.007630
17.028218
19.011264
22.008315
12.016584
19.009501
18.014903
9.054809
20.004302
33.021650
19.028427
15.011225
18.018775
24.021736
20.018097
24.008289
18.028747
14.034281
19.028688
15.011179
