42.010013
40.000928
13.014416
14.048225
9.047302
19.036469
12.003912
7.046220
11.000928
8.003952
8.009841
8.061800
7.039991
17.000928
9.000928
13.020876
9.019240
14.029469
7.000928
11.040441
7.011019
11.016499
14.030422
12.019212
13.049513
14.013863
7.081662
14.004318
9.003998
9.052851
14.042411
9.042906
29.009801
9.003538
9.018007
20.011481
14.000928
13.020986
9.045681
7.011359
22.005265
8.017954
12.004342
8.012165
7.038373
14.058930
19.016075
9.024096
7.013623
7.012545
8.056910
14.009767
42.020633
7.011599
23.060161
14.012673
11.008649
7.050535
10.015221
8.023474
25.005924
8.046938
7.000928
10.006550
20.019758
9.021100
6.011039
8.000928
34.012373
8.045712
10.000928
10.004663
9.005915
8.000928
8.012217
11.009587
7.035357
9.029080
9.020630
8.005730
15.025072
9.015516
9.019984
13.014239
8.009331
23.009527
12.016282
7.016888
7.008249
12.010953
16.002566
11.040402
11.003798
7.017989
11.011465
14.058472
9.031380
9.028762
14.011651
9.048338
14.020660
19.019362
6.015055
8.003972
8.023400
10.000928
15.010533
9.005150
7.054689
11.004132
13.006857
9.016658
8.072902
7.008415
12.015664
8.046638
9.013287
19.044500
9.029246
12.010021
6.041899
9.009505
20.005625
8.058860
36.015305
8.030618
33.036275
14.034419
24.020828
14.025648
20.011061
8.010531
14.071212
10.013941
13.014495
24.043833
7.000928
9.016361
11.019818
9.066184
10.014327
15.000928
7.039622
14.035757
12.014635
11.034441
7.011093
16.015927
19.005856
9.053609
10.013923
8.034559
10.008189
9.007342
9.006842
14.000928
18.042351
14.045339
9.072186
7.004423
16.023914
11.008781
12.032217
9.006743
14.054072
8.005791
10.068659
35.011411
8.031985
9.014567
9.080533
14.009185
8.000928
16.000928
8.022302
14.026613
19.018720
12.004343
16.038638
7.014385
13.014731
12.019100
14.024744
9.046772
14.015906
14.020890
14.047646
7.000928
14.000928
11.022250
9.030389
14.041643
16.027726
7.054558
19.014024
10.004454
13.008286
9.015225
9.005316
20.046059
8.041530
15.010140
18.051465
14.020358
29.026047
9.070706
6.023382
9.003592
17.022705
14.012723
10.012988
18.021734
9.031223
8.012331
15.011385
14.016700
19.008475
34.032877
11.013723
9.008474
13.000928
10.003992
22.037935
14.048500
14.008975
14.021128
15.003889
31.011643
11.023528
10.025260
19.008347
10.009255
17.012251
10.003274
8.066000
13.015515
20.016703
11.000928
12.007328
10.000928
8.072820
21.004018
9.002826
19.006865
13.000928
8.032151
11.000928
7.058917
10.004052
11.015427
17.003892
13.025539
19.050127
20.008089
9.000928
8.064265
11.004203
12.091585
9.044734
14.027956
14.006513
14.043314
14.013905
11.004523
12.008161
9.064450
10.006469
13.019088
9.032143
9.028397
10.019284
13.060372
14.011059
18.003672
15.071305
19.035325
29.017038
14.024188
9.027076
11.013137
24.004643
14.000928
13.000928
13.046095
14.032080
11.031794
17.029741
25.007097
10.002840
14.017706
9.037340
8.000928
13.022142
15.005565
8.056301
11.018196
8.009647
18.016587
14.059992
15.004662
19.004662
13.035891
14.027441
20.013499
13.025150
15.008581
13.002220
19.024790
14.056104
14.027606
9.042714
14.026119
14.022418
20.014321
18.046156
14.059594
14.077959
9.042590
14.025507
19.028017
10.016753
13.050640
11.015441
15.012399
21.042629
14.014145
14.046163
34.019872
20.000928
8.028114
14.030151
16.000928
15.004985
13.005485
19.018714
12.045788
10.000928
18.080888
14.024774
14.018547
9.032249
11.006863
18.003366
13.053895
16.000928
12.043550
10.017764
13.047868
14.047968
15.006777
13.045734
9.049324
19.025492
19.070019
14.013389
14.038535
14.061717
19.016587
19.024323
14.017554
24.019712
39.035955
10.015081
24.006159
20.003532
31.011603
30.054675
20.000928
14.015489
18.015495
15.006537
