19.041140
33.003912
14.013737
44.010141
12.012875
13.008155
14.007196
10.003932
41.017147
18.029921
25.007397
15.008269
17.022448
29.093506
11.012737
37.018740
14.010007
11.006576
19.005745
11.037277
27.005430
29.000928
19.010953
35.013333
22.009127
21.025667
15.011093
35.039178
26.009215
19.068736
19.000928
24.008209
18.000928
28.040761
16.031522
24.000928
69.008409
73.009407
30.017645
50.011319
13.009741
27.023448
30.011111
18.017334
37.000928
16.012551
16.041583
15.031781
20.027459
31.015015
20.045537
26.008549
9.009307
20.015640
16.003812
38.049981
11.013984
25.034080
40.059704
24.019124
14.030208
12.028617
22.013157
18.037308
26.031269
22.014973
13.013997
32.012139
11.002266
23.012251
18.010693
27.037136
21.026338
12.057669
16.004662
18.011473
20.006576
26.034371
32.023584
19.008215
29.000928
41.016308
11.008789
20.012971
22.020693
18.021384
16.005165
23.047935
27.007017
15.054566
22.010801
29.008629
34.014178
25.020804
24.008528
11.021212
11.012286
10.022483
18.010341
33.012657
20.014878
18.008848
20.038428
24.013001
19.013837
23.019386
23.040421
13.005524
20.043086
18.014098
30.022394
26.002266
17.026374
35.004332
36.010919
15.025328
36.002600
14.014943
14.010973
18.024382
34.054495
20.007116
34.036366
15.007376
20.012191
41.022668
36.015241
18.015123
36.003872
18.008409
10.003812
21.014916
16.000928
15.027612
16.003844
19.024262
15.003872
18.003612
23.005490
19.029955
16.000928
20.012957
16.040664
24.043760
24.011493
27.016032
42.011063
14.005984
26.009440
8.010499
30.007426
17.000928
48.041224
17.019379
16.008779
24.019972
14.080025
14.085210
34.030435
16.021665
21.012791
24.003150
21.002446
24.025470
23.019392
14.047554
29.013804
25.004278
45.002360
17.020458
14.019677
19.021934
36.009927
14.002680
22.020564
14.039913
26.009627
17.032924
19.017427
66.009872
32.032373
34.009993
99.020402
21.020162
19.000928
23.006702
23.032473
21.016774
22.015941
37.013427
21.037819
14.006782
14.015461
36.012405
15.007276
31.005996
20.023158
14.007869
23.015322
23.020521
10.015277
19.013769
33.009620
17.024253
24.024342
34.012909
19.011847
19.005801
12.027842
16.016615
17.013149
20.004052
13.013309
21.010593
15.006817
13.005636
22.016009
17.019559
17.024009
16.006556
25.009607
37.000928
67.054679
35.014643
20.013863
18.005244
24.011093
36.004152
18.005425
17.018425
16.020921
22.055082
64.022802
31.007316
21.018895
20.013457
19.036809
34.005110
25.006597
28.008055
29.030287
17.015279
26.023940
29.018179
20.007276
67.016390
20.019280
14.023428
21.009607
27.015661
17.007969
11.006383
39.015638
13.012845
20.008640
19.014607
15.006462
34.011099
13.030789
26.003652
26.006796
14.012531
15.011377
39.007042
22.007103
23.005104
24.029224
17.030358
15.013897
45.008589
22.037749
66.004643
27.012797
22.000928
13.013165
14.018445
35.000928
31.022989
41.004686
43.023040
17.003632
17.006628
67.022938
60.006937
42.009826
24.023704
14.027605
32.026606
19.000928
26.061733
29.013829
24.041917
29.012163
24.014263
19.031655
44.026403
30.006805
31.005224
11.027493
34.022247
21.000928
28.006976
25.007463
13.009321
25.005224
32.005256
19.020908
46.000928
20.005225
16.006882
34.017470
40.001842
38.045815
35.012829
28.008075
36.027295
52.013295
26.009221
17.030029
16.003798
32.008741
51.015441
23.004142
16.013417
21.021337
24.011425
20.004363
39.010037
21.007056
28.009761
17.025760
34.044810
15.012539
24.009381
39.007606
28.023683
24.024228
19.019039
29.031100
24.010093
24.018585
46.005244
32.013771
44.008961
34.011597
29.023754
74.029243
29.022536
49.022968
19.038397
39.069685
34.019938
69.025705
44.016666
34.029638
33.008898
47.009527
48.002280
53.029996
24.028823
24.016519
20.004112
39.007149
19.028832
43.018317
