120.010893
24.010973
177.014131
31.010893
29.005424
24.018093
19.016301
29.015069
36.015064
169.015222
42.014429
29.009261
24.007829
48.036124
35.006736
167.004483
36.018409
66.007442
47.006417
19.007176
40.014023
33.025292
54.015269
39.016881
36.031891
9.009907
285.005950
32.015189
28.016401
191.055875
27.014675
25.011133
36.003638
31.008499
31.049345
7.012585
8.005004
37.006717
50.000928
10.009587
52.010070
27.012291
58.013797
14.010813
65.016527
33.014809
46.053303
64.045410
13.000928
207.000928
26.014337
70.025886
64.024380
13.006277
46.008921
11.014243
56.015547
44.012751
14.029637
25.017171
26.007949
39.010813
30.011999
37.011433
50.011233
19.013517
19.013637
59.000928
29.006536
11.011759
17.014223
23.013065
42.028287
17.013417
123.012125
35.010693
14.013277
54.014127
101.015881
28.018721
81.008194
16.010633
27.009400
173.044986
42.006776
64.020203
178.014407
30.015147
59.005250
17.016954
10.009941
27.047700
28.022950
27.011273
72.035761
46.006836
150.013911
89.046172
37.010833
104.018534
41.039118
130.009361
71.009893
39.016241
19.006336
19.009401
121.078965
63.034021
45.010853
63.032827
73.013637
41.004462
39.009947
58.026871
49.015669
22.007096
71.003858
17.016697
26.009939
120.012345
31.012425
106.015661
22.009701
48.013801
32.042447
29.027135
44.078536
34.016126
74.006943
40.015579
18.038873
52.013537
59.007177
135.016571
23.012935
115.000928
82.006537
102.014638
12.006956
29.010753
36.022208
31.000928
70.011727
20.009661
21.000928
103.014783
17.010713
39.010813
122.000928
56.008168
15.006977
71.007909
39.019112
51.011050
54.007116
23.006024
22.032071
46.003692
112.010455
50.005485
47.024193
18.007376
29.008048
14.007196
78.010691
57.045558
24.019552
23.021188
53.006896
60.012611
50.051063
74.020383
46.007156
20.006756
24.009287
41.013357
44.016748
149.053867
44.053675
24.030256
33.010061
152.005305
17.016415
19.018279
54.015073
120.014219
73.016169
49.021823
