24.000928
25.000928
27.000928
41.000928
27.011661
18.004112
21.000928
14.000928
14.000928
28.007909
18.025416
25.002440
21.016496
28.000928
33.003658
19.003958
20.000928
25.000928
56.002380
70.006391
24.002506
23.007297
23.028645
19.034700
26.002780
54.005211
21.000928
30.031333
18.000928
12.004158
20.006917
31.013501
12.010905
14.000928
39.000928
23.007955
15.009770
24.000928
18.016378
25.000928
29.000928
14.000928
23.007363
30.000928
23.002686
24.002240
21.000928
13.000928
68.005245
34.000928
39.003366
20.000928
19.000928
20.000928
27.005411
20.002780
19.004258
19.000928
13.000928
15.000928
38.009607
35.000928
48.000928
15.000928
13.003858
25.000928
33.005345
19.004432
40.000928
24.000928
64.000928
18.004778
34.007875
13.004362
36.013351
24.000928
19.000928
73.005811
14.000928
15.000928
48.006783
35.002420
28.005591
16.000928
13.000928
18.000928
14.002246
19.003334
10.000928
32.007237
63.016428
44.015707
12.000928
38.003612
32.030679
16.002680
20.002640
21.013161
21.000928
27.000928
50.007815
33.005250
13.015336
26.006823
15.008109
52.008729
12.000928
52.003652
29.007023
19.002300
30.000928
28.017288
23.000928
11.000928
23.012491
19.008035
14.002640
39.004172
20.000928
18.005245
15.000928
54.002700
14.003732
19.003692
28.002360
34.005670
17.048519
40.002280
11.003778
23.000928
29.018508
18.005245
13.030395
17.004692
22.005865
23.040213
27.000928
18.000928
34.007203
15.000928
48.002580
19.002480
30.005325
14.000928
28.004032
14.004078
25.000928
53.003938
26.000928
42.003978
19.002500
29.002946
49.010167
20.000928
58.009901
34.002280
29.002400
9.000928
19.010330
20.002300
32.008349
24.004092
29.000928
30.002266
44.002720
25.000928
58.013062
42.025266
21.002680
24.003106
20.002240
34.002620
78.006463
14.004118
28.002500
21.004198
27.008575
25.000928
30.002300
23.003632
62.017383
26.000928
14.009079
19.000928
30.000928
30.004332
96.005805
33.002420
26.002360
19.005104
20.005411
13.002400
28.003858
44.003792
20.000928
29.000928
18.004172
49.005431
31.000928
17.004532
27.045564
23.005211
53.003030
28.007855
30.000928
33.007183
14.000928
29.005011
23.005845
64.000928
10.002600
22.028932
36.000928
19.005371
42.008935
31.000928
15.000928
18.030687
27.019858
15.002266
20.004612
24.005925
89.004984
30.009267
39.000928
33.005071
22.009587
19.017628
16.002380
20.002220
37.005385
20.024941
18.002666
21.002540
24.004412
23.005431
60.003752
23.002520
40.000928
29.002240
28.000928
24.004178
49.003798
19.000928
24.002560
15.004392
14.009341
31.017001
40.005385
13.025268
26.003512
29.000928
42.010401
16.005265
14.002740
15.000928
27.002400
19.002466
24.008355
40.002500
26.000928
22.000928
19.003958
20.004112
33.002760
28.000928
50.000928
24.005513
29.003698
69.009487
34.006797
15.004132
26.028184
26.008673
16.002280
147.003578
24.002846
99.007447
18.003893
32.009727
33.004945
24.000928
27.008409
55.005270
65.006883
32.000928
25.003898
35.000928
16.025059
26.027531
24.002640
69.015079
18.011270
25.004272
28.003892
24.000928
55.019529
17.027055
31.005565
39.004112
60.002220
16.034520
46.003572
17.023964
27.005043
44.004332
47.004238
16.015542
53.007897
37.042932
51.010447
30.005144
25.009895
57.003892
29.002560
