108.004563
6.014247
11.012714
16.011463
17.013709
70.004563
8.052710
14.017872
9.043301
17.006657
16.040693
14.033412
9.035948
9.060005
9.035407
9.033717
9.057946
9.052937
10.014465
40.010295
13.013411
9.032735
14.022948
7.017107
10.024807
12.021189
17.009721
10.007097
22.068385
5.022988
9.000928
18.025155
9.036757
9.005031
8.015543
16.008921
13.008235
10.000928
13.053765
12.005645
15.011871
20.062580
9.061766
19.025911
9.027589
9.047628
9.038157
9.034251
14.031553
19.028944
9.022484
9.056394
10.000928
18.011907
16.002970
7.053964
10.000928
8.069811
9.064767
14.039041
14.029166
29.006430
9.028958
9.050193
9.003658
9.039030
14.026066
9.047822
9.019758
9.041376
9.008415
9.016891
14.013690
10.012459
18.028689
9.037169
9.046803
9.054420
10.006462
10.004132
17.008215
15.020853
18.013783
19.046776
14.004782
16.008549
12.035837
29.024123
14.024568
19.048187
10.008509
13.028879
10.007909
18.022626
29.008401
11.004323
7.041845
14.008001
18.039018
10.033907
19.053264
13.011073
15.024714
19.080876
9.019272
14.018226
9.041878
9.022781
11.009381
13.000928
23.040360
9.025355
19.010571
9.069672
25.014077
14.014141
8.065783
9.056589
11.002340
12.015827
19.051336
19.009015
9.017093
9.054787
6.004018
13.008729
13.053848
14.033471
10.000928
18.049936
11.006716
28.002466
8.018692
15.012995
54.008055
28.024058
12.016252
11.022416
14.024715
8.022881
11.000928
8.029582
9.013291
17.011211
108.004263
12.048083
14.032341
19.013849
13.002890
20.038588
14.014733
14.026278
34.043239
15.006557
93.094501
25.005145
9.013763
28.029951
11.009921
12.061226
16.003792
16.015996
14.009507
15.031209
19.006442
9.055387
9.048345
25.012741
8.033120
29.020030
10.006277
23.014717
9.079002
14.017657
9.065677
15.000928
23.025190
24.053321
14.059006
9.033121
9.043721
19.011165
14.017350
9.058697
14.053493
14.003598
11.006337
12.028158
19.041940
14.007283
9.051794
34.025072
9.064915
11.004563
16.006557
18.009275
18.030223
12.017986
9.012965
10.011945
18.063884
10.005570
14.005201
38.012347
9.042842
10.000928
33.032093
20.013761
10.004323
22.023190
14.039404
19.044084
14.028076
14.010979
9.044253
149.039726
10.008755
18.025428
19.016577
19.028035
14.039574
19.084017
9.029968
11.005875
22.005316
19.073768
12.006597
11.036572
19.026496
31.007063
17.040118
9.039089
41.003992
38.004303
13.078107
12.022928
17.023542
8.033769
14.027170
14.021746
20.005385
8.041139
14.038366
24.025894
9.063832
19.064676
24.011199
31.009791
19.002870
22.017492
19.034406
32.002480
16.054873
14.049184
20.004603
15.004463
12.020846
9.059139
14.035265
12.005785
17.005050
20.028039
17.008895
24.029741
9.058960
32.006617
26.036367
19.018220
14.029639
39.018282
29.010161
19.056688
13.012277
15.017152
10.027237
20.012131
22.040203
9.028634
35.003772
33.048365
11.017919
23.006336
15.002266
7.067159
29.016839
19.020988
14.020530
20.000928
15.000928
27.014923
16.003672
32.019448
29.048132
14.050757
19.027429
30.006176
24.008069
13.085611
14.038138
24.063227
16.009861
9.006917
12.037250
14.074672
16.006857
34.007755
22.046613
19.023732
65.019040
23.050804
34.019452
14.020208
16.003552
13.000928
28.028504
14.049376
14.025181
24.064567
19.023736
34.047662
27.031147
31.007356
24.031479
52.008995
16.067471
14.075143
24.058673
20.003552
18.062097
11.010835
17.046139
11.019096
27.008503
15.002486
13.011345
24.018453
14.020638
19.010779
14.005416
24.040594
34.062928
25.012291
28.041733
10.000928
18.022654
15.017549
28.018416
20.023127
23.006603
14.015376
29.020998
19.031363
19.016047
14.015898
29.026772
24.017333
15.000928
18.029129
10.006469
33.026912
14.035539
19.027244
34.015635
9.042237
14.035571
34.017290
49.015720
15.008995
28.018110
14.048741
24.052653
19.019184
