12.019857
14.021750
4.036098
10.009741
8.006943
9.006662
9.015375
9.029424
9.018746
9.024732
4.037314
4.019172
4.066587
4.042363
19.004512
4.019904
9.034539
4.025614
4.076182
9.019457
4.038608
4.020664
4.019318
4.035290
4.034365
5.003892
3.031949
4.047909
4.033528
4.019512
4.056190
4.043404
4.047748
4.025707
6.005695
4.004693
4.007909
7.015792
4.026873
4.024945
4.052045
4.043364
4.026273
4.032954
5.013237
8.018491
4.024542
4.029517
4.035837
9.046421
4.031755
5.006616
13.016508
9.008533
4.033842
4.034131
5.016907
3.018967
9.020808
4.022740
9.030835
5.005364
3.037996
4.029031
4.021636
4.025161
5.000928
8.012331
4.023663
5.014571
9.019425
8.012543
9.023147
5.016359
8.012591
5.011473
3.061890
4.025988
4.035551
9.024214
5.006717
8.020072
4.045482
9.032488
4.039029
4.007109
4.026562
4.024582
4.029617
4.041349
9.022792
4.033239
4.046651
4.024976
4.034057
4.034058
4.018213
4.014803
4.018824
9.020850
4.034311
4.035285
4.031094
4.044776
4.044889
5.006617
3.015756
4.019758
9.020644
4.058508
19.030445
9.052282
4.044642
4.036706
4.025821
6.002320
17.027204
4.035884
4.040792
4.020904
4.014976
4.049630
9.039402
4.040665
9.018679
4.033049
4.017612
9.015341
5.006796
8.015115
4.026072
4.016667
4.009075
4.037322
5.003792
8.023058
4.038308
5.018857
5.006476
3.012911
8.009194
4.006462
4.015296
4.022488
4.024180
4.029678
9.026644
10.009170
8.014743
4.015775
5.002770
8.035325
9.006522
4.028281
4.053181
9.027606
4.043970
6.007177
7.033249
4.011225
5.015649
3.035959
4.052245
4.045147
4.019364
15.006297
4.012449
9.008599
8.005230
9.023006
4.038790
5.026435
3.039054
4.061337
4.028832
4.030944
