12.029450
19.007142
4.010365
4.047494
19.010599
4.023354
14.012251
4.034804
9.002220
9.013789
4.043577
4.043501
4.043855
4.010839
5.011080
4.003892
3.030395
4.044448
9.025933
10.006324
3.056091
4.026673
19.010699
4.014730
4.039762
4.024809
4.006250
4.014735
4.007782
4.011511
9.015342
14.018692
4.007202
4.002220
4.031333
4.045791
4.008615
4.050176
4.037311
4.030717
4.008095
4.051715
4.040607
4.029406
4.032037
4.045722
4.024080
4.006863
4.018006
4.016364
4.033541
9.030983
4.031590
4.009647
4.006310
9.009035
4.052133
14.033195
4.049446
4.020384
4.046122
4.025878
9.015999
4.008375
4.015888
4.009299
4.012371
4.016247
4.028564
4.014873
9.017387
4.012469
9.008767
4.033667
4.031011
10.000928
8.025331
4.009221
4.007342
4.021110
6.004543
2.049228
9.016733
4.006723
4.016175
4.011205
4.021816
4.049125
4.015862
4.015221
4.032250
4.015782
4.029269
4.047171
4.018431
4.009499
9.005831
4.032744
4.032355
4.033103
4.007322
4.023149
4.051564
4.020744
4.037017
4.020278
4.030370
14.036045
4.027373
4.037358
4.025012
4.064257
4.032431
4.025552
4.021902
4.029962
4.015950
4.045457
4.015076
4.020918
6.004562
7.023656
4.035439
9.011759
4.014321
4.033941
4.023668
10.003852
3.035392
19.052992
4.019578
4.025338
19.018466
5.008449
3.031239
4.010519
4.059684
4.029253
4.008115
4.008635
9.021014
4.031316
10.006524
3.020244
4.029389
9.005550
4.029005
9.008304
4.019532
4.039719
4.006488
4.029723
4.033242
4.058244
4.010687
4.023768
19.051802
4.021254
9.007289
9.007049
4.021610
4.011385
4.032007
14.049057
4.029728
9.012299
4.035597
4.034717
9.040362
4.028470
4.046392
9.044879
4.015752
4.005830
5.009798
8.019992
4.014275
9.012837
