5.003632
14.005685
6.015461
4.010567
4.007343
4.057947
4.031411
4.020164
4.020645
4.030637
4.023197
4.037415
4.006342
4.021844
4.029665
4.012285
4.022766
4.055964
9.007068
4.024781
4.022136
24.010779
4.031834
4.044420
4.017676
5.000928
8.018511
9.016827
19.019648
4.051808
4.023068
5.000928
4.004092
8.016755
4.018753
5.022333
4.004925
3.044675
4.034900
4.039574
4.016110
4.034353
4.024950
4.012611
14.016176
9.032803
4.038463
4.018746
4.008367
4.010045
4.018995
4.017886
4.015755
4.026693
4.025018
4.037311
4.024736
5.004463
3.048980
4.018993
4.026566
11.018099
3.000928
3.014976
4.010945
4.018033
4.041942
4.005711
4.029445
4.014423
4.013043
4.008501
4.007063
4.006728
4.013551
4.009807
4.018091
4.013643
4.018546
4.011485
4.031077
4.023408
4.029774
4.022584
4.033762
4.017194
4.010479
4.031817
4.013745
4.015432
4.022249
6.000928
7.014229
4.050395
4.018743
4.009873
4.039212
4.021942
4.030723
4.029065
4.025395
4.019477
4.039175
4.015516
5.010860
3.017124
4.025143
4.020369
4.011073
4.021494
4.011217
4.029792
4.030057
4.022010
4.023255
4.009793
4.006908
4.036705
4.015261
4.066393
4.018994
4.014937
4.012865
4.031947
4.021192
4.018333
4.016338
4.031049
49.030416
4.016593
4.015269
4.009867
4.012205
4.010485
4.009035
4.023500
4.009633
4.012591
4.015004
4.019440
4.029115
4.039033
9.021518
4.013183
7.002220
5.003972
10.025523
4.061192
4.045688
4.024316
4.033642
4.009741
4.011025
4.022036
4.021384
4.011579
4.032927
4.019644
4.022782
4.021310
4.018833
4.024326
4.024910
9.009169
4.010121
4.015238
4.019390
4.023445
4.009547
4.030051
5.006897
4.007257
3.022385
4.020804
4.034856
4.045249
4.012071
9.007162
4.013211
4.028070
4.014135
4.013907
4.019390
4.030809
5.005490
3.046461
4.014869
4.017178
4.030135
5.003892
3.027307
4.012379
4.027843
4.024843
4.008100
4.020604
4.014875
4.028739
4.030213
4.025444
4.019008
4.014189
4.039369
