3.011502
9.009583
16.000928
6.029195
9.013643
4.009767
6.000928
12.038571
10.000928
23.040082
4.029156
5.000928
3.021656
4.027461
4.055790
4.049239
4.011733
19.045336
14.054230
4.031596
4.023256
5.000928
3.039254
19.008360
4.028545
20.004112
3.018493
11.005105
4.008941
3.000928
4.003872
3.035618
9.010859
4.039116
9.022202
4.021776
9.036673
9.023388
4.033549
4.023048
4.028145
4.036181
9.025860
4.027485
7.004092
6.006363
4.022547
5.005361
4.002520
18.005111
4.045245
4.046474
14.018672
4.039223
14.031141
15.002806
4.000928
3.018912
4.021536
14.005990
6.000928
4.000928
2.058432
11.004503
7.006483
9.024362
4.039098
39.050468
6.006749
7.027924
9.027355
4.046203
5.003652
3.023718
9.021278
4.036133
12.000928
6.033203
5.000928
3.030350
4.028257
10.013421
3.058840
14.020264
9.055716
4.021576
6.000928
3.000928
4.003553
3.058102
6.002820
17.022687
19.040521
15.006757
3.043416
9.027025
9.013423
19.007895
14.008535
9.013263
4.048520
14.021140
10.003932
8.038902
5.004032
3.066132
34.008261
9.050643
4.033954
9.020930
4.019462
24.030993
4.023348
4.044381
10.000928
5.003010
5.007552
11.058086
9.023108
4.012131
4.033634
6.000928
7.030353
4.009427
9.037333
19.023236
4.048910
4.046804
4.020406
4.035528
25.000928
