4.013327
22.032894
11.021917
17.016568
4.014375
14.008955
14.045036
21.006796
12.010623
7.016221
4.021510
6.055442
11.013542
7.021076
9.032697
10.003592
3.029887
16.007875
5.010673
6.011045
14.015108
9.042101
9.043357
4.030957
8.000928
5.032863
7.023309
3.012153
12.026887
9.028045
17.006943
6.018469
4.025740
9.023496
6.013483
2.058269
20.032977
13.053586
9.050134
9.029940
9.024672
6.009327
7.020470
4.025539
9.033354
14.005270
10.004691
3.035865
9.038653
10.004563
3.031835
9.039496
9.010791
4.040098
9.045218
9.005130
4.047906
9.022795
9.027809
4.039647
9.038922
9.047260
4.036528
14.038626
4.055411
14.043494
4.010359
4.049094
4.012587
4.013121
9.026693
4.028469
4.025133
5.006489
3.035451
4.011284
4.031480
9.015121
4.033268
4.011125
4.031127
9.048567
19.016408
4.035049
10.011509
19.012561
11.014830
6.015048
10.024709
3.064510
9.034728
4.048163
9.037475
9.036900
9.055611
9.034076
14.027310
14.033825
4.011145
20.004092
18.054564
14.008461
4.042554
14.027333
7.004323
6.036448
4.033940
9.034717
9.035392
9.031050
14.043167
9.027455
11.008627
2.057014
11.004132
19.004543
18.007751
8.035005
9.051268
19.054923
