8.027403
3.048361
19.013395
5.003533
3.062634
4.022616
19.016708
4.018406
9.034341
4.024360
4.038474
9.026501
5.004573
3.024172
9.025536
4.050642
21.008309
4.000928
2.080519
4.021916
4.016368
4.025234
4.017240
4.032679
4.024900
39.019532
24.025732
4.046859
4.019440
9.039451
4.043048
4.046235
4.063809
16.017114
3.007137
3.012611
4.012905
17.000928
6.028991
24.030891
14.019080
4.035575
4.022572
4.035217
4.011853
4.005190
9.031235
19.030883
29.019272
4.030615
14.015016
17.000928
6.024712
4.019732
4.025605
4.010985
11.016227
3.011219
8.009847
4.048328
24.033512
4.007249
4.030915
24.035085
4.017732
15.004523
3.055192
5.017860
3.034311
4.011599
4.023035
4.029392
14.005090
9.027451
9.025484
9.016768
39.023594
53.007729
5.013186
29.033569
4.030329
9.021710
24.018295
9.011759
4.034121
4.012719
21.000928
7.037663
10.014801
3.031329
4.045253
29.014681
14.029937
4.005676
4.030437
4.058891
16.026261
8.004542
3.035553
14.034239
29.031280
4.014335
16.005005
2.034088
14.031021
9.008581
11.008709
7.047019
4.044863
