107.021330
14.017450
9.045000
9.011919
9.038867
9.014817
14.015595
9.022958
10.006397
8.036367
14.016383
14.007695
9.014895
9.008761
9.012615
5.017097
8.008769
14.013975
14.019724
14.008123
14.019884
9.007951
9.009841
14.010006
19.014245
14.013713
19.009721
14.007954
19.014809
9.036650
9.032395
9.007136
9.005751
9.007961
9.008415
9.040528
9.010585
9.037388
9.007563
14.016761
9.007503
9.009393
9.025948
9.006635
14.005345
9.007681
14.015941
9.041058
29.010919
9.015662
14.025595
9.034130
9.034089
9.018972
14.007063
9.019217
14.010671
9.033225
14.005637
9.011239
19.009469
24.009097
9.022038
9.005411
14.024225
24.005736
9.004617
9.012977
9.012795
19.011445
9.025655
14.038273
9.047621
14.015956
4.011005
9.006983
9.022016
14.014837
9.014609
14.016005
9.045883
14.037370
9.029500
9.008273
14.008268
9.012097
9.022868
