7.022512
9.036926
9.016327
4.025942
75.004443
3.050668
4.012271
19.039136
4.046430
25.002640
3.029988
9.043464
19.046280
4.029679
14.027352
4.023089
6.004383
7.045229
4.024890
17.004663
11.021256
17.003712
6.039322
4.033199
11.006817
7.033529
19.021264
9.023734
4.017543
21.000928
3.009087
3.053718
4.035561
9.043357
4.016808
5.015020
3.030900
4.026707
29.019352
19.029545
110.004203
14.000928
3.021238
4.013389
4.013046
9.025300
4.055539
14.025172
4.048365
7.002750
7.005650
3.047390
4.013697
24.023290
25.000928
8.018486
4.023150
4.032275
4.042205
4.063433
19.010759
5.004442
3.046260
14.027037
14.048366
4.014467
24.026513
9.010871
4.031915
9.041122
4.037306
9.017548
4.034372
4.028939
25.003006
8.016714
9.029243
4.015115
4.032699
4.027593
12.005150
11.039844
4.033827
4.012793
14.051311
4.031125
12.006957
16.018680
4.047528
4.034033
4.028764
31.004443
3.000928
8.018440
4.037342
4.036558
4.017561
4.020252
4.023774
5.005574
13.038802
4.015362
9.040146
4.042213
11.000928
