108.008313
4.000928
4.005605
3.026663
30.004132
4.000928
5.000928
9.000928
9.000928
17.016788
10.000928
8.009801
5.000928
4.000928
5.000928
12.004778
5.021693
8.007689
5.000928
3.030758
4.012715
9.024306
10.000928
14.004925
4.003672
14.005165
8.019011
9.018666
6.000928
8.000928
8.015106
5.004900
8.013865
4.005691
4.026650
4.010287
4.033152
5.003912
4.015643
8.011257
4.030287
4.006943
9.005896
4.009989
6.000928
12.038321
4.047526
5.000928
8.007249
5.002990
8.033014
4.004298
10.003872
3.021356
4.011465
4.005911
9.045119
4.007283
4.008595
4.050367
4.009463
30.000928
8.007663
14.010557
4.053472
4.007463
9.032041
6.000928
7.023233
9.018680
20.000928
5.000928
4.000928
8.000928
3.023950
4.043999
4.025802
4.008515
5.000928
8.025321
4.009219
4.011631
9.007135
9.007109
9.005570
5.000928
8.013541
4.009873
4.017133
4.029792
19.019085
9.012569
9.053867
9.033042
4.009350
6.000928
12.007295
4.017120
14.015583
6.000928
13.000928
10.000928
7.022692
4.010547
4.047817
4.007767
5.000928
3.055119
4.010655
4.036817
6.007757
8.004092
8.018916
11.000928
8.003612
8.005496
4.041691
4.005670
5.000928
8.012271
4.051686
6.000928
9.000928
13.000928
8.005857
4.018352
4.008621
4.009639
9.021402
6.000928
4.000928
7.008815
4.009021
4.009321
