8.004522
8.022452
4.023834
9.041465
14.008115
9.015095
4.008261
14.025266
5.005331
13.027099
9.014099
14.033833
4.018400
6.006485
2.073703
9.050013
4.009633
4.025641
14.032639
14.021190
14.030497
4.027491
4.042835
4.016076
9.027463
4.029519
4.036260
9.070956
10.015749
8.008221
9.050637
4.033921
9.022648
4.008746
9.029402
9.014675
4.019204
4.023380
4.043665
4.029551
4.018012
4.026278
4.015810
4.013663
4.033905
4.018397
5.006297
3.058907
5.004462
8.031943
4.015807
4.035389
10.003752
8.065263
4.036359
4.047320
4.046081
4.020956
4.028891
4.027825
4.034279
9.022396
5.006817
8.022710
4.049359
9.042719
4.039806
4.037047
9.050288
4.027221
4.038856
5.019002
3.078129
4.028185
9.018132
4.022744
4.018120
4.023694
4.049363
4.030011
4.052685
4.032913
6.003852
7.018486
4.012291
4.021332
4.023754
9.050086
9.046200
4.037332
9.030102
4.045458
9.016446
4.045047
14.033920
9.013903
9.025387
14.006683
14.041053
9.027812
11.004622
22.036843
4.060571
4.044005
4.052274
4.040676
19.005411
9.038045
9.017720
9.056970
9.021230
14.035771
5.004562
3.041620
14.024250
14.061548
4.025436
9.028062
9.032953
9.020490
4.035937
4.032656
9.066274
9.043809
4.054603
9.018286
4.030201
10.004582
3.041102
4.018580
4.030583
9.033189
9.037897
4.036232
4.026699
4.060226
10.020212
13.029803
4.021064
9.019824
4.035905
4.032625
4.009673
4.025945
19.022096
4.034269
4.037971
4.036190
4.017634
9.053639
