4.034801
3.011335
3.010905
4.007543
4.005430
2.021551
16.036548
19.024028
9.008855
4.029523
4.022576
9.016122
9.042537
4.034790
4.025788
4.017464
2.021024
6.019504
9.038876
9.050639
3.012445
4.003812
15.053463
16.004304
7.009767
2.026610
16.014064
6.005430
7.014037
4.011253
3.012166
5.022069
14.044438
11.005364
7.055529
4.017154
3.011727
5.006822
14.035211
9.051584
4.020324
4.020518
4.023642
4.042885
4.017754
4.043486
14.020292
9.005637
4.017331
3.008135
10.015549
14.033324
7.009589
6.019953
3.005225
17.005265
7.014035
3.009335
4.013978
2.011519
7.025787
9.024106
10.014641
3.017622
4.005290
6.003592
17.008095
3.000928
5.026733
3.012465
22.010255
3.012799
3.048288
4.028383
4.009953
5.004032
3.032650
14.011365
10.019131
3.055860
9.006943
4.034644
4.016549
4.012771
4.028099
7.009183
16.029504
4.028919
4.021598
4.012483
9.019720
21.003889
7.010439
3.006517
10.034639
4.011425
4.009699
4.014484
3.005385
10.015942
4.019994
3.015683
5.008762
4.044233
4.019958
4.053048
4.028505
4.024948
4.008421
4.043062
4.015402
4.041988
5.008409
3.025797
4.035333
8.018411
3.017924
21.008055
9.025149
4.021930
8.006637
9.007017
10.022776
7.007969
6.010966
4.036511
4.017533
2.029088
6.033987
4.034303
4.018192
2.019878
13.008869
7.014370
3.018744
5.026433
4.011839
4.051300
14.017171
14.034936
17.004072
11.007023
4.029393
4.019385
3.000928
4.008455
5.022982
9.016968
3.010333
5.039857
3.019578
8.005105
2.033051
23.014544
4.014630
