18.004052
13.015163
6.003972
20.004052
10.003572
5.014443
14.013443
6.002220
6.003772
6.000928
7.014423
6.012045
23.007042
18.004092
8.011679
9.004132
10.003852
20.013257
6.003852
5.005364
5.003832
8.010000
6.014843
4.009006
4.020500
4.017471
4.016506
4.016915
4.033990
4.022336
4.028032
4.008815
4.019486
4.008321
4.013011
4.015301
4.019918
4.019832
4.010979
4.027431
4.016136
4.018246
4.015543
4.014691
4.015656
4.006350
4.014345
4.012651
4.020171
4.025264
4.014129
4.016647
4.009767
4.021483
4.010993
4.017334
4.010007
4.023080
4.020332
4.018785
4.025360
4.011119
4.023214
4.028434
4.018620
4.016508
4.015701
4.031793
4.016267
4.014565
6.025384
8.004418
4.009269
4.011619
4.004905
8.014215
4.016621
4.017025
4.018978
4.012125
4.027284
4.017878
4.016732
4.019658
4.019391
4.027560
4.014063
4.017831
4.016937
4.018577
4.028410
4.022756
4.011339
4.015621
4.010287
4.008095
4.019478
4.015321
4.006783
4.007775
4.019744
4.015369
4.024146
4.016993
4.012917
4.025306
4.010913
4.013909
4.026126
4.025874
4.025647
4.017033
4.009953
4.011809
4.035153
4.019418
8.003552
15.014729
4.031080
4.025534
4.024174
4.014837
4.014955
4.016754
4.011039
4.017353
4.017119
4.010525
4.016161
4.024220
4.012891
4.013217
4.014881
4.012937
4.030594
4.015649
4.016906
4.020936
4.008255
4.017294
4.014029
4.012683
4.019712
4.019454
4.021432
4.014499
4.016093
4.030129
4.017441
4.021150
4.027492
4.017420
4.019663
4.015976
4.028165
4.018925
4.011339
4.011119
4.014998
4.020158
4.012751
4.030608
4.014967
4.016732
4.020192
4.015505
4.019541
4.031865
4.015149
4.030600
4.018489
4.012597
4.021358
4.019105
4.020304
4.017994
4.017513
4.018553
4.022502
4.012009
4.009987
4.008201
4.015175
4.023088
4.016235
4.019846
4.011843
4.016374
4.010207
4.019364
4.017879
4.014303
4.024930
4.019689
4.015649
4.009553
4.020232
4.014343
4.017228
4.030901
4.017193
4.008467
4.015435
