7.023270
9.011779
14.009387
5.005404
29.005184
5.005564
14.005044
33.000928
19.005364
15.005424
10.005304
10.005304
18.005644
10.005704
15.015295
10.000928
5.007187
5.003812
5.005184
9.005064
9.005224
16.005464
14.003832
5.005024
9.005484
9.005764
9.005584
5.005624
5.005364
5.018943
9.008654
5.002440
14.005384
7.005624
14.005504
8.005044
14.004984
8.005604
6.005644
62.005104
26.005344
20.015355
36.005724
6.005684
10.011965
8.005584
20.010807
14.007622
10.000928
34.005324
5.005184
5.005264
5.005684
19.005784
26.006756
5.005904
14.005304
5.005244
4.005544
5.005564
15.014749
9.009947
9.011645
10.000928
5.002460
24.005584
10.005184
18.004864
9.003772
9.003552
9.005044
14.005884
9.005784
34.007667
5.006004
8.005764
5.005344
5.005004
14.005144
37.005604
5.005484
9.012130
5.002800
8.005764
9.011910
22.005524
9.005624
