28.003792
3.024889
9.016588
4.015795
4.005171
9.023070
4.028383
14.038948
4.021484
4.019592
4.014301
24.038819
127.010910
12.003632
29.003672
8.019071
5.012646
3.030364
5.019044
9.003632
14.003812
9.003872
8.026413
11.003932
8.004032
4.006110
18.009927
50.004132
4.013606
3.040590
4.006823
4.053919
4.035780
4.021184
9.011858
4.027426
4.009847
101.003652
7.006882
4.018874
4.029905
9.007815
5.005495
9.003932
8.046466
9.045658
4.009447
10.003732
8.014921
9.008022
14.041662
5.004092
10.005890
3.038432
13.048700
9.005990
14.008482
4.015255
9.005950
15.003652
3.018220
29.006034
4.023454
12.003972
7.003572
9.003612
4.011646
8.027566
4.006363
4.018140
4.025006
4.016793
15.003972
3.037642
4.016593
5.020184
9.013666
19.003852
3.017772
4.010759
111.003592
7.051257
29.039758
5.012606
3.051785
5.013646
3.054509
15.003532
