3.013568
3.016501
4.023294
4.003838
4.018391
4.010173
14.016848
4.031924
19.026988
14.023790
14.007828
14.012623
9.010679
4.015068
19.034343
9.020932
10.010939
3.026999
14.036132
5.003753
3.064595
4.034506
14.015814
4.024861
9.014003
4.027931
4.016319
4.022224
4.023380
9.018286
5.004483
3.052311
4.010411
9.024429
9.011180
4.027012
9.014569
4.012751
4.008701
4.019995
4.014143
9.015641
14.013503
4.013823
4.035748
4.016006
4.009327
4.017840
9.039732
4.021450
14.016228
9.020216
9.020165
19.007089
4.040343
4.014043
11.003753
12.017073
4.026393
9.057987
4.018754
9.033067
19.047370
15.003753
8.017065
4.026107
9.018066
4.017600
9.029731
9.051513
14.010571
4.030254
4.034023
4.015667
9.011875
9.013431
4.010053
14.019592
14.010147
9.025757
6.003612
7.012931
4.006402
9.014023
9.024474
9.014169
11.003712
3.007357
4.005775
9.015101
8.025640
4.026089
13.003812
5.007155
19.008601
4.023721
9.009825
4.021030
4.015995
4.018610
9.032469
9.019652
4.039089
24.016907
14.013823
4.026941
9.035146
4.025513
4.020961
6.006015
3.023950
3.040974
4.015802
4.009407
14.016767
4.027711
4.027254
14.022462
4.055653
4.038937
9.011045
9.030379
14.007122
9.005490
4.015961
4.038226
19.011225
4.034023
9.018580
9.021510
4.051982
4.007082
4.006623
4.018245
4.033436
4.008101
9.024388
