7.022486
4.009847
4.010187
4.023394
12.003952
12.003552
4.003972
9.003992
3.038241
19.021522
25.004072
15.003792
27.027918
14.011385
4.016807
20.003572
4.005450
8.007322
9.019340
11.003912
17.020758
6.002220
13.004032
8.006628
4.012025
4.025892
9.015996
17.003592
11.012697
4.031436
4.006582
4.012910
4.026833
4.006602
9.010492
4.007062
5.004462
3.056638
28.004072
10.034724
5.003732
4.003552
5.003872
8.003772
18.005750
7.004132
9.003792
11.018127
4.005250
4.008714
4.011758
4.021337
12.003952
21.010287
12.003932
6.016487
10.003812
8.005870
5.004052
3.040441
10.004072
4.010930
33.018820
4.008937
20.000928
8.030493
7.003772
37.004398
5.006870
7.020351
11.003532
5.002300
11.009095
4.029374
4.046908
12.003992
17.004112
13.016475
7.003652
18.003752
5.000928
4.003572
4.003852
6.013717
4.005430
11.004092
13.003652
6.003712
6.005070
7.003652
6.026262
16.003832
4.003992
5.004032
3.003552
28.000928
9.003832
11.003892
7.003932
5.003712
12.010533
25.005210
4.004012
9.003932
3.038870
4.010267
5.003832
4.003552
14.004072
9.003872
6.003672
12.003932
8.012091
11.004052
