3.010143
22.014121
10.017127
9.015888
4.015681
3.005205
8.005224
4.010633
6.031445
29.019520
4.030549
5.000928
9.006885
3.012293
3.010361
5.013149
3.005165
15.019265
19.026798
4.025040
9.021185
9.026081
5.000928
3.011099
9.030197
24.058478
13.009071
6.000928
3.023334
3.008681
4.006897
2.014869
12.016276
3.011705
7.016083
3.007217
3.011165
3.016423
20.031760
4.025700
20.017982
3.039889
3.011479
20.006743
9.032749
4.022936
5.006456
3.024654
9.022843
4.010247
10.000928
3.016887
4.017880
9.009053
4.015775
21.019863
7.026824
14.012291
3.011145
7.010993
7.007750
4.009061
4.009587
4.008595
4.031983
4.012483
4.022156
3.016037
9.006883
5.034237
9.007743
3.003933
5.028510
9.017627
14.016327
4.005530
4.030279
6.007197
2.058200
13.006797
3.010493
6.030095
9.025879
4.009215
9.007183
4.012231
9.039743
10.006596
3.041143
9.008615
5.013116
3.026651
9.021781
4.036499
3.012757
5.043855
9.037123
3.010147
5.037350
4.012637
4.016908
4.026228
4.029011
4.021288
9.011099
4.014383
10.000928
3.024766
4.017053
9.018396
9.025852
9.028049
9.011579
4.030915
4.011050
3.005445
5.030156
20.000928
8.027830
4.013457
3.016289
11.008615
5.011525
14.014151
2.044190
15.035325
4.006957
8.008237
3.019299
8.006777
5.008295
6.007297
23.008915
3.016255
6.009047
4.006743
3.019725
14.008555
6.011050
3.008549
4.007057
11.007207
5.005545
10.017663
4.008335
9.013257
4.030223
3.023201
