8.006505
13.010047
4.014715
14.018766
19.006948
4.031809
9.025148
10.003672
3.034695
4.041843
4.025843
4.037328
4.031843
9.053685
4.024686
5.013281
3.056009
4.011919
4.015799
4.040587
4.028637
4.033099
4.025008
4.032753
4.009587
4.024847
4.013629
4.035627
11.003792
8.000928
5.000928
14.004012
8.000928
4.012120
8.018315
5.016265
3.035497
4.014448
4.021250
4.027665
10.000928
3.045039
4.012717
4.029222
9.038302
9.037833
14.013549
4.019419
5.005405
4.005365
3.039249
10.002260
9.008581
4.013613
4.006657
8.016788
4.024214
4.018760
14.011951
9.027172
9.027704
4.023408
6.005025
17.018046
4.015049
5.011766
4.019619
7.000928
15.012233
4.006908
4.012753
9.038485
4.054599
4.010487
4.023409
4.025621
4.011639
4.018520
9.019244
4.012117
4.011059
4.017447
5.005185
13.017063
4.038400
4.014303
4.038985
4.015782
4.033070
4.043204
4.037165
4.029968
9.023974
10.004092
4.003572
3.047597
4.010327
9.012897
6.003692
8.011605
19.003652
4.000928
4.019809
3.048826
4.013835
4.028645
5.015768
3.045574
4.011319
10.003712
4.006737
8.007155
4.009953
4.011585
4.026599
4.043422
4.042193
9.051635
4.014261
4.016095
4.016888
4.012111
4.040769
4.025518
7.003972
6.019118
9.032613
4.020578
9.038610
4.037321
4.024322
4.007328
4.022608
4.021050
4.021542
9.017645
4.018418
4.014035
4.033502
4.054831
4.028691
4.034219
4.022606
4.015281
10.016696
8.039488
4.032022
9.007788
10.000928
4.007397
9.002286
3.025878
4.016187
9.007323
4.045116
4.014703
5.012505
3.013332
4.035319
4.018380
9.052427
4.027592
4.013427
4.043137
4.046334
4.011085
4.032169
4.034597
4.007382
9.036005
4.020717
4.009587
4.031816
4.027312
9.033266
