7.031325
4.027558
4.053650
4.035879
84.033937
9.018299
44.004278
14.041554
4.045103
19.034259
4.022218
9.035767
5.000928
3.026679
4.025726
9.024954
20.015101
8.007711
4.033659
9.024715
4.016242
10.023528
3.010719
4.031117
9.018995
31.003732
7.037849
9.035764
4.023393
6.000928
7.029259
4.024133
25.005244
3.049440
4.012623
11.000928
12.019111
4.029909
12.003872
6.008220
9.006608
4.013949
4.011219
9.019240
4.031666
4.013217
5.003466
3.036760
9.006482
4.008481
14.011963
4.009833
4.027009
14.037327
9.021270
4.030869
4.036005
7.000928
6.013077
14.033852
4.060977
10.005390
3.051080
4.043990
9.012571
5.016315
5.008255
7.014629
4.024971
7.003692
6.020970
19.023096
9.009387
9.023207
4.025972
24.006202
5.000928
8.017313
5.010000
14.000928
8.026972
5.013445
3.042893
4.028376
9.042882
18.004092
5.032184
4.034805
9.012821
4.032643
10.011440
8.021399
4.020776
4.022336
29.018119
4.017088
5.000928
3.040868
4.020183
14.009527
4.034350
5.013967
3.011079
24.023412
7.016333
6.035072
4.025238
14.011439
5.000928
4.010130
3.036180
4.049313
4.026718
8.003592
5.041413
12.011183
7.003772
3.027999
4.022242
11.016058
7.037146
4.032527
14.050992
