109.004543
7.020138
19.055273
12.007041
11.018640
9.044818
9.030449
4.048911
4.044391
4.029755
4.019838
4.034727
4.028200
4.044298
14.027621
4.017074
99.016874
19.032495
9.033015
9.032019
16.004343
17.035299
9.027504
4.035494
9.030266
4.031961
4.031773
4.029915
111.008541
2.064106
3.023020
5.006736
13.028732
9.026525
4.043160
4.049412
4.018245
9.024366
9.027195
24.022672
4.038662
4.033480
4.027633
7.020514
106.005551
4.027328
5.006797
8.033509
19.042861
9.034121
4.026407
4.041415
29.019814
20.012439
3.020344
6.004343
7.029991
29.016942
4.030343
14.033148
4.049817
14.015095
9.020722
4.025865
4.024879
9.054637
4.055334
14.027651
4.040785
5.004483
8.030634
4.027718
4.019758
4.032324
14.007302
4.044157
4.030737
4.031596
4.021076
4.026040
4.012443
4.035407
9.008035
4.021172
4.043835
4.007635
9.015727
4.041250
4.031947
4.036971
