17.039136
14.020910
9.012477
14.039938
10.003852
8.013171
4.034077
24.050243
9.014013
4.034522
5.044316
4.017045
3.018066
4.016987
5.016089
3.046892
5.012089
4.016809
3.051001
15.006997
4.009833
3.023200
4.031377
9.030556
34.037328
4.010146
4.029313
20.003732
3.024089
20.002220
3.045813
4.015675
4.031433
9.017894
4.030324
4.027667
9.032082
9.010999
19.020105
14.002220
10.004222
4.007017
13.025010
4.036508
9.024728
19.008028
9.005310
24.002220
4.052443
5.052552
4.015769
4.032752
8.007322
4.023136
10.008561
19.006637
9.006637
8.009521
29.005871
21.003912
7.015161
4.012065
15.006616
19.006737
8.022361
24.008840
19.020897
10.008939
4.021744
3.016117
4.012557
9.025866
4.027320
4.022422
14.002220
24.026392
14.013465
4.027500
19.045500
19.002220
9.018064
10.012313
8.007783
4.027054
20.006637
4.013345
4.012705
24.007077
4.015715
3.030791
15.013474
3.048683
4.014345
7.004072
6.011325
54.002220
30.004032
10.005325
12.055171
5.018391
8.026688
15.006997
3.039435
