4.003310
3.003833
9.005705
3.020090
6.006677
8.005185
3.014655
5.005605
3.022182
3.015787
10.005410
3.005745
4.011059
3.010847
6.002220
3.010801
4.005185
3.012345
4.006917
4.008935
4.017689
4.006537
4.011361
2.015329
3.009413
3.009867
7.006497
4.007017
7.017514
4.011819
3.008109
10.022324
3.006497
3.011119
6.008975
4.016669
3.008915
10.030016
4.054596
4.005630
3.006794
5.012125
8.003532
5.013073
4.016976
4.007283
4.010227
3.020090
2.006897
6.006257
3.006563
6.012743
3.013213
5.041073
3.012553
11.010473
3.039463
4.021844
9.033421
4.006010
4.018494
4.011505
4.010641
3.012913
5.007468
3.009633
6.007017
5.006817
4.012345
7.011099
4.021616
4.015287
4.005730
4.021896
4.017715
4.047245
4.012131
4.010107
4.034641
4.015295
4.013717
4.012591
4.025168
4.009907
4.013823
4.014169
4.025775
6.003612
2.026653
4.017318
4.038911
4.018300
4.039456
3.010147
3.013489
12.006437
3.015242
3.006477
3.006177
7.009015
3.016960
4.034838
5.008515
7.007077
15.036558
9.056127
7.030349
16.027614
3.003532
5.013395
14.021630
3.008755
10.010407
4.005331
4.012239
4.014917
3.014591
5.049556
6.012625
7.012331
3.016477
8.007077
3.006557
7.016762
3.006737
11.012381
9.002840
12.004184
4.006023
4.006957
15.009035
14.012892
3.017661
3.009327
2.007337
8.018798
4.007168
5.006937
8.014359
5.004602
3.014953
9.020867
9.011353
10.003878
3.031822
3.007443
9.006817
3.006997
7.008375
8.029545
4.020805
4.026931
3.006837
3.009881
6.020199
8.004384
3.014697
5.006637
4.003924
10.014037
5.004092
3.010247
3.009495
4.008169
16.007056
8.010047
8.005205
8.006777
6.014223
3.008955
7.005145
7.015975
4.019485
10.006577
3.041364
18.003972
4.003732
3.005465
16.024831
4.029064
4.015801
3.006437
4.004964
8.006697
