3.033345
3.028289
14.014810
9.016053
4.015281
3.032229
4.005485
16.000928
17.006556
11.012719
3.045968
4.010167
12.010413
5.007077
5.024186
3.003933
15.027326
9.008941
3.005325
8.013045
16.021692
4.005110
4.023741
3.027365
4.006437
6.000928
23.008095
9.028569
4.012635
4.005271
3.011593
6.002840
15.003772
3.006423
3.012889
3.008329
10.033972
3.005405
5.027806
4.020916
12.012285
4.006877
7.006637
3.024010
3.021780
11.003832
8.013706
4.027308
7.011819
5.021330
3.015858
16.012093
20.029142
6.011519
16.018792
3.021378
8.011533
11.029395
6.017674
3.009239
3.011325
7.004951
3.025863
12.008455
3.012693
7.011339
3.008449
8.018600
6.009095
15.011877
9.002780
3.005165
8.006237
3.016302
4.021344
9.022002
3.013205
11.015975
7.003712
7.013545
28.003753
6.005370
2.006857
3.029443
4.015648
3.005465
7.004865
17.024098
4.025538
3.020466
4.010657
15.037981
12.007322
11.017239
4.030247
25.002786
3.020910
4.018425
4.021202
3.017228
2.005045
7.013909
9.033909
3.014456
4.006010
9.000928
10.045957
14.056111
3.010281
5.016114
14.015582
14.026788
3.014331
13.003572
9.011101
4.006237
6.008181
4.026210
9.018790
3.011583
5.047127
3.009361
5.016934
11.006319
9.003812
2.061698
4.022862
7.000928
7.003652
3.031408
14.055611
6.011833
11.006356
12.006737
13.008431
11.005725
5.007177
8.006577
4.022345
6.022728
4.046351
4.036072
4.026658
