109.009407
8.007188
8.027838
4.025136
4.031997
4.024846
4.069425
4.022016
9.009947
4.018958
4.019032
4.011079
4.038954
9.037503
4.012791
4.023462
4.029935
4.034398
4.022248
4.033658
4.014563
4.023434
4.035878
4.023686
4.021092
4.035268
4.038270
4.014083
4.009355
4.025952
4.018000
4.065354
4.016610
4.019658
4.045126
4.028364
4.021130
4.023806
4.043532
4.018791
4.032335
4.026119
4.051097
4.044922
4.024580
4.029643
4.032257
4.023748
4.050018
4.022296
9.030279
4.015497
4.017803
4.011973
4.034131
4.023049
4.039024
4.015299
4.013521
4.025973
4.008295
4.024620
4.026493
4.033140
4.023349
4.028245
4.027649
4.020349
4.022316
4.026652
4.022684
4.060112
4.029519
4.021702
4.019352
4.017990
4.013783
4.031739
9.020982
4.020966
4.042778
4.026379
4.017880
4.054308
4.022363
9.013443
4.015075
4.023128
4.022150
4.018534
4.012571
4.029336
4.028317
4.023268
4.028105
4.012251
4.031947
4.031428
4.009907
4.031939
4.015096
4.033980
4.023368
4.057419
4.028724
4.064361
4.015538
4.019212
4.010839
4.036783
4.048120
4.024432
4.022208
4.016947
4.028617
4.018065
4.010599
4.037976
4.011971
4.033293
4.014819
4.023788
4.038165
9.011465
4.024947
4.016733
4.027567
4.024908
4.019272
4.028764
4.015255
4.018646
4.020166
4.027244
4.024800
4.035844
4.013843
4.068897
4.036878
4.014941
4.012191
4.054927
4.038402
4.036964
4.022954
4.013809
4.011279
4.033744
4.087446
4.038926
4.029207
4.025415
4.014995
4.012191
4.017057
4.033185
9.019337
4.032221
4.015256
4.058671
4.012351
4.040135
9.018012
4.016901
4.037350
4.026192
4.026631
4.032714
4.023476
4.040280
4.030041
4.027292
4.023680
4.035649
4.026533
4.029176
4.025400
4.062893
4.017654
4.043246
4.042435
4.040633
4.030010
4.013583
4.016953
4.024286
4.017394
4.008314
4.017680
4.026199
4.058799
4.025234
4.054842
4.027129
4.027819
4.033134
4.027645
4.015909
4.012231
4.015043
4.025484
4.018020
4.018434
4.018792
