108.004443
8.031429
9.012147
4.024713
9.026814
4.022797
4.016834
14.009867
19.019678
4.029295
19.025080
4.043673
4.020544
14.018392
4.014163
9.007122
10.010453
73.018496
9.019198
4.045420
14.011573
4.032560
4.035313
5.008220
8.005350
4.025503
4.036735
4.034901
5.008061
3.028891
9.007228
9.035903
14.013769
4.034347
11.008840
13.003612
8.050912
4.037166
6.027077
7.022036
4.026510
4.022168
4.022872
24.043933
4.015176
4.024201
4.042244
4.035880
11.008415
102.015677
9.041657
4.025954
4.038196
8.010553
5.045130
4.066815
4.038116
4.057260
9.038588
4.039548
4.028151
4.050833
14.015687
36.010061
7.013789
4.033637
9.034610
4.027958
4.049145
14.022742
9.028261
9.019244
9.043420
4.023674
4.013003
4.015937
9.041553
19.017846
4.023608
4.057286
4.048097
15.000928
3.048866
4.044773
9.015216
4.013443
4.046561
9.037619
4.044350
9.019187
4.026867
4.058082
4.030266
9.048190
9.039890
4.012424
29.031341
4.036429
4.019864
14.018498
4.018682
5.009631
3.030249
4.026152
9.025682
9.012519
4.037095
