3.007529
6.000928
4.000928
3.002520
3.000928
4.002560
4.003952
16.012425
8.000928
3.000928
3.028572
4.009567
4.044861
19.013909
16.000928
8.005794
4.011320
28.010591
4.025628
9.015741
4.019146
14.012277
5.000928
3.041248
19.014663
9.006942
4.035927
9.016447
17.000928
12.003632
13.010379
14.016553
10.005345
5.000928
7.016787
14.035973
14.005530
4.026784
9.022256
11.005090
15.000928
6.028021
6.002760
7.005702
4.021062
6.000928
7.030968
4.030494
14.031830
16.010827
8.012110
4.012983
5.000928
3.008539
8.027438
4.018807
6.002486
8.010939
3.015841
11.004904
7.031319
9.006130
4.025794
17.000928
3.002640
3.005825
5.016291
7.038468
4.020657
5.002380
4.000928
11.002700
6.003564
10.000928
4.002360
3.027032
8.000928
6.011865
3.031816
20.000928
3.056763
9.007022
14.031118
19.013893
10.003592
3.024370
9.023798
6.000928
7.022807
4.010959
4.017221
19.047871
4.023026
12.024048
7.016965
8.020542
12.000928
5.007387
15.020744
9.009766
4.020143
15.000928
4.005005
3.014689
9.006362
4.009307
4.018000
7.018443
6.015115
11.005985
9.015343
3.005485
9.002580
8.033318
19.006402
4.020300
14.021845
9.011078
4.024260
19.011365
6.015687
28.000928
3.061162
9.010719
4.008294
4.023768
9.015903
4.021430
