22.023228
22.000928
21.012483
19.012723
24.036822
19.003632
24.026693
24.010985
19.010319
24.016167
17.000928
26.030309
19.026510
44.008346
14.008775
19.020767
19.021373
13.000928
30.016727
19.014769
19.017179
14.019180
24.046496
22.000928
16.005470
14.017353
19.038130
22.008215
31.035324
16.002326
38.003414
14.007076
23.018112
29.020076
16.000928
28.000928
13.012157
39.012651
19.050924
10.006843
13.036635
14.008261
34.006882
29.023588
35.010820
33.007955
14.023697
27.004238
11.034899
19.015623
14.042582
19.028552
