37.043791
29.002220
24.006070
29.009913
9.030439
19.034412
19.029724
20.000928
18.017452
19.052052
31.015240
18.000928
33.015935
34.073576
14.015288
14.013883
14.024154
14.023128
10.019977
13.024310
14.009899
11.004058
17.012405
15.004363
10.000928
27.008215
24.017199
9.047544
11.003426
17.032561
19.025886
20.004462
13.050688
20.000928
33.040299
19.008675
14.016173
25.010781
18.045554
34.022618
14.015827
44.042845
19.030891
19.011753
24.050720
19.024562
34.012781
19.021024
14.013111
24.020506
19.037241
29.040824
24.009667
27.000928
11.025591
