22.016437
39.034646
29.011679
9.055018
19.036170
24.033514
10.010500
23.035499
19.044472
20.000928
18.017268
9.031773
19.005430
19.007563
14.011605
14.065306
9.058731
19.024154
14.036742
11.004382
13.015921
19.005954
18.023508
24.014483
19.042545
15.000928
33.017969
24.041667
29.043572
19.024093
30.008921
18.014343
14.010393
24.047980
10.000928
8.065319
15.000928
18.060041
24.049517
9.016260
9.012767
24.055774
19.041204
19.051264
19.041961
14.027814
24.059941
14.042352
14.039007
14.047954
14.037251
10.014421
18.009806
24.020636
19.025707
19.023522
19.011319
19.031933
14.052977
19.012237
19.031423
11.000928
