42.038429
29.022742
34.034305
39.007502
19.017758
9.023336
24.005690
14.068613
20.000928
13.038941
19.032717
14.014167
25.044038
18.013461
24.043110
14.026042
19.006243
24.044763
24.009559
14.044807
19.050336
29.015841
19.037095
24.062955
19.008814
9.026969
20.000928
18.035834
19.023474
14.041090
30.000928
13.051550
19.017053
19.039925
16.000928
12.014369
34.008515
9.007963
24.007775
14.025339
10.013421
14.000928
11.000928
26.018522
21.000928
57.009967
60.000928
25.000928
28.000928
28.035355
26.000928
