16.990807
14.399038
22.469197
22.723384
15.078602
16.298617
18.311109
17.622076
18.166520
15.152389
16.938798
18.587474
14.458546
17.899491
21.854625
21.865471
16.446529
15.130925
17.734218
18.125266
16.177241
16.835357
26.154006
15.386264
17.552591
27.449574
18.221585
18.518133
26.310829
16.510714
12.578332
17.220523
19.390469
13.912202
14.654273
15.495925
16.287429
13.199092
13.012075
17.309285
16.004346
16.888334
19.989095
19.618626
26.608007
21.818655
16.804877
18.736126
21.126071
22.702720
19.168019
19.251070
121.588889
