18.693931
16.962082
20.138952
33.260292
13.026604
18.641266
16.074084
12.587687
38.793074
11.848136
24.456625
12.028798
19.176246
14.063016
19.008088
15.187326
10.712620
13.312407
23.126875
11.768892
12.987902
13.937902
16.548028
16.635067
17.659805
13.992276
13.346459
12.677960
13.036658
14.667797
11.291342
15.057311
18.126063
11.866443
15.965665
14.379969
14.937386
15.270104
14.399540
16.291813
11.977611
13.625711
13.314891
12.602990
19.109076
13.053957
18.462740
13.070778
22.155497
23.228766
16.796022
16.499120
13.733581
19.308853
16.536544
16.988310
14.009256
15.519754
20.896181
