12.606135
15.085398
13.197927
14.596592
16.636608
13.556626
10.671791
11.992423
13.281419
12.731739
17.665380
16.687194
22.045773
13.467293
14.737453
20.032132
13.940830
14.056493
12.555816
16.773958
11.427628
11.443057
14.671993
11.764891
16.207862
19.563075
13.401754
12.491155
12.525088
12.192505
14.039491
14.609550
15.103064
11.673176
17.532338
13.096438
11.709394
12.200452
12.591053
13.202737
17.542024
11.435736
11.890145
14.620850
10.658145
13.835964
13.250969
15.552967
9.714403
12.500677
12.792723
15.759274
10.387932
13.407309
11.526755
13.577388
12.999427
11.773620
12.007390
14.115670
12.926352
12.410440
22.456448
