9.251256
7.793877
8.208227
10.921028
11.250457
8.989334
8.997337
10.294922
10.602844
8.090814
11.576291
10.086622
9.317157
10.640716
7.856444
8.634775
9.604049
9.802979
9.466454
11.858951
17.416038
10.142747
8.482347
11.483624
8.500809
8.019949
6.751328
10.068545
9.303724
8.432408
11.260466
8.340198
10.527490
8.241897
11.386982
8.732719
7.982624
9.246532
9.906248
11.278497
8.672003
8.888971
9.011423
8.604809
8.785739
9.205561
13.427853
14.127451
15.038422
7.879508
10.555651
14.590912
9.271153
7.962911
8.911991
11.527211
8.626109
10.537534
10.319757
9.206090
8.336666
13.581411
12.705532
8.903085
9.656605
12.011147
11.926994
10.596274
8.791644
9.751304
10.417256
10.324872
9.746412
8.927025
9.809063
9.586107
9.526671
10.166309
10.948042
10.026039
13.197480
9.294393
9.123390
9.281651
8.642981
