68.546970
16.343430
27.183728
18.416902
26.181127
24.151085
24.173729
22.159819
23.077124
17.299332
20.388915
26.285123
24.867148
22.624377
29.627586
35.932971
18.537551
21.437685
21.227715
19.542320
27.853293
20.456317
29.349962
27.498480
23.859554
19.278819
21.896010
120.041667
63.245139
23.224952
19.217232
30.275554
21.580488
22.566280
20.027918
22.118534
25.594762
18.095329
27.044287
29.761054
29.263257
17.368753
29.023812
18.241048
17.765000
22.281991
21.760381
24.633834
24.816360
58.856410
