12.038430
10.004538
39.005265
19.005065
33.015693
14.014185
15.002600
13.044423
19.008614
20.002460
9.010019
18.022608
22.014677
16.024618
14.033989
45.000928
9.002480
28.015965
10.002460
13.055510
14.028509
11.003978
19.016327
12.012697
14.007875
16.002406
13.002420
19.008318
19.006617
29.006617
10.003958
34.000928
19.002326
12.011811
17.010979
12.009987
13.024378
11.003698
13.002580
14.007627
18.011626
15.003852
33.060712
18.002346
30.012205
11.009330
12.018797
15.009081
13.008634
12.008129
16.047115
11.002346
33.002660
10.010267
12.004926
16.007063
23.002460
9.019649
20.015889
22.038250
14.056179
25.004198
25.004118
