28.035005
18.010421
14.009487
19.010193
19.010999
14.022328
14.003938
9.026469
34.023994
19.008167
19.044145
63.000928
20.039864
14.004518
29.026386
29.078594
13.000928
26.000928
13.026405
9.029521
24.008715
19.035123
14.009181
9.065648
15.000928
15.002870
17.018206
79.036696
9.067077
24.027231
20.000928
28.052798
19.036631
10.000928
15.000928
23.006723
43.015135
19.015736
14.013229
14.035271
15.012217
19.000928
13.024006
32.050762
27.006704
9.053059
43.020304
10.000928
11.014138
16.007901
37.018037
18.000928
12.041987
