87.042726
10.011139
15.009541
42.029430
20.007096
18.014195
24.067171
20.010375
14.012088
14.011493
13.047444
19.013564
9.057593
14.040611
19.044236
19.057307
9.067108
14.029331
14.037912
9.041696
17.011179
11.062023
16.005130
12.029903
9.027138
26.008328
22.016027
14.017726
9.075920
14.045430
9.070094
29.033868
19.020804
9.089821
10.006073
23.016085
15.007613
36.003592
10.015415
22.007542
10.002220
18.030859
11.027040
15.031878
10.010719
23.027958
14.032853
24.072357
29.010539
14.016113
27.038769
11.052502
10.029066
18.002406
14.032099
30.016595
13.043285
14.014709
16.006403
15.015799
17.007447
18.043442
