32.012239
31.000928
72.011975
53.009661
10.020632
14.031895
14.021986
14.017765
12.005250
11.043341
14.048788
14.016710
16.000928
22.019612
14.030590
14.021610
14.030160
16.006210
21.012377
11.002280
18.016773
14.046644
12.000928
16.020204
22.000928
12.008909
23.016635
21.000928
32.008135
15.000928
13.036208
14.042004
21.000928
26.005765
11.002660
18.008915
16.000928
22.022186
14.017019
17.009141
16.050323
24.011471
19.003538
15.002600
13.045065
25.003672
13.012065
20.004602
24.013013
19.002820
28.022876
15.005710
13.008274
14.018781
19.034917
13.006617
13.009261
26.037693
14.032491
