10.002340
23.000928
9.037847
22.019744
14.013763
14.034339
11.000928
22.008639
108.000928
22.010799
14.000928
23.014981
9.020112
15.000928
12.034195
11.000928
7.057001
11.000928
23.000928
9.014071
18.033199
16.000928
25.016437
11.060761
9.052214
11.005525
13.011099
23.033535
9.033869
26.000928
32.013443
16.013855
12.007249
9.015643
14.025064
14.007643
14.034598
16.000928
10.008555
29.000928
11.023228
9.049724
11.007203
12.065016
9.054769
11.000928
9.002266
24.008539
12.007823
9.035158
11.000928
9.014087
22.010247
20.005005
18.026865
11.000928
17.057581
10.019334
10.000928
29.000928
12.014315
14.022602
14.028828
21.000928
18.000928
17.000928
15.008127
14.016024
