17.055512
14.017273
15.004012
13.014343
14.024434
49.032260
13.006176
11.008569
18.040526
29.011259
21.011513
12.024990
20.016195
12.005799
34.013523
12.009447
12.012297
19.028203
9.041760
14.021219
15.000928
24.003912
12.003672
13.024282
13.006476
14.016076
18.008915
18.051779
24.012273
14.018602
19.003558
16.023668
17.019328
14.057809
14.011305
20.000928
11.021670
24.021316
17.011785
13.019604
12.013737
11.043865
19.004138
24.034794
14.038782
14.019056
19.014810
14.096476
19.007270
14.030170
14.039906
16.006836
13.015597
13.022754
15.010020
11.043772
27.003226
21.035318
12.015283
17.068182
26.000928
12.061067
17.010799
13.040154
13.067326
15.000928
