108.004623
19.006624
48.021448
14.035408
14.028096
26.008399
16.027365
26.028656
13.048844
9.025335
19.054579
19.034829
20.003672
10.006923
17.061264
14.116471
15.008329
8.088238
9.015353
24.018006
15.004443
13.056089
39.021600
24.045616
14.036155
12.009621
41.090471
29.067000
9.047877
15.008509
28.030559
14.028034
14.063908
15.004866
13.034516
34.030098
10.008755
12.015029
31.029229
13.061811
14.065727
9.082209
19.009399
19.044697
14.055688
19.032345
19.010293
9.041810
10.015407
23.057197
15.005585
13.053263
14.036352
19.018620
10.008389
20.008225
17.031981
14.005777
