12.007043
24.020036
14.012763
11.009701
22.010267
7.010313
16.022714
9.015134
9.002220
19.006603
19.011557
11.010715
12.016855
14.008343
14.005630
14.038670
11.027107
9.030344
12.040682
7.000928
12.006597
9.002620
13.036651
24.030171
14.040336
15.004403
13.026198
9.021602
11.017630
12.007382
9.021202
9.019480
9.018558
10.000928
7.013731
15.009007
26.025961
12.029427
11.010181
12.030765
11.018240
17.013097
14.021118
12.013679
11.020314
10.006032
13.024520
19.019492
9.039608
9.005090
14.006111
9.010845
9.026911
10.007815
13.014301
9.024750
24.012631
14.006788
11.033421
9.006857
18.014491
9.002480
7.008881
24.015195
18.005165
12.004012
38.035386
9.046709
9.060744
9.028068
19.016803
9.013193
7.011793
11.037288
14.007308
19.021078
9.030924
10.007583
8.017294
9.058963
14.013391
8.053959
9.009961
11.010959
13.013283
7.009301
