9.000928
29.003712
14.003552
32.007062
14.010971
10.008149
10.003612
19.000928
10.000928
9.003126
16.018524
15.009561
11.000928
11.038163
10.014349
15.000928
12.039568
9.026300
9.022648
10.004984
14.008409
13.030149
19.011379
22.007137
17.000928
10.013744
18.032987
9.000928
13.018059
11.009481
10.013743
11.022631
14.015633
14.024242
24.031041
9.042017
24.006923
9.065251
15.005765
9.000928
17.000928
13.020495
10.000928
10.005875
14.024115
9.034509
9.039545
7.002846
11.019244
14.028814
25.002606
8.039504
10.004124
16.003612
9.000928
11.030903
15.000928
8.026661
11.017700
13.003712
13.002286
10.013727
9.003066
9.004722
18.012937
14.028391
10.002446
18.026242
9.012517
10.008969
10.015476
13.007949
23.009593
9.014169
20.006677
14.010327
9.013021
11.008090
21.007862
13.000928
7.005624
13.025735
19.000928
