14.000928
110.025095
15.018624
14.005590
10.057699
13.005005
29.038538
23.025501
21.019604
14.046912
21.010913
13.008509
10.000928
18.004032
9.003872
30.021533
12.033753
13.006623
19.016838
24.017454
43.029895
19.032560
49.008248
16.019218
52.000928
14.010913
10.012292
57.007855
12.032305
14.014371
9.041367
11.000928
16.013677
24.009521
13.009973
9.006737
11.024455
20.003732
12.004890
15.010545
12.010431
40.014757
24.009721
22.054954
10.005636
20.008635
21.003552
15.009892
12.064705
9.045537
14.043643
13.011773
36.011903
