108.004463
8.046700
11.008681
12.027271
19.081619
10.018012
15.018117
12.037593
14.021232
15.004523
13.013097
11.000928
17.046123
11.005245
7.039573
11.012625
12.010391
11.009767
13.009139
13.017848
44.008855
14.018531
9.037385
13.027813
15.027668
10.009281
8.037505
16.005465
13.010633
8.055246
19.025056
9.034239
9.011107
14.040822
14.044806
12.006976
12.002460
9.009601
13.039564
19.009647
9.030181
9.027034
16.022158
19.013739
13.011839
9.008489
8.039606
16.004132
9.000928
12.043210
16.000928
17.013149
14.019092
14.034044
9.035404
19.010067
10.008661
10.000928
12.034843
9.032299
14.020936
9.058375
12.022516
12.005405
20.002360
12.033539
11.006503
17.017526
16.018006
14.007809
12.062630
10.054018
18.022615
14.009835
14.045330
9.019248
17.023000
