15.007362
16.056253
10.008129
13.011605
22.005004
22.000928
25.008294
22.030650
23.007709
26.005104
15.005504
9.006797
10.009721
42.005344
15.009601
29.005024
10.005464
12.008854
19.006374
24.005344
14.005284
65.008009
12.014395
10.011269
31.011939
20.009541
38.006417
10.005444
53.005384
34.009701
14.005344
14.009101
11.019305
27.005304
14.009261
15.005264
40.021830
9.030009
17.009221
17.003852
13.027729
11.006996
12.006849
10.004012
16.005064
24.006776
10.007126
48.004904
17.013459
14.009361
26.005464
14.010751
19.006437
31.005130
14.014543
