9.068093
98.004583
6.050373
12.025351
6.036857
9.000928
11.064535
20.009801
9.006477
8.042931
6.015356
7.029397
6.020244
7.014333
6.053061
24.002226
7.008304
9.011051
6.025534
8.000928
6.030691
9.009021
8.010401
8.011853
8.056497
7.005290
22.011483
8.052051
9.003798
20.000928
16.015043
11.021748
6.023995
8.000928
8.008554
6.013577
6.020092
11.000928
7.013135
30.017996
9.027577
7.014163
7.000928
6.032209
7.000928
8.011279
6.021436
7.017806
6.014303
6.028605
14.000928
41.009121
8.035848
6.020371
18.000928
8.015115
6.026952
8.000928
8.020441
6.008629
6.020946
12.009767
6.038428
11.020571
8.037584
7.013469
16.025706
10.007057
8.014861
15.002480
8.012383
7.006722
8.055322
7.029235
10.000928
8.017534
6.009439
10.016059
6.004058
10.006757
8.025110
6.025254
12.018685
6.018531
8.028977
6.035002
8.003792
12.012397
8.017722
10.031294
10.009441
6.027010
12.005464
8.031827
6.008915
6.011013
11.011113
8.050959
6.025838
7.016819
10.009123
8.007044
22.013943
8.000928
7.005170
