42.016293
34.005470
30.004283
15.008719
8.003250
16.018812
22.007949
33.008141
39.025876
7.019958
11.018695
14.044464
9.034915
13.026244
18.009721
7.007083
10.005525
11.003752
13.009361
9.002780
8.005685
11.004012
10.033459
10.006837
11.018947
25.006537
15.024914
35.005505
13.011944
17.019902
14.005485
18.005825
14.005725
19.009830
12.010281
11.003652
12.020372
12.032107
6.041222
9.020905
9.010167
9.014683
15.004012
9.010971
7.008015
18.006745
10.006917
9.028651
20.010933
14.025578
19.005916
19.016461
9.016611
16.007307
10.006797
19.029981
7.006257
16.003972
7.005331
6.012951
7.028917
19.005565
6.013025
19.095947
12.011823
11.023338
12.006983
8.023091
9.007488
14.047220
9.029677
8.011879
20.009675
6.019172
8.000928
16.012452
7.007497
15.006697
