107.011869
37.005545
20.005630
19.018459
11.000928
23.010001
8.047377
25.005365
8.015215
6.017067
7.023188
6.003912
11.003652
15.022842
6.005970
9.016667
18.005405
8.024295
16.003858
7.015329
6.031494
7.020071
6.003792
22.024233
11.012811
33.005725
8.009743
14.006942
9.029196
6.006577
128.016224
8.008686
9.011539
16.031542
7.011745
6.010693
18.004164
9.004542
8.034993
5.011237
8.014221
6.016681
7.018556
11.016227
7.021196
6.003778
7.013257
9.024535
14.030761
9.010506
11.010087
7.028475
11.000928
7.008781
6.026112
72.008363
9.027598
6.016707
103.004122
8.054711
11.003812
7.030613
6.003692
14.005865
7.008315
6.000928
17.015505
6.005204
12.028657
