9.003752
13.024241
7.022455
6.024529
7.015055
12.034685
7.025286
9.016399
11.018991
8.008369
12.017819
34.011283
9.014965
27.009921
7.023606
11.011025
13.000928
15.020544
8.012325
9.043334
8.045562
21.009261
13.019580
14.026126
6.017873
32.017108
10.012264
12.012137
22.014621
16.006963
19.006903
9.025767
11.013483
13.009175
11.016427
11.030415
16.014975
9.027708
12.025495
7.014915
12.008589
7.018119
17.009280
8.017468
12.020943
16.012799
32.017853
12.029303
8.013912
9.008489
6.018339
22.008989
5.028066
38.018342
15.016896
8.014263
25.020736
7.028010
10.012985
9.004784
7.031468
10.040427
8.009767
15.011245
10.013517
10.014063
8.004602
6.017733
12.013329
9.030073
18.035979
10.006976
9.013265
19.014266
10.025787
9.016407
7.030949
7.019948
28.004092
8.031715
8.041880
7.028744
13.013465
11.017540
11.033236
7.019191
26.014105
