7.036755
9.048335
14.047450
6.022012
7.024572
6.016042
6.016554
25.031549
6.024881
6.022663
10.033300
7.006397
31.041794
6.014134
6.014037
15.008947
10.018280
8.022440
9.024778
11.006837
12.022162
6.017834
14.036265
6.023502
12.021600
7.007741
6.030609
7.026585
6.028991
6.026559
9.011599
25.011551
6.015936
6.014616
10.055088
6.014177
9.000928
6.024975
20.008355
9.009255
7.008635
16.050151
6.032314
6.027153
5.068761
8.006717
12.009901
7.008607
6.015940
6.023289
13.049487
6.041016
6.085530
6.015330
17.006557
9.004032
7.046495
8.004453
20.056475
6.025537
6.014822
10.046597
14.012845
6.004304
6.020920
15.043613
9.021304
6.029443
5.042334
21.014003
13.013107
9.041077
9.010459
14.023997
9.045028
7.027965
7.036579
16.010659
11.006597
9.042652
20.015256
13.007815
10.014270
7.032715
5.019405
5.022710
6.025301
9.016162
7.030895
6.032993
9.003872
8.007137
9.012631
20.014650
18.000928
8.054873
6.031721
17.015615
12.012765
9.008309
38.000928
6.014347
10.034440
6.032749
6.030733
6.027781
13.039968
11.014574
