9.006125
8.017620
9.000928
8.012377
5.012285
5.025673
12.014295
9.018777
9.007462
9.028856
9.035198
9.018128
9.005290
14.005456
5.009541
8.017023
5.015609
9.011253
8.018320
14.031887
10.013285
13.022938
9.029732
9.018225
9.017814
10.014261
6.012751
18.002420
18.000928
9.003932
8.007034
10.037230
18.008768
6.031927
7.008035
14.040521
9.007456
9.027855
5.012525
18.012469
9.019526
5.010001
8.024977
9.023448
9.033289
9.024500
13.011215
6.047233
10.003652
12.008635
24.029245
10.012665
13.008455
5.012325
18.006050
9.026360
9.045784
15.000928
13.009031
15.009821
8.016017
9.016041
9.007063
14.024826
5.015649
5.015409
15.046875
7.004072
13.018118
15.008121
8.049900
15.003952
9.002220
13.013353
5.015169
18.010891
9.037524
15.003892
11.008499
11.019768
10.004052
23.006923
9.005470
5.012245
15.000928
26.006537
4.031881
4.019008
12.021111
7.016143
9.007223
5.012371
8.031334
5.012725
13.023915
14.010447
9.013597
9.032162
9.011111
9.011126
10.002700
8.023450
5.011233
8.023828
