9.012019
5.042754
6.017593
10.014237
5.034366
10.019232
7.008949
10.023002
5.040866
11.053207
10.012153
7.004012
5.030257
5.009101
21.047165
14.011433
5.018414
10.030979
8.022256
20.018065
7.034953
10.028456
14.011453
12.000928
7.042005
11.009747
5.019124
7.014377
7.008569
10.045486
9.042178
6.000928
12.005511
9.014023
6.000928
10.000928
8.009281
6.012633
6.005904
12.026397
10.049629
5.015007
14.015017
12.006497
5.046762
6.018014
13.010819
12.011773
30.035855
6.002286
11.036398
8.035138
14.000928
5.033761
26.009321
10.027659
22.014063
10.006917
7.000928
19.028077
19.027038
11.005065
15.014077
5.031955
19.038084
15.027832
8.000928
6.061504
21.000928
5.030089
18.008035
9.007257
6.039216
9.014030
5.023810
6.025400
6.044898
11.006837
8.008989
9.014849
19.015929
5.037244
6.014789
9.030383
16.016961
11.018885
6.067238
6.022650
25.006219
12.002950
5.027371
7.017219
7.015815
10.016695
14.025559
5.032112
16.006737
10.009447
12.015049
5.026722
7.016960
19.004506
9.013444
6.036229
5.025346
6.054947
