52.017233
34.022428
35.008895
9.003572
15.011925
28.013703
13.013709
11.009467
11.003572
17.031335
69.000928
14.009601
14.024814
9.000928
18.019286
9.003918
8.059735
9.031905
12.005091
22.017487
8.014379
39.009981
21.025447
9.028585
13.012377
39.031021
12.012191
18.004092
10.014083
12.012965
8.013665
9.021576
12.005310
55.023176
24.026258
18.044536
7.002440
12.020752
13.016827
31.021662
33.011513
12.003912
13.026207
11.029813
10.000928
8.028184
12.003952
12.003992
12.003752
7.005565
11.003792
7.017685
7.014543
11.024381
12.052500
9.018934
9.028079
26.019086
14.013543
12.025382
36.020798
9.003692
9.016783
14.005124
19.015296
