12.037647
7.012846
11.005670
17.005605
21.013847
24.040886
15.011173
7.003652
22.030433
17.014911
9.019890
19.045215
10.005850
9.005585
16.016348
16.035651
11.000928
13.004092
17.003752
11.003752
14.018494
6.008009
32.003932
7.022049
6.020142
11.033110
16.007048
14.011713
11.003652
12.076801
15.026713
10.067824
22.036339
10.008081
15.004072
8.003748
10.094960
12.008568
10.003812
13.007223
14.008315
16.000928
13.010551
16.002300
11.051219
10.014767
8.023648
6.024055
7.018601
6.054832
7.030572
9.008267
15.010673
19.000928
7.000928
17.017318
22.003892
8.020198
13.035457
15.036275
11.013426
14.003912
23.015172
11.011319
16.008710
15.009775
19.003552
10.003832
8.003592
9.009962
10.007587
13.018670
10.002280
18.016462
10.009329
12.029144
11.003772
7.018960
8.013797
10.012895
6.025300
8.003532
13.051486
21.002686
15.013978
8.003712
