5.000928
7.002500
94.004462
8.017739
5.011743
8.006963
5.007211
8.061645
9.027576
5.008769
11.000928
6.007123
5.000928
8.008087
5.000928
8.014289
9.012649
9.009060
5.000928
9.009241
8.003578
5.012683
8.026127
5.000928
6.000928
7.005885
8.017671
5.000928
8.017165
5.000928
8.032888
5.000928
8.007955
5.009961
8.020652
5.000928
8.028594
5.000928
8.029268
9.012677
5.000928
8.012546
5.000928
6.000928
6.032047
5.000928
5.000928
12.005030
9.014989
5.000928
19.002320
8.002220
5.000928
8.010859
5.000928
8.009851
9.040236
5.000928
19.007497
8.008881
5.000928
8.008702
5.000928
8.039554
5.000928
8.035683
5.000928
8.016621
5.000928
9.006637
8.022008
9.011193
9.008515
5.000928
8.022603
5.000928
8.019932
5.000928
8.016198
5.012621
10.008149
5.010999
16.037792
5.000928
5.000928
12.007383
5.007057
8.013845
9.007268
5.000928
5.000928
8.014949
5.000928
7.047884
5.011683
8.002220
34.011673
5.000928
8.015335
9.010207
14.011899
14.026912
5.000928
13.016397
5.002846
8.011099
9.025752
5.000928
8.009907
5.000928
10.000928
12.019418
5.000928
8.029993
9.008441
5.000928
8.024288
14.011497
5.000928
8.008602
4.022662
9.049049
9.052172
5.000928
10.009481
10.000928
