12.015914
14.006908
9.028740
55.002580
9.008049
8.027509
7.025241
9.050943
17.000928
8.014483
9.024117
9.035459
10.012763
9.004092
8.012851
9.021498
7.033627
9.003732
6.061233
6.024402
17.046018
12.020884
7.002760
13.048300
9.014403
9.033162
9.016427
9.021614
9.028142
9.014123
10.009901
14.008821
19.003952
11.014449
7.002400
17.033525
10.016049
11.029184
7.009873
9.009015
11.010753
18.003672
29.004945
8.007063
9.029905
31.004072
42.040221
15.013975
7.027517
30.023862
15.010161
18.024288
17.003932
18.014665
12.030421
20.003772
8.007935
14.005710
9.014975
9.027198
11.032693
7.062747
9.005350
9.014004
7.024231
11.027871
6.024481
7.047062
21.003832
19.018586
13.003972
8.051938
7.030075
12.024576
15.003952
7.041260
12.003592
14.004092
11.013811
9.010733
12.013897
10.021996
12.006585
7.038697
9.055566
7.003812
11.023372
