18.010073
8.010753
7.006937
6.032031
15.002360
9.006837
9.015023
8.006823
11.006737
7.026006
7.006437
7.012063
8.007587
9.002220
8.005351
21.006417
6.006843
13.016381
7.019592
24.013347
6.005145
7.028950
8.002760
27.006817
12.006789
8.004438
16.006897
23.035712
8.004358
5.024665
8.003798
8.003638
6.008595
7.006677
11.018642
9.035938
8.006337
15.029221
17.008149
11.015789
9.011683
7.007057
6.055910
7.029254
6.044832
7.013348
12.008330
8.054099
7.006737
6.046611
15.002320
7.006737
10.011599
9.020216
14.022099
9.020202
7.024782
5.019557
15.022178
15.002320
14.004158
8.010071
7.006557
6.031513
7.007237
7.024086
10.009499
8.004142
8.024585
15.006557
7.006977
25.028852
44.009613
7.008750
17.004881
17.004052
12.007179
6.006433
10.010771
9.059044
6.006757
8.006537
7.007157
10.048371
7.006597
7.002786
13.069358
7.006517
6.035065
7.006477
7.028188
13.005876
9.005730
6.008349
8.008649
14.006657
8.005970
15.006537
18.046677
7.011426
6.039994
7.009379
7.007163
13.036251
