9.007587
18.000928
45.019398
35.042773
10.005604
13.008067
13.005604
24.005384
14.009127
14.005204
9.005484
9.005424
42.017002
88.005324
36.069014
8.021150
17.004944
23.019803
19.003552
19.004012
21.005464
20.005670
33.005524
59.000928
8.008790
22.005224
13.020025
28.005664
21.015707
20.002360
8.014277
19.010150
14.000928
15.029077
44.017267
17.024818
9.011625
26.005664
9.005404
10.021563
66.006736
8.005644
17.007167
9.005224
18.005464
8.011118
19.010520
8.005524
28.027411
27.008350
10.005544
15.030030
