11.045433
10.021602
30.015295
21.014238
33.017438
32.025567
22.006285
28.000928
28.005925
53.032045
17.017494
5.063970
9.043901
12.033720
29.015148
8.000928
11.010627
18.026935
11.014995
14.028114
8.000928
35.018291
13.015650
10.018653
19.011267
34.005610
14.027164
8.003652
16.004012
28.006130
23.022360
21.004092
13.025570
24.010579
40.000928
12.020146
16.000928
13.043139
20.003310
14.003532
15.016260
16.008289
16.009870
7.049970
6.000928
13.008874
14.013795
9.033833
24.014565
7.026533
12.003592
20.013803
13.003752
14.000928
11.014109
12.004072
25.014563
18.003832
14.009330
13.027000
13.019038
10.016804
21.030483
11.022198
