24.014929
10.031255
18.015701
19.011945
22.010659
15.021024
9.013765
12.005251
26.006557
25.012005
22.033924
9.019046
11.025400
19.000928
19.013737
11.008309
37.023554
14.013478
20.000928
17.034657
13.010153
20.017087
19.005485
9.017645
9.010007
11.035160
21.020074
10.010241
8.041644
22.017157
13.011765
13.004950
35.017700
14.016747
9.018320
12.024848
15.022916
15.008319
9.008249
17.013291
9.029157
9.025003
14.014815
24.009787
11.002340
18.008635
10.011797
19.006657
34.012191
14.084475
9.013985
18.017140
15.007477
29.010713
12.060056
10.013145
9.009921
10.030689
17.051939
12.018496
24.033040
8.008135
24.006237
10.008409
11.005336
9.011705
9.017387
9.021709
20.014967
14.009781
9.015716
