27.002220
34.009467
24.007769
19.006582
15.012485
18.062932
24.008960
14.034512
20.003692
33.005450
24.009141
15.005730
18.077600
26.044955
22.049055
29.016666
25.002260
18.010260
19.005850
16.003892
17.030229
19.012053
24.084018
19.066964
21.027639
24.073685
22.011427
14.034755
29.015673
29.044216
27.010893
21.008335
11.003732
19.021400
23.018207
29.002280
18.014033
25.010991
21.000928
31.007303
35.003552
18.010467
19.009266
15.003532
18.108140
29.021024
21.078025
23.005724
18.009467
21.009687
19.007867
