23.006517
21.005704
70.005225
25.019804
32.005325
26.008295
16.018649
17.017808
15.067068
17.005485
41.012545
18.036164
15.034867
25.000928
18.004502
31.017321
32.003792
20.009541
16.012026
18.003254
37.005225
19.016070
15.016767
18.018434
15.070613
17.021849
14.042944
14.013003
15.003792
20.005785
17.010707
16.008169
14.047375
16.016166
25.009887
11.010893
14.057005
18.005385
13.082721
14.038392
16.003693
16.008739
27.029485
23.004012
15.010581
21.054815
15.024521
16.036891
17.032699
17.026179
18.004865
17.005390
20.000928
13.012711
12.004132
18.009641
