17.022864
90.004622
18.035415
11.023097
12.030533
14.033207
14.023522
19.031323
14.080687
24.014150
20.004602
13.004782
14.013703
14.042190
14.016207
14.009559
16.008967
13.012546
28.052842
14.028437
9.037588
39.052021
11.003592
18.006797
13.031349
19.021699
14.054410
26.009401
17.023974
15.004283
13.030729
14.021210
10.025141
14.011529
13.014070
29.034894
19.040724
14.026312
19.010179
15.012760
18.056338
14.055037
16.021856
17.009547
29.034977
24.059788
19.037875
14.029052
9.034288
29.085924
31.024274
17.036448
14.044192
19.040946
19.021272
20.012445
13.014409
20.005110
13.048534
14.043116
