10.004038
96.013447
12.003812
17.002460
14.023402
16.012145
15.003672
18.011273
21.038725
11.023666
13.012855
10.061071
12.042869
10.043918
16.003612
26.026865
24.037267
15.014369
9.042522
15.004013
14.005950
10.008369
13.012697
19.040818
12.010347
15.031162
18.014363
12.006931
27.003592
20.013177
14.003769
12.006531
37.035512
11.018739
14.009293
13.017493
30.008575
12.010833
19.012185
17.029025
10.007182
10.005284
10.011405
12.041050
12.016407
14.011139
14.091407
16.031670
11.021538
15.012601
32.033005
9.049494
11.040021
9.054668
9.065239
14.006669
11.003712
12.028237
20.012391
13.011251
9.065000
9.082586
16.036264
34.003752
34.030315
24.003992
