25.000928
20.021364
23.003752
8.011653
14.038803
9.013243
22.040849
11.004786
15.015450
23.000928
8.021784
40.021278
28.018816
13.032422
40.000928
14.004052
20.000928
17.029283
18.007205
26.003832
24.006776
13.015699
14.028003
19.025406
19.035873
17.016308
12.010761
13.032087
25.020939
23.015536
15.020530
13.049579
16.009747
18.025240
30.016714
13.009481
12.002780
28.021894
41.012291
24.008035
35.010421
14.022370
11.015785
11.048840
21.000928
17.008701
14.018483
19.016056
19.018019
9.009161
16.009007
9.021212
25.000928
11.046890
49.033766
11.022468
17.012411
14.005550
16.000928
