12.085984
34.029764
25.002480
11.003612
30.000928
11.008701
11.000928
21.025406
20.000928
20.010939
17.010327
20.002460
17.002406
48.054754
9.036463
52.005515
11.014305
17.008895
18.058919
10.006409
18.050970
46.009030
18.003552
10.014511
29.000928
12.019127
14.014523
19.017015
35.002340
10.040714
11.032055
13.016540
17.006917
24.009881
20.002300
18.011293
13.005271
31.022066
19.014895
18.022284
12.014445
17.073958
14.002660
19.003752
28.002300
18.030581
25.008087
15.004904
16.010910
26.012761
25.002560
19.052227
13.040010
17.005770
20.017480
