8.021264
5.034945
93.004462
13.037009
10.005915
6.051787
11.019506
8.030199
24.018773
15.012557
11.016482
9.069563
12.030031
9.020384
15.004503
8.025048
10.003672
8.040037
12.045569
7.055695
6.038530
28.012925
11.049000
16.012397
19.002520
8.078152
16.060265
6.044233
20.010697
12.046009
11.021736
9.029925
7.058006
13.028665
15.024306
8.012065
7.038184
14.021917
11.076994
7.050883
9.027420
9.020152
17.016581
11.006968
9.023900
9.005010
9.018157
12.051547
6.031195
24.011399
10.022443
7.065967
20.031885
9.022093
8.069805
15.055678
22.043983
14.069480
12.078007
18.007102
9.022213
9.016022
8.030807
25.007248
19.018701
9.029731
9.040874
9.040759
6.025120
8.004522
14.004052
9.035856
9.030651
9.008489
23.008546
14.045450
14.024789
11.048853
21.005145
17.069559
13.016455
11.020073
9.039235
10.044756
