12.065313
20.003712
11.000928
17.003752
14.005544
13.058614
19.025330
19.019150
10.014535
13.039552
9.039728
14.031059
19.022178
14.017108
19.015561
12.013661
19.012021
24.007097
41.013391
14.014957
15.005424
13.044728
10.006762
18.016606
24.023234
19.019026
18.003972
220.038398
14.008261
20.009681
8.083897
17.005995
12.019408
13.009941
14.042192
19.009679
14.036459
20.000928
13.038599
11.027559
12.031981
14.043730
14.032167
14.016434
14.052475
16.009907
33.007489
14.008968
34.006796
14.006977
13.025906
14.025554
14.033609
17.021356
13.015055
13.002300
12.005465
