10.029967
10.012617
10.024399
15.008529
14.000928
14.000928
9.034587
18.009893
9.022668
9.045532
18.015970
16.009701
14.000928
8.061382
25.000928
8.059266
9.063026
9.061938
9.012497
9.009433
10.021398
8.027252
14.013581
10.010261
13.019237
14.012597
9.007048
14.004024
10.003652
13.009385
9.033489
9.034578
14.015547
9.046580
9.022540
15.011585
9.000928
9.050755
8.020730
10.000928
9.000928
13.035986
14.007914
15.000928
13.016654
11.010899
8.008665
29.006855
13.042037
9.009699
9.034353
9.023400
14.025052
9.022284
9.032291
9.007043
14.029010
9.007262
9.018059
9.018323
14.016891
14.006868
9.042385
9.065149
9.005830
9.041115
7.007357
16.014149
10.018200
23.010061
9.023400
9.013071
9.006030
9.030189
7.000928
9.000928
12.000928
9.008809
9.000928
13.015135
10.017311
14.000928
13.025516
9.013711
14.022210
9.008985
10.000928
13.057661
10.009601
26.028249
10.015427
9.018314
10.005190
9.016914
9.005430
