32.025086
10.000928
18.012831
29.012871
30.009589
10.008469
7.049073
10.012425
18.013277
15.005705
28.010625
19.045125
10.025048
13.040822
10.005485
9.002580
13.010047
14.016234
10.011299
18.014617
9.035245
17.004583
7.025355
54.003712
73.017571
10.004945
15.006109
26.009501
16.003812
14.000928
20.005705
10.003632
21.013052
19.005370
19.012757
20.003752
8.008467
14.010519
15.003186
9.026772
9.004638
14.009521
13.005930
7.043747
12.009921
16.014903
12.000928
12.010853
15.005210
13.009527
10.010029
25.000928
12.010161
23.008780
19.005385
8.004052
13.003612
11.008999
16.031511
10.009841
13.020152
14.014310
15.011733
35.000928
15.003592
8.000928
10.002220
11.037129
