11.052155
23.026619
14.023883
56.019968
24.011683
12.004112
9.004032
13.003592
26.003892
30.016049
14.012997
31.030159
14.018333
24.036564
34.009461
13.033955
14.015659
9.011425
9.020989
19.009521
9.020204
13.015089
19.032791
13.003652
19.043845
27.003572
10.012712
20.029495
14.042845
17.021044
12.031331
33.003832
21.020477
21.006577
15.003932
19.003872
16.004363
22.003632
14.004318
12.010965
14.038960
16.003692
14.004132
76.030560
18.005310
13.003972
10.020235
29.009787
15.000928
14.033435
17.012403
33.017946
21.029103
14.025187
18.003992
22.003892
28.030811
