42.007043
76.003732
15.002366
17.004623
9.010773
14.008669
14.009833
10.015163
18.000928
13.026984
15.009399
19.002540
33.011215
19.013231
11.004038
23.002380
10.000928
16.005430
11.002440
29.002520
24.002700
13.008083
15.008843
16.002326
25.004132
11.004032
12.037429
46.002446
10.015895
9.011133
14.002966
23.009009
14.002440
23.013850
30.002680
25.002346
23.004443
14.002440
14.004132
13.012159
19.014604
30.002326
14.002840
17.015786
15.019396
21.037555
18.002820
22.018473
25.012403
14.022314
16.010071
14.003632
20.003106
14.019312
37.004418
40.002540
