4.005062
93.006384
4.005904
4.014809
4.008108
4.006656
4.013329
4.007457
14.000928
4.007756
4.005264
4.006164
4.006476
4.006024
9.002380
4.005484
4.005944
4.006224
4.005404
4.006284
4.005764
4.006064
9.007517
4.005524
5.006557
4.005404
4.014833
4.015391
4.007347
8.005845
4.010061
4.008508
4.009727
4.011885
14.009441
4.012145
4.006337
4.007196
4.008209
4.007216
4.007437
4.007296
4.005524
4.012585
4.009461
9.008428
4.008309
4.016949
9.010910
4.004132
4.012305
4.006896
4.009381
9.007036
4.005864
4.006416
4.006556
4.009821
13.014355
4.023587
4.016407
4.017759
4.020663
4.020484
4.019957
4.023267
4.019291
29.009375
4.017761
4.022392
4.022355
4.020323
4.020529
4.030136
4.024740
4.034592
4.018446
4.026286
4.030681
4.026300
4.023628
4.029402
4.018892
4.019397
4.021004
4.023187
4.020411
4.012571
4.021183
4.026612
4.019591
4.018225
4.017680
4.019119
4.024727
4.029118
4.011991
4.018345
4.025126
4.023548
4.018025
4.025519
4.023448
4.025176
4.018619
4.020503
4.016333
4.017679
4.027508
4.021810
4.028044
4.020683
4.026112
4.015065
4.021578
9.036663
4.020990
4.019251
4.028816
4.012151
4.025160
4.018626
4.017585
4.019671
4.017347
4.026512
4.021283
4.022585
4.010919
4.026758
4.020723
4.024760
4.021823
4.021776
4.022210
4.023948
4.021003
4.013735
4.022495
4.033338
4.024248
4.015355
4.015155
4.017327
4.013135
4.029913
4.020978
4.013483
4.024638
4.015167
4.021064
4.020203
4.017007
4.024523
9.029466
4.021091
4.020589
4.016667
4.016387
4.013643
4.018225
4.018139
4.024634
4.021503
4.030448
4.023707
4.022762
4.016687
4.015575
4.020951
4.024539
4.018239
4.022302
4.032847
4.012511
4.020750
4.022942
13.015129
