26.013026
5.033285
9.014676
5.015769
4.009089
15.012325
18.011705
5.023142
12.025363
5.015095
20.015349
59.022470
29.026958
7.060158
5.015389
11.012230
4.003938
9.012505
5.017591
20.011725
6.003532
28.023326
10.026612
14.010799
13.010345
5.026230
5.000928
6.020990
6.012705
34.017894
14.014609
49.015864
19.003872
15.015669
18.010693
34.018459
14.014217
14.014949
10.017372
8.017227
25.003632
12.013445
45.015415
18.011207
5.011991
14.026112
14.009261
14.003532
10.003792
5.016648
6.006957
6.014171
4.009501
5.019086
9.025874
10.029510
10.004052
10.014789
5.016901
5.011575
6.003658
7.021830
4.025614
5.043129
31.013663
5.025235
5.019999
5.022537
4.021256
9.034461
6.003892
14.019184
9.016384
19.015110
19.021358
9.017860
5.019411
8.012185
9.014315
4.012785
14.009941
14.008349
8.017678
5.015650
35.016555
6.021451
