5.039519
15.003872
10.013823
10.003872
8.014319
29.015365
9.005890
19.009067
9.008955
21.004072
42.005450
20.003732
9.003872
28.007583
19.007072
9.009533
10.003992
8.012537
19.012739
19.007761
9.019529
5.003852
40.003692
17.010173
5.002220
29.003812
8.006743
14.011199
24.018921
9.015363
6.003374
12.012165
9.009747
40.004112
19.003592
8.017240
5.003852
14.003572
8.010498
5.003632
23.009420
9.010919
10.003732
14.004052
14.004092
18.009535
5.008110
9.004203
9.003772
8.014937
15.003612
23.007788
10.003852
8.011873
5.004072
9.003672
14.004503
9.004112
34.004132
8.021884
5.003932
14.004092
13.028638
15.003992
8.028585
14.017375
5.003652
9.002840
5.003632
17.041330
20.003752
18.016725
4.021554
15.003912
14.009790
9.003792
4.004129
14.003552
19.004092
