7.010033
6.017518
6.002406
5.044651
10.003784
9.003792
6.003512
29.013165
80.007769
16.005910
5.002366
6.008069
11.005450
10.009721
10.014163
166.057583
7.018331
4.018294
106.010527
6.000928
11.005585
5.017369
5.005864
7.008155
10.014475
6.002926
6.003778
7.012885
7.034289
7.017694
35.003592
25.004278
5.009461
16.005410
31.043274
7.017048
59.009647
34.013765
46.021684
7.017681
6.011817
6.004598
7.032813
7.010073
13.010533
5.010201
21.031751
6.003972
7.043124
7.018614
6.028810
11.008635
21.013986
6.006617
7.003592
44.013616
31.009901
6.003812
29.015527
34.005830
