6.014513
5.020064
7.006084
9.006164
10.005144
6.005184
8.013603
13.005684
16.008029
14.005824
26.021268
6.027805
15.008389
6.008749
6.029124
95.010911
43.008709
8.032908
8.008669
13.008829
9.008509
6.026511
24.036303
9.020102
15.002506
11.008729
9.008689
19.008109
8.008609
11.008909
13.009089
5.008829
13.015215
42.004052
11.008769
10.009229
22.018107
21.005864
27.007077
11.010651
13.008309
10.008369
31.004352
21.008709
14.012833
20.009509
13.009149
10.008649
23.008909
5.008709
18.008609
8.008549
7.029471
11.011141
12.033301
27.009029
23.008549
10.007809
9.009029
9.008809
5.008289
8.023760
10.012273
8.014685
6.016345
15.016753
18.034836
14.031377
27.008829
9.008429
17.005530
8.021390
7.027181
10.008389
9.009349
