117.008735
14.024494
11.014053
7.008095
10.006817
11.000928
12.009641
7.009287
26.005104
9.006497
20.000928
8.008715
13.010553
20.005285
9.009947
8.039720
8.000928
6.000928
25.011099
8.010911
9.004392
10.007357
13.011125
8.007203
11.000928
73.005525
11.005270
22.003778
16.006742
7.000928
8.006869
15.007457
6.012079
11.008541
12.000928
16.010613
8.000928
15.046797
8.000928
5.012159
20.000928
7.000928
11.000928
6.003572
6.009287
8.000928
5.008721
11.007027
33.014223
11.008429
16.006683
6.010805
33.000928
21.027169
7.008649
11.007397
7.008435
9.010407
14.010207
6.000928
17.000928
14.000928
11.008295
11.007302
8.000928
11.000928
7.008249
20.028717
6.050366
17.015062
6.020851
7.020696
7.000928
7.000928
11.000928
6.038088
7.000928
11.008521
9.008254
7.000928
15.017128
