7.000928
5.003773
8.019106
5.003913
5.004318
5.003578
17.002220
11.002260
9.003893
4.003813
7.002260
5.002766
13.002766
4.021811
6.009441
5.000928
20.010581
5.005165
8.029489
19.030642
6.003898
5.005245
6.047727
15.007383
5.006277
7.008475
10.010743
5.000928
6.002286
5.003798
5.005885
5.004458
4.016508
6.003718
40.022350
6.003998
13.002840
4.012205
8.045945
5.012629
6.003838
5.003892
3.004438
27.002360
10.002486
6.004178
10.012537
14.011839
5.002800
6.004038
18.027803
4.016033
6.003126
15.056995
10.004078
6.008329
4.018180
5.014031
5.015741
10.002780
4.011359
6.009541
8.021377
6.002486
10.023962
5.002660
11.004778
8.005450
23.009481
6.011393
4.006837
4.047238
4.016954
6.008867
10.003872
10.002526
6.004018
4.017600
4.034118
14.016888
5.079806
5.006797
13.010786
10.007283
4.008229
10.003998
7.009755
10.005265
5.003812
5.014543
6.022008
4.030569
6.004538
6.004038
9.006957
5.013851
5.003046
9.003958
4.010245
5.007969
6.002626
3.020726
7.002400
5.008069
5.002366
8.000928
4.008269
6.002566
9.010659
3.037907
6.033737
19.011339
5.006345
9.002240
6.007547
7.003772
5.008449
6.003246
5.024467
6.002286
7.007975
10.002680
8.035512
5.002400
13.033912
6.004038
4.032061
7.017884
5.008870
5.002406
6.002486
5.014239
15.006843
9.005416
4.044249
7.003858
4.006677
