5.000928
10.010081
5.024400
4.060182
4.101721
4.037762
4.050110
4.091640
4.048291
5.003812
15.009641
10.003572
31.014247
4.053043
9.032396
4.062054
4.067516
4.046805
4.028702
4.051483
10.005105
14.003632
9.000928
9.009621
4.045057
4.033107
5.009961
4.032993
22.025714
49.014687
4.048106
4.031409
4.024146
4.026011
4.035971
5.025267
4.016728
4.029254
5.011899
4.043290
4.026988
4.020836
4.059748
4.057990
6.013066
10.004298
4.041431
4.054753
4.031701
4.045760
4.073428
4.044686
6.003552
17.011625
4.085149
4.042104
10.005205
5.009281
4.040054
6.008719
5.009225
4.101281
8.019712
15.006349
4.084918
4.068400
4.062204
4.046568
4.070060
4.067150
4.038673
4.063720
4.047319
5.004925
5.009647
6.003612
5.041463
4.039274
4.061415
4.040591
4.030307
4.057979
4.076280
9.013985
4.044682
4.035904
4.042207
4.048507
4.037839
4.032259
4.057145
4.088369
4.036206
4.075514
4.053998
4.055370
4.038876
4.070784
4.041554
4.046273
4.050918
4.039385
4.037325
4.045722
4.043482
4.088786
4.094479
4.058371
4.081075
4.033614
4.044859
9.007102
4.042550
4.046368
4.056712
4.057485
4.052851
4.043878
4.063446
4.058540
4.058982
4.045790
4.078607
4.059516
4.071022
4.042978
4.052263
4.043950
4.037235
4.041064
4.082118
4.092714
4.042594
4.036459
4.063745
4.057384
4.039231
4.037107
4.072485
6.005625
17.015802
4.065752
4.044978
6.005285
4.067698
6.004052
20.078340
15.015218
5.008649
4.018646
12.016388
9.011591
4.044676
4.036161
4.061464
4.031507
4.034264
4.067696
4.039942
4.053172
4.047753
14.008143
4.053069
4.109347
4.040434
4.044210
4.062458
4.041073
4.038884
5.012937
8.045115
4.052398
4.029957
4.036815
4.048051
4.031407
4.092369
4.074673
