7.021446
5.007337
19.011013
5.013963
5.011393
8.000928
5.018600
4.013497
4.021298
8.015215
9.007363
5.006877
4.013777
30.028405
32.009793
49.015310
14.011853
5.018100
8.018997
5.016075
6.008461
6.008569
12.016063
5.010081
8.011723
5.009761
34.000928
4.012745
14.000928
14.014508
4.027859
8.008907
5.021184
29.014757
8.008795
5.009241
9.008309
9.008349
29.014635
19.022253
28.011179
5.017162
9.011991
5.018134
5.011759
5.017228
4.015016
23.020918
33.020408
5.014543
6.008755
5.006797
19.009401
9.010727
4.008629
29.011353
5.018986
5.018180
11.009953
16.006993
5.014990
8.000928
17.016491
9.017227
5.020436
8.010239
5.012425
24.011945
8.005290
5.020684
5.013923
5.023969
9.072314
5.014635
15.023357
5.021738
14.000928
8.007123
5.010021
5.011059
12.012707
5.010261
9.012665
4.015097
4.047655
5.010361
15.018020
5.015430
20.005670
5.009381
8.002220
5.010321
39.009801
24.021533
19.015286
14.006877
8.014555
5.014003
