17.030154
7.013489
6.007063
19.022943
43.008335
32.026596
7.019604
9.032612
9.011319
14.024400
9.012511
9.012425
9.041249
9.045628
9.014927
30.018496
5.016268
11.014696
42.027664
16.021536
69.031309
18.012031
14.009427
16.020590
51.017264
10.010277
56.008035
16.028437
39.006323
31.021718
10.010437
31.012211
16.010939
63.018338
6.039849
9.011140
9.009273
9.006376
9.033979
16.018160
6.021976
45.035673
11.014636
16.025292
70.021264
8.016824
27.016708
58.000928
8.020180
9.021815
9.030262
26.000928
11.009647
