22.039023
6.023802
6.018233
5.024934
6.024894
6.023342
10.048909
6.023582
6.025134
5.037175
14.035115
6.026508
8.006677
6.017811
31.049725
10.007989
9.011944
13.014489
10.013125
9.013391
4.012153
10.015349
6.000928
6.013105
9.010131
9.000928
5.031081
8.006682
6.026460
9.015515
15.000928
6.012093
14.013631
9.015015
6.019649
22.019237
9.013289
10.022156
6.015507
6.011019
4.015343
8.042644
5.025014
6.015597
17.006836
9.012585
9.011745
20.017709
7.011891
5.019969
10.006004
6.010301
25.006803
5.018774
6.005705
6.026115
10.010021
6.009581
11.018319
10.009401
9.018493
5.010214
9.006797
10.003518
24.016351
66.010421
5.030341
6.021338
6.009007
5.020255
9.016516
10.023134
15.015781
5.000928
21.009980
9.013329
9.019791
4.013857
4.013815
13.038413
10.010973
10.046060
18.009867
9.023794
19.012639
6.020326
56.022510
15.008529
4.019937
9.025834
9.008369
6.009861
30.017102
5.026944
10.015709
15.044500
9.018045
6.000928
6.011273
5.056491
12.024086
5.010481
6.012425
