8.068623
10.000928
29.021502
4.028166
34.044562
7.008975
5.046411
10.014837
19.027939
6.019803
20.016061
25.000928
6.032207
6.037870
5.009961
45.023529
69.028963
7.015255
18.022388
5.025232
9.004153
10.000928
8.009439
9.006577
9.007157
8.012931
5.032215
9.007857
20.005165
8.006437
10.006537
23.008629
5.024401
13.007989
9.006723
15.026812
18.007237
9.008309
9.006697
9.007097
9.008649
24.010681
15.000928
18.000928
5.035711
69.044063
5.026853
127.000928
10.012051
7.007603
5.026527
14.014044
14.008435
13.013231
5.012445
9.006777
19.008509
14.008517
19.008511
5.013584
38.009487
14.006517
9.016528
15.025374
18.017248
9.002726
5.036669
34.019689
