8.011965
4.005950
3.024036
5.000928
8.012911
14.013297
5.003832
8.015521
9.008747
5.003832
4.000928
9.000928
8.006802
10.000928
4.006836
3.026099
9.025081
4.011738
15.000928
4.006516
8.010959
5.000928
8.008815
4.012877
4.040761
5.006876
3.045771
5.000928
3.025733
5.000928
3.023770
9.005370
4.009527
4.042578
9.014177
4.011889
9.030367
4.025652
9.015448
4.014716
9.013397
5.000928
3.041047
4.012909
9.015423
4.031501
9.006623
4.015262
5.000928
3.031767
4.059676
5.006836
8.010913
4.024696
5.006796
3.054616
5.006936
4.000928
3.022880
5.006616
8.044008
4.016192
9.012413
9.012811
9.014097
10.000928
4.010253
4.006916
3.054471
5.003912
3.056247
4.011719
6.000928
7.014621
4.016795
4.022929
4.009253
4.017507
9.018746
5.000928
3.021204
4.017392
4.014910
4.011499
9.059696
4.021684
4.022670
9.007202
4.026881
9.037886
9.029235
10.000928
3.049629
4.035380
4.019846
5.000928
3.032661
5.007462
3.022365
5.000928
8.013637
4.015010
4.022527
4.014329
4.011199
4.022816
4.009855
5.000928
3.040726
26.046007
8.000928
3.020926
4.013152
5.000928
3.019679
4.016440
4.018346
4.034068
4.012732
9.016755
5.000928
8.016035
5.000928
4.006576
3.040662
5.000928
4.006536
4.000928
8.009827
5.000928
4.007896
3.024914
5.004826
8.014697
4.014575
4.026732
5.000928
3.016956
9.023988
4.012711
15.000928
4.000928
3.025712
14.030839
4.028504
5.000928
3.028022
10.000928
3.043508
4.030940
8.007597
3.015317
11.029837
4.008967
4.025036
9.005290
14.017299
4.020078
5.006796
8.007183
4.013781
4.026111
9.007162
5.006956
8.014996
5.011992
3.058016
9.005250
4.017136
5.005384
3.021856
4.015825
4.014676
4.015669
4.018140
4.012159
4.010087
