4.004363
3.017204
3.034201
3.012746
8.023383
6.013983
3.024526
5.036802
3.027105
4.011905
3.020218
6.007002
3.016297
4.024314
5.009827
3.019852
20.031828
3.019992
7.026692
9.000928
3.037919
3.033353
3.030541
96.004663
3.028603
3.016788
4.024145
14.008355
3.027972
4.007503
8.013377
3.009867
3.041890
3.018933
6.007889
3.023908
3.018180
13.026639
3.019779
3.015155
3.026261
3.022362
3.009761
4.023482
4.017162
9.008789
9.017886
6.015581
3.023290
4.041436
10.020024
3.017579
4.025387
20.024904
3.014789
3.013677
6.018359
3.024057
3.008181
4.008309
7.017714
3.040360
3.020787
13.008249
4.003932
3.012651
3.031679
3.042244
3.015530
21.025348
3.030105
3.014582
5.018421
3.021773
11.008429
5.055084
3.021199
3.024438
3.026208
4.020306
5.009813
3.022276
10.015975
3.013918
18.031245
4.003738
3.016929
3.023167
3.051898
3.021690
13.004018
6.021292
3.023896
12.025934
3.021147
3.027291
3.019135
10.009587
3.021350
4.028233
6.000928
3.019886
3.023370
3.040131
4.015250
6.005131
3.031543
5.014229
3.018001
5.008241
3.021676
3.035658
6.006762
3.017639
18.039160
4.013658
4.011099
6.006823
3.016008
4.023555
9.041697
4.025174
20.027404
3.032268
4.010675
15.040881
3.021244
9.027405
17.015922
3.019220
3.032555
3.056646
12.032867
3.009847
3.023442
3.017780
4.035562
3.031848
3.027498
3.018100
3.028774
3.015935
9.031984
8.022711
6.007547
3.014324
3.011633
6.052324
3.020364
3.026431
3.022764
3.013471
3.024015
3.016611
23.019467
3.014431
3.011199
3.026618
3.015895
12.066908
6.026000
9.028012
3.039321
4.005305
3.024694
3.019045
3.049141
3.025212
7.047476
3.025528
3.033607
3.019155
10.044434
3.046066
