6.003574
9.006010
96.002420
6.003658
30.005250
11.005710
9.002520
7.003978
26.002280
7.004458
18.005590
6.006782
20.010770
14.002840
9.004018
14.002460
11.004058
5.004018
32.005330
5.007484
6.006542
14.014069
28.003838
5.010353
8.003778
87.010437
16.005990
5.018356
10.002240
19.004032
6.005390
27.002520
14.003468
9.006090
19.002240
11.004578
6.010965
12.003958
11.009295
7.005930
6.010227
7.009121
10.006130
18.004318
4.004518
5.003818
5.006708
7.005510
6.008435
17.005990
7.004298
7.005590
9.004638
11.004118
11.005450
5.003898
14.003958
15.009921
7.004678
5.005830
10.019304
12.005830
10.005890
20.027971
22.005650
13.003958
5.000928
14.003938
6.006843
7.004638
21.016766
13.005630
21.004058
6.006150
27.009609
6.003638
22.007707
18.005350
10.004258
