6.000928
16.005384
11.005505
14.007849
15.005145
6.005984
7.006357
11.005504
5.006557
6.005885
19.010019
15.009746
15.005385
7.005365
12.005525
7.014383
5.008575
14.009321
9.005845
6.005505
16.011845
35.005945
5.005325
6.005085
6.006537
10.006577
6.007077
12.009141
6.005325
18.005205
12.002680
7.011313
28.009601
25.009421
5.023433
7.009581
5.005665
10.007363
26.006877
6.003678
16.009241
23.014517
20.007296
16.005265
9.007849
22.002780
12.005365
14.006637
29.006377
9.009881
29.005305
7.009201
7.019900
20.018807
11.005725
7.003952
7.005305
27.002240
6.006797
6.002480
7.005585
24.009461
5.045092
6.003898
7.014110
11.009615
6.003852
7.006703
7.013277
11.009861
6.009601
7.006877
7.019957
15.005545
11.006897
20.003838
12.000928
7.015285
11.005025
7.013390
6.006857
10.005365
7.009281
15.005665
7.014550
16.006837
7.012531
7.006762
10.006397
16.007587
14.005184
14.011221
6.005585
