109.025932
10.037242
22.026198
7.013411
20.041382
7.027783
5.035725
14.015289
49.032817
10.051355
16.027843
24.020864
49.040106
16.032995
4.030517
18.023774
8.023556
11.019566
37.030369
12.035346
7.025704
6.012559
7.008375
9.048327
9.023920
9.015581
8.009441
11.021344
32.030324
10.019172
5.032007
6.003792
6.019397
9.045345
77.012625
5.046990
19.015556
24.031554
14.005070
13.020352
7.007443
26.011573
6.036896
22.011891
6.030736
17.011473
30.006577
9.010719
11.038046
15.007895
7.015281
9.017067
6.016753
7.025725
9.032088
9.035918
6.028910
8.019503
4.018871
8.016790
10.033054
42.016099
14.032653
14.020210
10.042178
15.034752
4.051497
