24.005765
22.004078
6.015810
55.004483
6.043989
7.000928
10.000928
9.024103
10.034008
7.000928
10.000928
5.005991
6.000928
8.013292
17.026605
23.000928
20.000928
7.000928
4.050030
6.000928
6.000928
9.000928
4.032690
6.000928
12.000928
10.000928
12.022103
5.000928
4.013864
14.000928
13.012425
9.021556
7.000928
11.015402
5.016708
7.000928
7.000928
9.007735
16.000928
9.019958
15.012161
13.010961
20.015942
8.000928
5.034081
8.028557
10.005450
9.005391
8.000928
7.024722
13.005850
5.024621
6.019172
16.020563
7.000928
6.000928
10.000928
14.019060
12.016589
21.023188
9.011846
14.000928
13.000928
11.015648
6.003898
11.000928
13.000928
5.000928
6.022236
5.007103
8.015316
9.028357
7.023549
22.013225
11.074200
22.038241
8.021130
11.000928
10.000928
6.022256
15.013650
8.000928
17.003652
11.000928
5.034357
13.000928
10.026376
15.000928
10.000928
6.025141
9.000928
10.005950
11.000928
11.014323
15.007103
11.006423
14.011633
11.000928
20.007022
