7.013227
4.053916
4.079345
4.024501
4.024762
4.033311
4.017668
4.028111
4.031867
4.033966
4.034672
4.028704
14.022349
4.053231
4.021982
4.043757
4.049635
4.021894
4.053196
9.009145
4.037376
15.013437
8.011059
4.093764
4.053176
4.025212
4.096901
9.006351
9.010953
4.071109
4.062055
4.019309
4.031720
4.043508
4.034647
4.076085
4.033971
4.021609
4.131878
4.075604
4.032799
4.104198
4.060802
4.011065
4.033108
4.051032
4.012951
4.031188
4.083363
5.009801
4.007769
8.007249
4.048248
4.093754
9.013384
4.085395
4.027398
4.080030
4.056919
4.089060
4.015948
4.044357
4.029024
4.106549
4.079527
4.046643
9.006763
4.027743
4.027079
4.034811
4.077624
4.017560
4.072266
9.037835
4.056646
4.072426
4.086154
4.032339
4.020466
4.067175
4.072147
9.004930
4.020722
4.085881
4.107657
4.131604
4.043886
4.070775
4.031104
9.015283
4.071766
4.042023
4.043388
4.104027
4.084149
4.061406
4.047132
4.022797
4.036438
9.063512
4.079559
9.012377
4.014184
4.064324
4.064850
4.117781
4.026125
4.024542
4.089883
4.073307
9.007493
9.009653
4.064055
4.020019
4.049817
4.106120
9.017300
4.042994
4.032852
4.102964
9.018015
4.029185
4.020412
4.022242
9.015931
4.028533
4.033739
4.037744
4.059460
4.066311
4.014483
4.085201
4.062751
4.050751
4.036780
4.019390
4.111707
4.074033
9.006589
4.051682
4.032632
4.103621
4.087759
4.034671
9.016235
4.097257
43.030203
29.009541
21.009781
8.046709
4.039430
4.098177
4.033488
4.077032
10.004183
14.005404
4.048450
4.050213
4.043936
4.019586
8.011099
4.092869
4.043820
4.052257
9.010041
4.046145
4.065471
4.079240
9.007289
4.039282
9.010241
4.033172
10.004383
8.027958
4.074296
9.010647
4.027803
4.033601
9.015862
4.044476
4.068477
4.065401
4.105884
4.048043
