10.002700
6.042462
9.006250
5.000928
4.028664
4.018452
5.010779
8.000928
8.014069
4.064762
4.060716
5.000928
14.000928
4.056943
4.008129
4.039006
8.022477
4.039822
5.000928
8.012351
5.000928
8.008913
14.010605
9.008034
14.011551
4.023526
9.010487
4.030997
4.075215
4.014195
5.000928
4.016315
8.028467
3.065744
5.033499
5.000928
5.009161
12.009633
5.000928
4.019734
4.013863
8.055025
9.030336
15.000928
4.030221
4.011691
9.000928
4.018596
4.028690
4.019007
3.048477
4.038607
5.000928
4.004642
4.032905
8.014811
4.023052
5.000928
8.032048
9.008694
4.020998
4.023014
5.000928
3.051431
9.010871
4.052788
4.040727
4.014804
9.007122
5.000928
4.000928
4.017515
4.030247
4.014942
8.006843
5.000928
8.007063
9.029879
5.000928
8.015863
9.009887
4.043410
9.015665
5.000928
4.030323
8.039085
9.014522
9.007472
4.046728
4.068022
5.000928
8.034515
4.028430
10.000928
4.017485
8.008321
5.000928
8.009927
5.000928
8.025750
4.041756
5.002346
4.010693
8.013755
4.025902
2.059011
4.013945
15.042624
5.000928
4.000928
8.022594
4.058818
4.028263
5.000928
8.040105
9.011371
4.032926
5.000928
8.021216
5.002666
13.022188
13.020898
14.021080
10.054685
5.000928
8.021768
9.027325
9.011599
9.015235
10.000928
8.006682
9.005230
4.030625
5.000928
3.061202
5.000928
5.013291
7.017534
9.010414
4.021490
4.030961
5.000928
3.060264
5.000928
8.032002
9.024666
14.005070
4.049557
9.005530
4.013437
9.016934
4.053786
5.002326
4.010887
4.011457
4.009163
9.018956
4.027012
8.032449
5.000928
3.059625
5.000928
