12.013461
4.008695
4.010259
5.000928
8.006902
4.003598
4.031168
4.007214
24.026960
4.009520
14.015757
6.000928
9.000928
10.000928
12.015582
8.009388
6.000928
5.002220
5.003892
4.006343
5.012611
9.047826
5.000928
4.006956
3.015879
5.000928
8.013251
4.015469
4.013037
14.005822
5.002366
4.003792
23.011539
5.006636
10.000928
12.012511
9.014585
5.003552
9.000928
13.017769
10.006776
8.025024
16.004092
5.000928
9.006456
6.005510
4.008640
9.012483
3.024436
11.000928
8.007708
5.000928
18.006349
4.009140
4.007414
4.029174
5.000928
8.010551
6.003852
7.026506
5.000928
8.011627
5.000928
4.000928
8.005836
4.004158
5.006556
6.000928
6.008915
4.005410
4.005810
4.007182
4.005430
4.023800
9.032147
8.000928
4.028525
10.004692
9.012019
9.029942
9.017612
4.019238
8.000928
20.015507
19.010959
9.008455
5.006201
8.007089
4.005030
4.009907
4.010497
4.017255
4.011405
5.000928
8.011805
9.017604
6.000928
5.000928
4.000928
11.011753
9.007203
5.006322
4.003972
8.035602
4.011033
4.003918
4.010087
8.000928
10.007601
4.003958
6.000928
7.014193
25.000928
3.024702
4.010413
4.024174
14.020794
5.006676
19.003872
15.004463
13.007153
4.006516
3.043630
9.014043
4.009281
9.032425
4.006336
9.007202
4.006788
4.011199
4.008195
5.006976
4.000928
14.003972
4.002750
8.005716
5.000928
3.044755
4.031527
5.000928
4.003572
8.009981
5.003712
4.000928
8.007662
