5.051304
5.000928
20.021546
35.015510
20.000928
17.006834
7.002300
7.009208
7.007913
4.020509
6.014583
5.005370
13.013257
14.006717
5.009867
5.008415
16.007088
5.009227
9.006557
8.019052
17.000928
5.005170
4.038724
13.024461
23.013378
7.013039
4.056147
4.042104
4.039300
4.034422
4.073993
4.081557
4.040008
4.073229
4.084835
4.080821
4.042757
4.080075
4.048455
4.086172
4.112855
4.055901
4.031947
4.035639
4.031176
4.057457
4.078090
4.042674
4.032672
4.029209
4.034719
4.088664
4.031369
4.033654
4.043150
4.057033
4.083956
4.031027
4.076653
4.053069
4.058609
4.039361
4.071562
4.054306
4.038435
4.027827
4.068625
4.084309
4.070209
4.034366
4.074400
4.034305
4.067006
4.057886
4.067647
4.040519
4.043184
4.049969
4.059787
4.035029
4.037110
4.031201
4.073808
4.073266
4.051553
4.047441
4.053170
4.026881
5.007277
4.041542
4.027636
5.000928
8.009901
10.000928
29.000928
9.060323
10.016142
8.014317
4.057627
12.006962
4.034231
4.034520
4.052058
4.091559
4.078576
4.047681
4.055521
4.045116
4.062782
4.035652
4.077171
4.072811
4.046882
4.083620
4.054835
4.041674
4.041354
4.035791
4.073073
4.041625
4.079230
4.036747
4.060729
4.076523
4.070228
5.026353
4.039133
6.009761
32.000928
9.010101
6.010993
12.023390
5.000928
4.057932
4.020358
4.017100
4.017005
5.014423
32.004984
5.012791
4.054120
17.007228
4.075275
4.036365
4.078544
4.063802
4.093916
4.073903
4.032197
4.041612
4.036928
4.068162
4.073691
4.062612
4.059570
4.074101
4.050933
4.075926
4.033325
4.053913
4.052221
4.061304
4.058857
4.081781
4.044836
4.084096
4.032853
4.079777
4.054175
4.077605
