4.002182
3.025607
3.021630
3.027133
6.009009
3.048790
3.030276
15.006562
3.035113
4.010099
10.002220
3.028951
9.005244
3.027811
6.029324
3.031487
22.006557
3.014989
7.050318
21.007197
3.030081
3.022090
15.032076
3.041587
5.015715
3.026647
17.010313
7.009853
3.060487
14.016828
3.009501
5.011986
11.003788
3.033871
3.025727
11.005345
3.042004
3.023415
4.010161
11.006557
3.033712
3.046441
4.005510
10.033733
3.020484
4.008309
5.005791
3.038555
9.005365
6.003592
3.074732
3.044221
15.059536
3.030326
10.007802
3.024342
11.005325
3.059599
3.051837
11.006357
3.040072
3.021204
10.014803
3.049183
20.013143
3.037701
6.006745
6.006477
7.009219
3.054611
4.014195
4.035574
4.023962
4.043470
4.042687
4.069316
4.041757
4.043482
4.044298
4.028756
4.019832
4.047506
4.034457
4.031570
4.039388
4.031995
4.049029
3.063969
3.022512
5.009910
10.023120
3.023306
15.043057
3.033213
21.011905
3.066680
3.027965
10.005736
3.031395
4.008829
6.007197
3.058264
3.035971
4.004393
10.011065
3.019228
20.009033
3.020094
9.015778
9.011699
19.008735
10.005390
3.032654
16.006897
3.065591
3.029731
3.019218
3.025895
7.019774
15.006537
3.045965
4.016037
3.026468
8.013879
5.009481
16.007037
3.046583
3.032269
25.024248
3.053249
16.011906
8.006137
3.028905
4.005525
4.005945
3.009558
5.010221
5.011625
3.040266
20.029461
3.031155
3.040749
11.006649
3.033280
15.053948
3.029916
15.009075
4.016520
3.031155
14.019498
20.016608
3.035663
5.017960
3.033658
19.013417
6.006777
