13.003992
13.023100
9.021601
19.011367
5.004012
5.004092
8.004132
5.003832
13.004072
5.003752
5.009441
7.003552
9.005656
13.020757
9.005970
5.003932
14.004012
8.023022
5.004112
19.003592
18.005970
5.010586
13.014665
29.011539
25.003752
9.003772
13.014895
30.003972
13.002220
12.000928
51.011045
25.003972
33.002220
5.003752
4.018361
9.004132
13.011058
10.010188
14.003992
9.005705
23.006170
5.003872
19.003592
14.004072
14.003972
14.003692
4.030216
9.003772
34.002220
23.005430
10.003912
48.008407
15.003828
14.003788
9.011273
23.018798
5.019072
9.003912
9.003732
9.003832
29.009659
18.006642
9.010719
29.017249
5.020864
38.014249
10.007948
24.003712
9.003672
18.005530
5.003532
9.002520
29.003612
8.008715
10.004052
13.005590
5.023934
