4.019616
15.003658
18.014215
20.004078
12.012093
8.017480
5.027439
8.016488
9.045462
4.044056
5.017514
10.012241
9.010491
20.010799
13.015350
34.008869
14.009541
8.005404
5.018100
20.008321
5.016234
12.011279
9.008169
17.018864
6.022190
17.021422
9.011445
5.020278
8.024058
9.033466
5.000928
15.000928
7.049345
5.034119
13.020123
9.029321
9.013263
5.029802
12.010361
8.009387
6.029197
5.029223
8.012193
5.028946
8.049911
5.020180
8.008755
9.020275
9.018799
4.048984
5.037669
11.012403
7.016501
8.016947
6.018671
37.023951
6.064193
7.013230
5.038333
8.020670
9.020072
5.040120
13.022875
5.026226
10.019704
9.008349
9.009089
24.013494
39.092026
8.011859
8.023176
5.027458
10.060935
16.008149
7.011559
22.020230
6.000928
7.068382
5.023048
8.028888
6.010539
29.017980
8.010985
8.023014
9.034705
5.013363
10.003912
8.041091
6.018712
9.023639
12.007709
5.006663
35.008967
16.010699
9.034742
5.023314
8.012417
5.034577
12.006616
16.004502
14.003792
7.035349
11.003532
