7.012113
4.016048
4.029662
4.017751
4.047562
4.031833
4.036907
4.021882
4.022729
4.020290
4.032161
4.016074
4.025052
4.032632
4.030529
4.015242
4.044580
4.031241
4.015601
4.024738
4.037088
4.040439
4.031539
4.045190
4.018976
4.028787
4.035358
4.034518
4.022838
4.029697
4.034698
4.016185
4.015627
4.044946
4.035731
4.019526
4.017846
4.008035
4.037577
4.012817
4.030960
9.016688
4.032093
4.014935
5.000928
8.031589
4.025886
4.029544
9.021022
4.021512
4.020403
4.049016
4.036755
4.016068
4.009289
4.013257
4.025104
4.024614
4.027585
9.015495
4.056911
4.023000
4.031741
4.040686
4.034391
4.021189
4.048244
4.063559
4.035749
4.012411
4.051788
4.049968
4.036253
4.043678
4.031301
4.025032
4.036764
4.026785
4.043692
4.013504
4.019178
4.056611
4.046311
4.037464
4.019597
4.018972
4.029940
4.014995
4.010659
4.043774
4.029149
4.022296
4.051299
4.005510
4.018300
4.008335
4.027198
4.025427
4.060740
4.043866
4.042790
4.020870
4.049224
4.028461
4.021808
4.039197
4.020970
4.038756
4.016779
4.027930
4.021223
4.031521
4.045285
4.021802
4.059321
4.052911
4.013703
4.036098
4.041289
4.021926
4.040620
4.010665
4.026153
9.020624
5.000928
4.015309
8.032181
4.028765
4.045320
4.047393
4.016439
4.048992
4.020869
4.023858
4.024627
4.037373
4.028349
4.053850
4.008135
4.029623
4.035054
4.087604
4.034957
4.018196
4.008035
4.061228
4.068077
4.045563
5.015977
3.076559
5.000928
4.017267
4.016009
4.020810
3.121769
4.030639
4.037793
4.015276
4.049492
4.012675
9.016654
4.066133
4.025160
4.024253
4.030181
4.020558
4.020908
4.052335
4.022362
4.012483
4.007955
4.049416
4.015010
4.047526
4.021982
4.010965
4.042346
4.025933
9.009253
4.009647
4.036098
4.047899
4.019762
4.042924
4.048735
4.028251
4.022122
4.008295
4.016980
4.036791
4.063813
4.020662
4.032861
4.049858
4.024786
4.023346
4.044822
4.042311
4.037982
4.017642
4.036002
4.046743
4.011859
4.042490
4.036969
4.021076
4.058621
4.016480
4.023114
4.016668
4.053899
4.057782
4.041384
4.023394
4.059644
4.039439
4.018366
4.005510
4.022548
4.062414
4.036047
4.010799
4.022198
4.011045
4.044970
4.039172
4.038944
