8.020120
10.000928
9.012665
7.021244
9.038293
4.053544
4.067001
9.019039
5.011113
8.045202
5.011273
8.020658
10.005855
8.039179
9.002220
6.016982
7.027244
4.053792
14.044444
9.005610
9.012997
5.016767
8.032413
14.008671
9.024720
4.074065
7.005545
11.018512
9.002220
9.029976
9.057652
9.039836
9.038429
19.044923
9.018672
10.016029
9.006717
9.004543
5.011493
12.012017
9.007328
9.017744
5.006630
5.003752
8.015189
8.039930
9.015575
19.015213
9.060193
5.003773
6.007037
6.047118
10.015142
9.010885
8.005530
4.045625
4.046644
4.026818
4.035107
4.030181
4.063704
4.031433
9.047227
4.027093
4.035810
4.094151
4.031575
5.014484
8.013031
4.017861
9.059018
9.036467
10.004562
8.015855
9.032677
9.042655
5.019742
18.006323
9.010293
5.012545
8.043120
15.023362
4.035823
4.016186
8.026871
8.019732
10.039241
9.032044
5.015749
8.055686
9.025532
8.006397
18.015189
11.045516
5.030883
6.005325
4.011037
12.006937
9.012785
8.039360
9.051923
5.022448
8.018340
14.017866
9.011611
9.018620
4.065669
9.012001
9.043122
7.005005
4.008269
6.038617
6.006737
3.034366
6.012811
4.017291
6.048566
9.008188
9.018326
9.007303
9.062859
5.010657
5.011253
7.033822
4.062488
11.013564
7.063929
9.009853
9.014698
9.020412
6.046705
7.038648
11.013204
7.039624
