9.003992
9.004083
12.036193
5.003632
10.000928
7.043784
5.000928
8.020712
5.009587
9.014357
8.038865
9.036531
5.005585
118.021842
5.010731
5.000928
8.051439
18.035366
7.003912
11.009885
14.007383
5.004484
5.005185
9.003872
12.022495
5.006603
10.003692
8.003932
9.004623
9.029837
14.013361
8.041763
14.031840
14.006442
9.024818
6.000928
8.014658
5.005685
12.047509
14.014031
6.008255
12.068676
9.009533
6.005025
12.044786
24.008188
7.003270
11.009593
4.059086
5.008529
13.010841
9.013031
9.008055
9.021444
5.015215
5.007783
5.006723
21.018566
5.006703
13.051890
9.018566
5.003612
4.005290
13.017580
9.011211
9.048863
5.008875
5.005365
12.031637
6.003992
17.053245
6.003772
7.034546
5.000928
5.005845
9.003732
8.006045
14.000928
8.008849
9.010180
7.000928
11.016674
7.003632
17.003732
13.056246
6.006437
13.003592
9.010494
8.037639
9.006125
4.034044
8.005285
12.003552
12.010231
6.004112
22.012705
5.004178
8.026176
5.016822
19.018352
6.003552
11.036064
14.015532
5.009479
13.046181
5.005790
