44.008449
10.011985
6.015013
19.038396
5.006557
5.008429
5.012245
6.022834
22.011931
6.015181
5.015257
16.021188
25.007655
7.003932
5.013603
30.011279
5.013183
5.013481
5.010919
5.006457
10.011299
9.003932
5.037669
9.022096
5.009961
8.009826
17.014895
11.006602
14.010173
5.018320
5.015215
15.004985
6.015009
14.015947
28.006423
13.009147
11.006530
5.009801
14.008429
6.015255
20.006457
9.009781
18.014649
10.008209
10.029594
13.010939
7.014089
7.015489
8.012457
5.021030
11.002926
15.009347
6.036822
27.008469
6.020470
22.009481
5.008035
18.009281
6.021404
5.024232
5.013843
5.011013
5.007017
11.007057
34.016781
5.010959
6.008175
14.008009
5.044716
14.023875
6.009401
11.008209
19.008309
8.009792
5.010819
15.023734
5.011543
6.012445
6.006030
9.019246
6.010799
7.018505
5.011319
14.012465
5.009741
20.004905
31.007949
5.015289
4.011753
5.008249
61.006882
14.009181
38.008029
