63.019386
23.007671
26.011433
13.045106
9.017781
11.018722
22.011099
14.010261
9.003752
10.008549
19.016727
12.039337
21.022634
21.008387
12.013963
14.003632
23.004012
19.003592
10.014283
13.038698
16.011999
21.003672
19.011779
18.022582
42.055069
16.005430
22.013203
27.011093
19.000928
13.022304
12.011233
11.020552
19.008920
11.042260
42.015988
18.018240
32.017421
26.036431
30.021898
13.053064
16.021104
14.011359
23.032108
61.014695
11.025461
26.021582
18.007975
26.005230
11.030540
18.013504
20.008875
10.006517
34.008149
30.008221
12.017861
26.006623
39.012271
17.026750
12.005610
11.013743
13.021677
22.002400
22.013743
15.022189
35.028084
29.018058
12.014291
26.013423
18.020749
19.033255
11.021966
28.021320
42.015089
20.009685
19.014267
46.014755
25.013523
32.017259
22.030842
31.008469
37.019936
30.024384
13.006782
12.012345
18.022928
28.000928
38.012025
16.009587
21.028360
15.029844
15.014310
12.028076
35.012465
17.019152
15.022516
19.006577
51.027934
23.027254
27.017359
20.012245
25.019352
12.044532
16.000928
13.011253
30.017680
28.010107
19.011833
21.016507
11.036178
11.012146
20.015475
32.020483
35.024042
19.002800
12.042179
11.003672
23.017107
23.046308
40.021844
12.013865
16.010130
24.013123
9.008581
14.000928
35.008335
19.009561
37.037095
9.043360
9.029131
22.012519
17.020997
21.010799
19.012431
23.010699
67.034477
22.013523
23.006942
15.016267
23.011259
72.037406
107.017215
23.005605
35.039302
23.008927
18.010192
15.018236
82.038033
84.033713
20.023776
14.025642
25.008369
128.010559
23.019352
9.027265
19.029502
10.008031
19.016145
20.019077
13.011453
11.014221
15.009461
23.016281
18.013804
24.016281
14.006542
14.007548
14.023008
44.012291
20.023270
12.014609
44.019260
98.040132
15.020838
33.012117
31.009413
18.000928
13.039395
16.009421
17.007403
14.039003
24.027192
16.002260
12.009178
19.042542
21.003314
65.008901
14.022814
23.013245
23.015575
18.041646
12.000928
16.036923
15.016948
12.011219
65.035942
35.015090
35.012251
23.024606
23.026122
15.016219
46.019390
12.012911
25.006876
13.013557
10.027065
28.019272
18.014395
15.012625
24.000928
24.008829
34.005410
8.040199
24.008621
10.016742
20.011330
25.024101
16.053770
108.020804
20.022462
20.024299
78.021956
9.037180
16.029313
12.056821
25.005205
21.014777
16.018993
10.007617
29.011667
15.004383
27.019553
15.015155
16.010141
12.009881
13.021723
21.029769
13.006557
24.007949
18.034485
10.014675
20.017234
12.007289
15.025892
24.018259
61.014103
13.023534
13.012669
23.039630
15.018680
23.019918
15.005765
11.009247
26.038083
10.012231
36.014530
11.023494
16.003878
32.005190
15.015729
31.017640
27.012943
35.022586
13.020824
13.033695
26.013969
22.048802
14.021876
14.023826
11.020602
21.013397
52.009427
17.012009
20.002620
19.017914
40.015001
