39.010081
23.010933
20.020552
15.000928
26.034859
20.011861
29.027951
35.003992
17.012271
24.013975
14.014086
19.013323
26.003652
18.011213
30.006456
27.035865
30.005205
18.018771
19.053858
19.029863
34.014109
29.011913
19.006435
30.011413
13.041725
31.003572
17.041066
16.012485
29.006517
13.010441
18.044433
31.002220
17.008955
16.027654
17.058196
14.040834
34.013243
22.003852
112.022730
16.008169
17.009461
13.021150
19.032588
19.023566
16.017285
29.009529
12.042188
56.008329
17.029114
36.009135
17.011145
19.006823
29.028482
15.009010
18.013989
39.018072
19.039984
50.009921
63.024698
20.009741
20.007789
17.011325
74.017979
19.012177
14.032615
25.017397
13.040121
14.026958
39.009274
19.020546
35.023570
18.012377
19.019323
54.038000
19.020897
24.014423
20.004546
23.040905
15.010673
20.007669
17.004252
75.011913
14.006535
16.009881
22.006677
23.006783
20.006476
18.014589
15.003758
20.004072
16.012033
32.003652
24.006736
17.014277
15.020816
24.009461
13.044234
22.003552
16.021948
54.007529
20.028813
31.014039
31.021270
49.028880
29.007223
39.005796
21.003792
17.035399
20.015899
24.010933
18.012783
15.006980
18.008607
11.040861
17.031610
50.006885
14.024598
29.014755
15.010723
22.029121
18.021194
17.004012
17.029330
24.046151
51.012593
17.006683
46.006616
22.007921
51.007709
29.012433
13.015135
16.000928
56.011699
21.003772
22.008020
19.022356
16.003692
18.010561
14.016939
18.044439
34.035332
15.012905
20.013451
17.045609
34.007202
19.034963
20.006736
16.007809
24.011473
43.004012
23.009341
19.009157
23.015441
14.039697
17.003772
24.033787
16.023060
24.038575
21.003932
23.010321
14.006736
18.017028
14.040113
31.007909
13.000928
16.005145
13.003652
14.004012
12.039834
19.018956
14.039450
31.003672
13.043666
14.004092
18.018350
14.014264
19.010893
20.012223
23.024121
25.006197
14.011303
14.006417
13.040851
19.047539
16.002220
17.066261
34.025719
19.062722
19.020069
25.010361
15.003812
22.035673
50.004482
15.030544
19.008214
22.008815
15.010473
18.021266
29.040043
23.003872
21.018054
19.009050
38.005990
24.008429
20.014573
14.010767
13.023242
21.004032
42.019272
14.021444
13.024271
33.013803
28.068034
27.033373
34.006962
15.018128
48.008974
20.011583
20.011945
13.008495
13.020364
29.027762
34.024298
16.007749
17.031701
19.057869
19.037953
21.003752
23.006837
18.018286
24.014577
11.004052
32.026884
17.013665
16.024330
15.005424
56.011150
29.006816
23.000928
17.011379
30.012451
24.000928
22.014357
32.011760
17.017279
20.014601
18.005302
24.008995
15.003712
35.009901
13.021453
14.013635
14.005244
29.003732
30.000928
24.003752
23.005404
18.014049
15.007442
14.010261
35.018642
22.032501
16.004112
17.026186
20.003632
19.003732
24.015149
19.000928
20.012413
22.023030
21.003638
12.029015
24.026247
51.008809
43.002340
23.029175
14.015755
59.027965
14.032609
24.017940
15.009239
15.022471
17.040334
19.007709
11.016013
17.013063
30.010919
35.004012
13.014023
16.021126
23.004323
43.005404
38.008454
29.015781
35.006616
35.004063
52.047717
64.016959
39.015681
30.049841
23.020988
24.055155
25.021645
34.010667
15.013903
21.003852
29.015328
63.011979
23.013663
17.015176
20.008049
16.018573
28.012295
42.024023
25.000928
12.000928
16.012545
28.007282
14.031313
16.011193
17.049577
25.000928
24.046223
18.014955
21.003752
34.003792
22.026675
34.010306
19.017812
14.028053
19.077887
21.003612
32.011359
19.017395
39.006269
19.013683
24.014821
11.009621
20.011213
16.039847
24.013953
17.053032
21.008075
19.074550
40.012896
13.042552
26.020898
35.010725
26.009660
20.009581
20.003772
17.018357
26.004032
