13.024946
20.016447
47.028577
30.054482
29.015802
19.004562
13.035941
38.009721
22.013343
17.025249
9.064181
34.019817
32.060534
33.013778
14.008741
13.003652
40.000928
13.002820
35.009521
13.009379
13.018568
16.014895
15.020058
32.017245
13.043419
38.048472
40.009033
26.016362
57.038120
46.009429
12.022110
47.004138
11.016447
139.032162
23.012151
26.017053
9.013383
14.006297
14.016023
23.016013
53.013558
30.012897
33.022078
26.004432
24.008639
13.035321
41.007709
12.028042
9.084360
21.004212
31.037826
20.042677
24.066856
58.023019
41.006877
14.015739
18.024762
16.010659
33.017918
34.014157
23.026015
95.004542
23.015375
21.008769
50.010559
15.019820
34.022630
15.057842
20.002640
73.018040
19.015495
35.010133
16.008869
11.025809
16.010251
39.008309
55.019107
33.011273
42.021749
54.038490
35.007117
35.012811
19.000928
102.025564
25.007981
13.029151
26.016698
18.006796
18.043804
40.007537
33.029417
86.016807
23.013225
13.028002
30.017101
39.000928
29.006457
10.015652
18.023566
24.011341
15.018313
17.059902
15.005150
61.018224
13.012341
23.010999
23.024732
29.022282
77.015559
42.007257
44.009261
13.023996
30.005044
33.028281
20.006757
45.006877
12.011327
29.030116
14.026252
35.012123
31.009841
25.018620
15.031151
21.017744
32.032348
11.019226
9.020092
17.022996
11.019807
19.016922
13.008779
18.026394
15.008315
12.002970
39.015445
17.026719
23.009249
13.040998
55.008589
63.012543
163.013654
16.009009
25.014177
11.017974
31.026244
17.010321
22.023377
20.011031
11.048206
21.006642
119.032331
14.020357
13.009941
8.065438
26.008549
18.006035
13.027312
24.022518
21.006957
20.020246
11.047968
33.024776
26.007277
9.014729
9.012705
20.006917
13.021922
22.008249
43.009501
47.010081
43.010999
22.003792
11.006907
73.026369
39.015369
46.013280
14.011859
19.009641
27.009361
16.016073
30.017554
12.029995
23.016229
11.008919
58.047494
13.024723
55.028644
26.004012
18.007337
11.013297
16.021850
58.012277
21.005144
13.037389
19.041874
15.010479
10.022924
12.034944
26.020416
9.019979
19.039295
18.007017
59.014043
60.003752
36.028709
20.023774
17.070913
17.009813
19.012645
9.016205
58.019403
21.008269
14.005330
21.029549
15.014383
49.032667
9.031771
16.005325
17.006138
38.020339
31.000928
35.019244
12.053740
19.025719
15.014303
24.014833
27.011061
36.008229
12.007277
37.008629
38.006981
18.041169
26.006957
26.008049
16.003852
13.044850
59.052309
