17.049083
89.009949
29.054356
30.004072
38.015016
34.026604
30.003506
23.028325
20.000928
50.003633
27.028541
24.013871
15.000928
15.003998
62.034516
19.013508
12.009321
26.030457
30.006677
28.012593
21.004102
24.003552
29.003692
42.034074
42.005270
32.000928
18.036706
104.059746
36.005550
27.018734
30.000928
24.003972
25.008329
28.000928
70.012091
13.006477
25.004033
27.068275
20.011249
23.031021
29.058865
24.007829
12.038511
21.037323
19.011259
131.009481
34.019612
12.037457
19.043949
20.010247
34.003892
26.023848
26.025177
14.034664
27.020964
28.000928
19.000928
27.038950
29.046549
46.015570
59.007955
12.037916
31.010953
19.000928
22.012977
14.015953
28.005585
38.012350
25.005385
26.006877
14.009268
19.004358
15.023356
24.012003
28.019698
16.010101
22.000928
29.002846
24.005870
18.025940
19.031293
14.028919
16.000928
12.046105
21.011161
27.028808
24.035213
19.028367
20.000928
38.027500
15.000928
18.030888
25.000928
38.008534
36.000928
22.008187
15.014941
13.023703
16.000928
18.011703
20.056749
17.036379
14.066520
15.000928
18.027082
20.005965
33.040943
17.000928
26.006643
19.015795
21.004012
19.009920
23.003506
18.024378
29.018148
25.000928
18.022410
16.016402
18.002826
28.019346
24.028715
15.018140
29.009921
19.000928
19.000928
33.005516
15.005564
16.004313
26.026926
20.004323
30.012351
52.033839
30.010150
26.009009
12.004423
18.027264
15.003932
20.004233
16.039832
25.024136
14.033089
15.007247
15.000928
13.000928
43.008017
20.004463
29.004132
19.006937
24.002846
11.005470
27.002926
14.000928
14.003752
34.003672
29.004012
23.023312
24.014535
24.030129
11.012051
18.007077
34.017623
19.000928
18.037089
34.020012
24.015231
16.008709
23.009621
18.024365
35.000928
39.008209
19.013301
35.006622
27.018885
24.027587
26.009861
17.044950
24.021024
29.017580
19.029675
16.013580
24.006663
20.004053
16.011332
36.002560
24.000928
14.000928
29.006817
16.000928
62.007895
17.034148
25.005525
24.000928
18.011823
22.004093
26.012757
30.002746
15.027483
22.042603
25.005030
15.008689
14.018253
23.003206
20.021970
17.008981
27.026518
21.019638
22.030125
17.000928
19.000928
16.016622
21.018176
29.020911
20.000928
28.018502
34.016155
19.019162
9.143683
24.048721
44.027556
15.021468
13.034832
24.038523
19.020478
10.012582
12.004052
22.021010
17.015061
16.032438
12.022423
41.000928
22.027494
14.042089
24.022390
31.003893
25.044675
16.021412
30.000928
23.011459
29.027172
22.030301
13.003533
22.019930
54.031473
15.004112
20.015135
17.035433
40.000928
23.026711
27.008035
17.000928
20.000928
17.034027
14.033902
36.000928
22.009899
17.020418
33.005365
18.000928
23.033118
34.021456
45.000928
20.028569
37.043662
20.014567
19.007357
23.014562
27.006897
28.000928
27.009481
35.003932
28.009947
34.032541
14.013077
16.022156
24.010087
34.005225
19.005330
17.013127
36.003758
22.014231
19.019562
24.013031
14.074531
25.000928
28.032991
21.021878
22.028236
25.000928
32.000928
16.000928
13.014729
35.000928
30.017202
62.020272
35.000928
14.000928
23.037047
34.007202
