17.016202
49.026932
49.012531
39.018066
114.011205
42.009717
57.010181
26.003812
70.014044
36.012270
41.023486
17.002440
31.010201
43.015982
17.010099
34.032344
19.020630
24.036349
31.006539
22.027660
54.017379
60.021232
33.007022
44.010059
22.007256
40.000928
66.018176
25.065847
18.005467
28.024098
16.002600
22.037576
31.021114
19.008135
35.004263
17.011847
43.027104
34.010107
37.016808
37.018517
34.031789
23.072796
34.009807
22.026365
35.013142
50.028568
43.035915
28.045719
48.004563
124.014465
17.052266
19.035625
19.038338
18.012265
40.026550
35.009187
66.021678
16.062208
16.013410
31.008489
25.027352
19.010533
15.026140
16.012803
33.010841
22.035041
53.006617
27.010979
19.002830
24.009081
18.011099
48.035434
27.009950
26.012557
30.010633
70.058480
33.016689
15.008509
17.025493
26.019713
95.006477
26.035212
38.011033
22.015581
14.012633
37.027663
36.016402
46.015270
22.006997
65.012241
44.007062
19.026719
74.011253
41.012757
70.008529
28.040134
29.020500
20.017009
30.011259
32.011165
21.012117
43.047198
28.006721
34.042938
16.014217
44.010207
39.013071
40.010141
63.014555
27.005131
32.009451
21.008515
21.035741
24.027664
60.011573
42.008889
18.012777
30.000928
18.005911
25.025855
23.005210
21.007982
32.025531
26.015410
24.016332
32.025893
31.015496
23.003568
23.031599
34.027076
21.063371
36.007057
30.016975
31.021275
32.017268
26.015800
23.020932
25.008675
44.050599
24.005724
22.041185
29.005330
19.011425
21.035219
17.020004
36.016801
32.026400
36.015742
22.039371
20.013509
28.013017
26.008921
17.050405
22.013931
26.020184
79.030443
29.042694
29.041082
57.010973
38.003792
27.010731
27.010271
36.044780
17.017412
31.045020
21.025041
17.038557
24.020468
31.020054
47.018863
30.007083
48.040847
25.008309
18.030717
19.012817
26.006657
30.010171
24.008875
61.033942
24.017806
37.013183
104.005261
21.025108
28.008649
47.015865
22.015875
21.022434
33.007177
40.007017
42.042226
28.012397
50.035292
41.046363
23.012237
26.011271
22.016729
30.016681
26.017721
57.013146
14.028116
42.035000
34.029539
24.018837
49.028195
20.011339
24.008241
31.036281
36.013689
34.011247
36.011759
18.012512
39.006557
40.005131
42.051191
34.012399
63.011633
20.056604
20.030459
16.009441
23.006337
27.035307
66.008335
22.041733
25.032060
18.032613
20.015381
27.014771
24.009001
91.021350
34.003812
28.019389
26.021712
64.014173
48.005284
35.010355
26.012205
47.008175
32.026235
39.008679
39.017628
23.012311
65.013991
51.017181
19.017527
18.010601
28.041020
30.010773
25.004546
27.033837
24.025427
22.027765
46.016628
24.030037
15.012925
18.019857
19.022824
24.049164
26.002720
27.019624
24.011927
28.006557
56.009401
97.005831
25.023048
25.006877
