48.008500
43.007388
36.013320
20.007005
21.014950
15.000928
17.006663
35.056010
14.016610
15.017666
18.027040
18.015509
35.041007
16.006477
23.005690
18.023858
11.012765
24.027057
23.000928
28.050855
19.023015
14.009493
29.053608
19.020376
24.062572
19.087325
13.003692
20.041949
19.019726
34.057699
10.008589
15.010110
18.005695
18.030294
26.013677
23.003532
13.044034
15.003552
15.004012
15.003852
20.011199
20.021404
14.016783
20.003832
13.030899
16.012725
27.020137
13.010007
35.027059
19.039814
20.003812
14.016301
20.012445
