28.011651
23.051867
54.023166
14.066781
14.017005
30.019906
11.000928
28.036537
38.008415
14.003992
16.000928
18.003732
24.004018
20.000928
51.034079
14.047096
25.003888
18.041104
14.057599
39.035141
11.060366
16.021660
20.039766
23.012805
20.013964
31.013138
24.005216
18.004108
16.000928
18.002166
12.041236
32.004404
15.000928
12.009407
12.015827
17.000928
34.000928
36.009327
12.003754
11.028605
15.008601
15.003006
34.009561
22.020360
15.002626
20.000928
14.018131
29.010607
15.000928
16.041921
24.024408
18.007955
