15.004012
16.015173
14.032433
14.037316
40.008389
29.006403
17.015655
25.012297
16.010733
19.003972
23.003952
13.038495
19.009669
25.007096
20.003672
17.055589
15.006456
40.003932
23.003952
23.008705
15.007137
18.020466
14.050506
25.003672
28.005470
14.015751
25.006957
25.003852
13.012216
20.022596
17.041654
18.006956
30.018898
20.006294
30.003672
21.042728
37.003552
28.004132
14.006836
18.040238
15.005024
28.011499
25.003992
13.051061
25.010061
24.009661
13.078043
59.016655
16.005545
12.051744
30.003652
13.019314
