42.012665
29.020964
17.016062
16.014075
14.033050
10.011087
40.009867
19.034910
22.020892
41.014163
22.049547
12.000928
16.018112
19.029901
15.007662
8.072489
9.047509
15.007020
13.040039
24.049909
14.019949
11.009249
22.030037
24.045159
12.012091
11.043505
14.033643
12.011133
22.008629
15.007869
17.017048
13.013863
17.004913
12.024758
19.014195
20.003632
18.025571
20.009527
12.017720
21.034871
13.031272
15.011821
13.070608
14.033157
16.035246
22.031570
15.024452
20.000928
17.010740
9.018340
16.000928
14.013311
32.032107
10.009281
23.007309
15.002720
15.005330
17.016966
9.022230
21.015610
17.008387
16.006463
18.020118
