13.005885
18.010919
10.008955
8.017766
15.000928
16.009361
31.026945
54.010999
15.006737
6.016077
16.015209
20.014041
8.011279
25.008979
8.006934
9.010147
9.009807
12.003872
9.029624
6.016714
17.005365
6.040993
25.008970
8.023746
21.006662
43.004053
8.016605
7.016937
7.012599
65.005330
13.009727
6.004213
18.043731
24.032873
18.012991
8.012417
8.006150
22.008115
12.019526
8.004838
56.002760
8.011405
7.012163
17.012677
16.018900
22.006817
8.008163
36.009747
27.005664
9.017508
13.000928
17.006917
13.002740
8.014403
9.006256
9.030027
10.003613
7.028801
15.023738
18.003572
8.010973
22.010871
14.007077
6.012945
8.003832
10.008629
7.036748
7.023246
17.014286
13.000928
8.025347
6.004178
