8.009010
13.007428
10.017274
23.006542
9.013883
41.004198
52.009801
95.003992
34.002680
18.009288
9.053902
24.024920
20.013091
14.004663
28.020437
19.006403
14.016779
15.014790
38.018067
9.056481
14.021056
9.010919
20.010357
19.002220
10.003918
17.044692
12.000928
17.009350
16.000928
21.030366
10.002440
14.014641
10.004278
13.002560
8.040528
14.054761
12.016283
11.014002
10.064295
28.042487
9.019498
18.017288
31.002950
53.008176
14.024882
26.002420
17.067804
20.020498
13.016289
26.004112
16.010553
91.000928
19.003532
