17.012165
21.006896
17.009155
14.007263
14.005951
16.000928
14.015690
12.003658
15.002666
13.017322
17.000928
31.007823
17.004985
25.000928
55.012238
52.000928
21.031288
19.023952
30.012941
24.000928
18.006237
17.000928
31.010147
12.000928
18.000928
10.018814
27.000928
21.000928
42.000928
33.009429
24.017881
11.007750
33.000928
26.000928
13.000928
12.037872
10.006617
10.000928
14.006850
27.005091
19.011391
14.010801
12.000928
26.013709
14.009015
22.003010
21.005591
10.000928
11.000928
28.000928
32.011139
39.014297
18.000928
