13.003892
11.005944
12.003872
15.005404
13.006997
16.005104
7.003672
19.005904
15.004462
14.006804
7.029024
10.005324
8.011299
7.005404
7.003712
21.005724
7.004964
9.006677
24.009251
7.005424
91.003552
28.013993
10.006983
8.035693
92.010130
17.004403
9.007228
14.005464
9.003812
12.005404
21.004944
30.005164
12.024820
8.016493
32.005664
10.029748
11.013223
14.016508
9.009766
10.009881
13.013557
7.005370
12.003932
6.005815
32.005404
23.006768
26.005184
8.003732
8.056853
17.005764
11.032656
12.005344
7.005784
8.019645
11.014337
7.020384
9.018420
9.039726
24.017025
25.003872
30.005624
12.011279
9.011119
16.005604
28.011741
18.008861
15.003572
9.004092
