108.008981
13.017760
9.047819
10.012433
13.021050
21.021354
12.036202
15.023998
10.062186
18.019726
15.007821
18.008237
16.048861
11.029657
9.057319
11.042671
14.035917
17.010093
100.004263
13.053388
15.012525
38.030017
15.003992
19.024846
15.049735
11.012425
26.013795
17.022944
16.012505
10.036575
22.036858
11.033271
12.022194
20.008289
21.026333
32.021995
14.016993
15.032532
12.091551
14.012771
22.024486
23.017524
10.022691
13.000928
12.036147
17.024774
16.017048
9.045153
32.048679
18.007016
12.066586
21.066254
9.022910
12.025441
10.015229
20.008369
12.013871
11.057336
9.003752
8.010933
16.047465
