22.019972
15.006737
13.011131
55.004603
19.003912
13.008861
9.065097
15.006437
13.021362
9.031927
14.007069
9.029671
14.012283
9.024821
14.002560
21.000928
12.008321
14.005351
9.022950
15.031161
13.010073
9.028637
14.009733
13.008515
15.021182
9.008381
9.032343
14.007003
14.031174
14.020610
14.018750
19.014064
14.043934
14.030495
15.000928
38.010527
9.010459
19.027023
9.033562
10.000928
26.008755
16.005931
9.020744
14.007035
10.006317
13.006909
14.035750
19.014655
12.006577
16.018181
9.026890
10.006637
43.035683
9.040182
34.007995
19.016921
7.000928
11.016628
19.039959
24.023473
38.000928
11.006536
8.008761
19.028266
14.025060
14.027452
14.008003
10.004583
9.005325
13.034175
10.005296
