9.000928
10.009519
12.006516
73.016570
24.007642
19.007362
12.000928
32.000928
33.007482
19.008960
15.005131
23.010927
9.004970
11.000928
9.000928
22.008495
10.000928
11.006030
15.000928
11.000928
12.000928
14.000928
22.000928
12.053286
11.000928
15.000928
15.000928
22.000928
10.013865
11.005551
15.000928
11.000928
15.000928
14.000928
10.032615
15.000928
15.000928
11.000928
9.000928
18.000928
22.000928
11.000928
17.000928
10.000928
15.000928
24.000928
14.000928
11.008635
14.010501
19.037441
20.003792
11.000928
10.000928
40.005910
13.000928
19.000928
23.000928
18.000928
9.000928
12.043018
21.000928
19.000928
28.006857
9.000928
10.013491
23.000928
