8.006680
56.008775
28.024402
20.000928
13.000928
35.012171
11.010999
14.008515
9.042363
27.009793
21.050282
9.027539
15.011920
13.014811
34.029695
27.002380
23.007709
19.024410
24.000928
20.008273
11.019812
16.012131
7.046086
51.006822
19.019112
29.015041
19.046432
12.015988
12.000928
6.046931
8.013643
10.020364
13.000928
16.004622
20.008035
7.058681
9.031947
17.002866
8.033727
12.003958
9.041057
8.015688
17.055753
29.024280
17.046035
42.036016
6.032927
8.003652
38.004937
13.028517
7.029217
64.022236
12.000928
14.000928
14.000928
7.020577
16.000928
64.000928
7.010579
