19.037019
20.006537
11.025640
14.021018
10.010161
28.028412
19.026751
19.011699
15.012685
13.009827
12.015249
16.014089
14.005511
16.009547
17.009747
11.018519
20.010041
18.008095
14.006402
19.010619
12.035391
19.053247
14.005011
13.006696
65.005650
12.006256
22.011905
15.000928
12.019778
8.015369
24.014503
29.005191
20.027478
10.021810
15.006657
10.010773
11.007703
25.013897
11.010573
11.010659
9.014988
14.015153
10.006585
8.012459
15.009089
12.009521
20.016768
11.019051
19.029101
13.010679
8.016247
28.010455
25.021190
16.013264
17.028343
16.018166
13.021610
13.015491
16.009041
8.007169
20.013443
11.006516
10.022848
17.009641
12.000928
15.026653
13.014685
10.012231
24.016200
