14.017845
14.059291
8.010581
10.005445
8.010101
10.005525
13.012811
8.044078
10.016907
8.027065
11.021796
33.010581
23.021576
9.025413
11.003592
18.005185
6.006703
8.005245
13.016187
15.006897
23.011253
19.000928
13.031549
19.007229
6.002306
15.022886
9.012784
11.003952
13.028323
16.053075
7.019372
9.034571
9.033372
26.020152
6.000928
24.022628
10.077958
15.000928
9.017980
15.005405
33.009941
14.006523
14.021304
9.012213
29.010721
8.030669
9.019584
10.010121
6.000928
18.009593
9.011325
30.005185
6.033226
9.083599
11.012711
13.011193
18.023849
20.011193
10.005365
7.019138
20.020176
9.004523
10.005085
9.009605
13.017920
24.060317
9.013925
5.033701
14.009001
13.019046
19.030843
14.019662
33.034971
21.005425
8.011413
15.002220
8.021959
5.057563
13.010873
19.004012
