17.045399
11.000928
18.000928
22.004132
20.028715
14.021482
14.007437
14.025212
9.061184
19.013529
9.027930
14.015101
9.024932
9.051512
9.028443
10.005345
13.029240
9.053397
10.003912
9.005570
10.000928
7.037513
10.003852
10.004072
22.047559
9.050311
19.027885
19.023034
10.024070
13.049643
9.069626
19.018649
9.027439
9.067988
9.052890
14.027873
9.021483
30.000928
18.011579
9.027963
14.057623
9.039726
9.031957
14.008655
9.075170
11.000928
12.053221
16.013560
12.021626
9.048049
14.022510
9.015715
14.060820
9.098167
9.035938
10.004662
13.042610
11.003532
7.072077
9.064445
9.034396
9.017318
9.068809
9.063262
9.024360
14.022838
9.049528
10.004502
8.035317
9.057883
13.013159
22.041937
10.003692
17.016582
15.013921
10.002220
16.007102
14.008101
19.040394
9.034699
9.051606
11.019486
12.088968
9.045861
11.000928
19.000928
7.081732
9.031849
15.004438
