19.016890
15.013297
13.012665
20.003632
18.011053
32.031761
12.027009
25.027527
22.033596
17.030211
13.042246
6.042153
14.003732
14.017796
19.015594
8.060316
36.006257
24.012865
12.023538
16.029783
8.015085
11.014254
9.066210
10.024641
9.087900
34.028848
14.019744
9.084028
21.010626
18.024003
14.015661
16.005965
14.047728
10.012765
10.009607
9.061634
15.005510
12.015290
19.017174
31.016767
12.024162
16.034751
29.024478
14.053739
17.022970
13.069300
17.011317
15.003632
12.004273
9.017234
15.019668
13.015827
26.017356
10.072267
22.026194
8.024567
18.000928
9.015024
29.011301
23.007016
9.051610
9.035611
12.042828
14.035419
24.026138
13.021550
9.009459
16.007527
18.009067
