11.010951
10.009292
8.009460
7.003712
5.048115
4.023952
6.020037
6.002840
8.002400
8.022334
5.013297
9.006303
9.010899
5.012697
6.014569
17.000928
4.056982
13.009461
5.006150
13.003998
13.018998
6.020958
11.024814
15.012931
10.007975
6.020277
11.009160
6.019152
18.003972
9.000928
8.018414
5.015035
9.002820
5.017914
8.007043
6.022555
7.006883
6.016269
6.014075
5.013677
5.010953
8.004392
4.046297
9.008349
9.003852
9.006897
8.015182
5.013231
4.036869
10.054937
8.016009
5.009741
9.002800
6.014637
12.021439
6.020095
7.011359
13.006517
9.024567
4.034089
8.019950
6.009401
12.022166
6.028423
8.042652
7.013997
4.050791
6.013597
5.013803
8.003592
10.029919
8.004662
13.027019
5.025824
8.014359
7.017913
12.015289
9.006616
6.017953
6.047866
5.021575
8.053779
6.018533
6.024228
9.043032
11.011061
9.013131
15.018322
5.008409
8.009587
5.020611
16.012851
4.091298
5.014555
10.017788
12.019305
9.053383
6.003812
6.008268
5.028675
9.025976
5.019998
8.040079
9.032005
9.008647
6.033293
6.014703
4.013941
7.016651
6.013537
9.022290
4.022922
7.050145
7.019458
8.014147
6.016948
4.026095
4.032865
5.030293
8.012388
8.057216
5.022776
5.056983
6.020318
9.020118
21.028290
9.006597
7.009881
8.021609
5.014278
5.105187
6.004543
6.022736
5.015736
5.020254
