5.004783
16.008635
5.002300
6.032189
7.041252
15.006836
13.003552
6.023271
6.005536
19.009906
11.023774
12.029532
5.017541
8.016507
9.033330
11.031003
4.022310
7.009783
5.007037
10.014463
7.066543
6.012571
5.025970
6.061427
5.014037
13.010819
7.008475
6.025748
5.006377
6.000928
11.011191
9.048893
5.012751
5.012885
7.014303
19.008107
5.012231
11.009441
5.018274
7.004092
5.034061
6.019831
5.005655
5.012417
9.000928
13.012777
5.005145
5.011851
16.033055
9.005637
6.010121
7.024162
6.024698
9.019798
10.012081
6.046358
10.004522
4.029179
19.008189
7.033261
6.020498
9.005044
8.028742
5.008175
7.007949
10.009015
5.009134
10.000928
7.011805
9.040644
11.019377
7.052186
6.010553
7.018366
10.018160
8.019889
7.006997
6.011759
7.013237
6.020576
5.012211
9.022816
7.003798
15.029439
5.012823
6.008649
6.013729
9.006942
5.029330
9.000928
8.015759
9.018645
9.045121
9.030944
5.006717
8.023962
12.033154
6.022290
5.003678
10.004643
7.013344
9.002220
5.021456
8.013103
11.012039
7.017423
5.007981
13.027964
5.010959
8.032428
22.025310
11.017813
10.009141
5.029551
7.017914
9.037036
5.003872
13.005211
10.006497
21.031275
7.006395
5.024520
7.007263
6.035564
8.007788
5.012211
17.014363
6.027585
