15.014471
8.000928
8.005144
9.005284
9.000928
9.005644
13.005610
21.009921
7.032227
11.000928
14.000928
8.000928
9.000928
13.009007
12.000928
17.007057
8.011703
14.007882
14.006350
8.010070
11.000928
13.037114
9.005271
12.020925
18.000928
17.006829
10.006997
7.020879
10.031294
110.004262
18.008540
7.000928
12.005024
7.011153
7.000928
15.004825
12.009707
8.014149
10.013205
8.011231
114.015147
12.000928
7.000928
14.000928
23.006176
14.009880
8.000928
20.007967
15.009050
13.005870
12.000928
11.020428
16.000928
12.005936
12.000928
9.000928
9.021512
11.027704
8.005405
17.000928
7.027195
15.012030
6.031730
7.000928
9.018787
12.000928
7.003812
17.005190
14.025817
7.009521
16.020241
19.007074
10.008434
9.000928
8.012291
7.000928
26.012537
