9.030123
19.009487
24.005225
10.012071
11.000928
10.000928
23.005445
8.047434
67.006837
38.005065
24.013155
11.003992
18.006677
21.012591
14.024032
11.000928
18.002600
15.016259
12.016361
11.000928
13.003652
12.010693
17.005545
18.005704
12.004985
33.002480
13.000928
16.004985
35.011139
9.007302
58.006897
12.000928
9.011693
18.000928
15.012493
23.005625
9.009841
14.000928
12.023708
14.026223
22.018620
29.008589
55.016359
11.017013
9.008879
32.006737
18.005645
20.005085
12.008875
23.020556
10.000928
13.043650
15.005305
12.010839
11.010010
8.032579
12.009541
12.005285
26.002386
18.012045
13.016634
