7.073903
10.000928
13.010487
9.013431
34.024906
9.039022
13.034532
7.012313
13.011319
15.005571
32.052038
15.005325
33.024494
14.028001
10.008901
11.012791
6.026738
9.036101
90.008301
15.054435
15.011833
11.030041
6.051909
6.082879
10.005930
7.000928
27.006937
19.004563
23.017896
9.039982
9.023911
15.016354
14.006897
10.025698
12.048917
9.046789
9.042234
14.020639
9.031132
9.008735
9.050379
21.013191
7.037923
9.016984
11.005336
25.012049
11.018080
9.062807
7.019884
6.067715
11.028289
35.012253
29.000928
11.022120
9.023488
6.044881
8.010621
18.043878
7.033194
11.011371
8.005130
16.000928
15.006697
12.020866
110.004543
13.012777
22.010453
21.014891
11.028409
12.030095
