1189.000704
1189.000704
1189.006264
1189.000704
1189.000704
1189.000704
1189.002534
1189.042948
1189.000704
1189.000928
1189.000704
1189.000704
1189.000704
1189.009107
1189.000704
1189.000704
1189.007977
1189.000704
1189.000704
1189.005790
1189.000704
1189.021462
1189.000704
1189.000704
1189.000704
1189.008687
1189.000704
1189.000704
1189.004623
1190.000704
1189.000704
1189.000704
1189.045734
1189.000704
1189.059879
1189.017167
1189.063823
1189.000704
1189.000704
1189.000704
1189.000704
1189.000704
1189.000704
1189.000704
1189.000704
1190.000704
