4.014556
17.005997
4.011765
4.007703
4.007729
4.010287
4.008109
4.006861
4.035031
4.010419
4.007669
4.006829
4.007789
4.019839
4.031090
4.011373
4.008321
4.023174
4.006130
4.005791
4.005711
4.005510
4.003050
4.013097
4.003678
4.007283
4.010731
4.008595
4.017292
4.006031
4.005771
4.007561
4.007169
4.008101
4.006571
4.008201
4.012005
4.008475
4.006863
4.007163
4.008195
4.003938
4.005657
4.048433
4.007635
4.003958
4.027657
4.004144
4.008515
4.019952
4.005751
4.007023
4.014143
4.028100
4.008495
4.011139
4.008447
4.005397
4.007149
4.026524
5.005405
8.007175
4.008103
4.007083
9.009447
4.010879
4.017108
4.013605
6.010702
7.011881
4.009873
14.010907
4.020960
4.007623
4.016429
4.023150
4.009907
4.020754
5.000928
8.019306
4.005371
4.006190
10.000928
4.000928
10.000928
4.000928
8.017590
12.000928
5.005650
4.035579
4.008255
10.003732
8.024756
14.030576
4.026081
9.040185
4.031903
6.000928
9.000928
4.000928
4.000928
3.000928
8.014115
4.018195
4.008115
5.005285
8.006290
4.005890
4.005830
6.000928
4.000928
4.000928
4.000928
14.000928
7.024708
4.030295
4.007463
4.011651
4.007275
4.029825
11.000928
7.013493
6.000928
4.000928
4.000928
8.000928
3.031165
9.027060
4.038454
14.027472
4.009347
14.009527
9.040444
4.011145
26.006105
8.000928
8.008875
10.000928
8.007868
9.024744
14.020585
6.000928
7.021472
9.013789
14.033728
4.024609
6.003692
8.008699
8.021544
4.041752
20.004746
3.045412
32.000928
16.031646
4.035099
29.025452
17.000928
26.035875
20.000928
