4.022854
3.002220
3.015868
3.002660
7.010159
3.003958
3.014089
3.003892
17.006537
22.009335
3.005370
8.014138
3.003678
3.002300
3.032363
3.004452
2.005805
4.002300
3.010667
3.029337
3.020868
3.003718
21.005156
3.004112
10.027825
3.005822
11.000928
3.006748
3.002320
3.006903
11.020445
3.004132
10.028208
3.004273
11.000928
3.019037
3.003912
12.007989
18.002600
3.022782
3.003898
7.021096
3.002680
3.039330
4.022922
4.012457
4.007974
4.003878
3.016322
15.006450
4.008494
3.008449
10.018368
4.012185
3.005885
8.016388
7.012226
3.030910
4.009847
3.002520
3.016382
21.018139
4.013385
3.004172
25.021275
7.003772
16.020864
4.005290
4.022971
4.019902
3.005965
9.009481
5.008834
8.012465
4.000928
4.000928
19.000928
10.008155
4.004018
4.029674
4.033953
4.031595
4.007162
4.024961
4.008495
4.003878
3.005525
15.008635
22.008465
6.005670
42.000928
11.012145
4.005150
5.004143
4.000928
3.038641
4.019618
4.004758
3.007831
12.000928
4.000928
4.004558
7.034355
4.014349
4.035346
14.020078
32.000928
8.012936
4.004093
12.006070
4.053487
46.005625
8.000928
8.023602
4.021224
8.000928
5.011665
6.008329
8.000928
13.045002
4.013125
6.002540
4.005821
7.034179
4.034215
7.000928
11.024223
4.034829
19.014450
9.019290
9.017320
4.053183
9.018627
26.000928
8.000928
7.000928
31.015403
