2.029957
2.017332
3.000928
2.018140
2.011199
7.009235
2.042142
7.007237
2.028311
2.017012
3.010267
2.026239
2.048446
3.007277
2.023795
2.022394
6.030243
2.015342
2.008795
2.008295
7.005470
2.039477
2.017140
2.007177
2.011605
3.000928
7.017534
2.059565
2.024309
2.054748
2.029109
3.031430
4.007969
2.065455
2.015884
2.027111
2.031582
2.021025
2.022243
2.032240
11.007642
2.037908
11.011131
2.041973
2.029019
2.056360
7.028825
2.081926
2.053239
3.005744
2.042092
2.052532
11.035149
2.023674
2.017173
2.021072
16.000928
2.056160
5.011119
11.003832
2.091568
4.058281
3.005285
11.015437
10.027835
2.059117
2.017554
3.012405
2.071933
2.037809
2.045754
2.054449
15.030383
4.021257
2.033974
6.024920
3.013251
13.006728
12.011499
2.014722
2.032332
2.041890
3.006577
5.020340
9.016040
16.053695
2.061663
3.017022
7.011914
2.055405
2.020744
6.021602
2.013991
7.003832
3.041366
4.005090
2.049656
3.018209
2.115193
2.063888
2.034527
3.010007
2.010207
3.005165
2.026047
2.023294
2.016491
3.005491
4.037569
9.031083
10.007929
3.022102
15.011519
3.032281
24.005090
4.043180
9.018599
22.039389
4.011641
11.027732
4.023614
14.010672
4.044126
41.003912
2.028239
24.019088
4.020590
12.012221
6.020190
19.006742
4.015101
9.044610
19.062968
4.047201
4.014690
4.054049
24.019220
4.025285
20.007207
8.029713
4.008781
9.025740
4.046446
4.035853
19.036389
9.016255
4.005990
9.034246
4.043755
4.021744
4.052233
10.011259
3.034497
24.045516
4.022866
4.020446
62.004483
11.021864
5.000928
8.031202
14.010979
4.026820
24.023040
