3.023288
108.010059
9.030622
3.012031
3.013904
7.006777
3.008321
3.006477
13.004144
6.017641
3.006457
3.006857
3.011291
3.006817
3.018013
3.006777
20.008315
3.006877
28.005405
4.007479
2.013672
3.011679
3.006637
4.024971
7.000928
4.006977
2.056193
3.010007
3.006777
7.007843
3.011259
3.012345
5.010073
3.010841
4.007117
5.021750
4.017416
3.006777
5.011805
3.006337
5.024055
3.006557
2.009682
8.006294
4.004032
3.006562
3.008655
2.006917
7.019240
3.006277
5.023670
3.006397
17.003892
3.007097
3.014209
3.006763
4.004092
5.011525
6.019940
2.023774
11.009361
3.011133
3.011031
3.006357
3.008269
2.010661
3.008785
3.009335
4.005824
2.006397
3.006897
3.019258
3.006717
2.010679
3.012045
3.015389
4.013043
5.006637
8.026347
4.012319
4.017328
3.006363
10.009887
4.015423
3.006837
7.006857
7.011026
4.011299
4.030905
7.002260
7.005771
3.014115
4.009054
4.015995
3.028643
10.006542
9.024675
3.012885
5.026436
3.010899
10.034895
9.016928
3.014669
3.014157
6.022403
4.015653
4.007443
3.016948
13.007259
5.000928
5.019925
13.005245
5.010107
3.003892
9.005505
15.028918
4.019786
14.020846
4.033087
15.004092
8.005870
15.014880
8.007242
14.014341
14.013303
14.032160
14.013552
4.020251
9.039706
15.004662
8.015517
4.035439
14.025816
4.033583
9.011999
4.020807
14.033214
9.010153
9.024968
14.056915
15.000928
18.027744
19.025036
14.014318
20.000928
13.008715
