4.001682
4.000928
4.000928
4.000928
4.000928
4.000928
4.000928
4.000928
4.000928
4.000928
42.005171
4.006568
4.003918
4.005270
3.005024
3.000928
6.010499
3.007785
6.009667
3.020338
3.005491
2.008469
7.029865
3.005876
8.000928
3.011113
12.018706
3.012466
3.000928
3.000928
3.010633
3.006629
3.005510
3.000928
4.000928
4.000928
4.000928
6.012151
3.005144
12.005170
2.045654
3.008528
2.005545
7.026878
4.018100
3.007995
8.000928
4.005425
3.011506
3.003632
3.019972
3.014584
8.011439
4.005845
4.002600
11.005090
3.007968
10.013231
15.005345
9.004543
3.012800
3.019164
6.005370
3.024243
3.011626
6.010419
19.009521
53.009406
14.027291
12.000928
4.000928
6.018094
3.008508
10.019884
6.006316
3.006211
3.018112
4.032055
3.015066
5.007049
4.022618
3.015966
5.015297
16.009387
4.005716
4.006717
3.011291
4.003050
3.017874
3.015280
13.014474
11.020490
3.016102
15.016608
9.020671
9.036329
9.018625
24.021862
6.010781
3.008045
3.009707
3.013015
4.008459
25.013187
9.020024
9.012259
9.014921
14.027060
14.009647
9.013215
4.023468
19.031442
20.009141
23.031995
4.015636
9.020298
24.014395
25.006204
11.011725
13.000928
3.007237
3.021898
9.017300
4.046399
7.014132
6.031029
4.037273
4.034437
9.021372
9.006762
14.015521
9.033583
14.012259
19.025739
29.006562
