4.005290
8.005930
19.008709
4.007655
9.007577
5.009961
9.011725
9.015270
3.007177
9.005836
4.012411
4.007017
5.007929
29.008930
4.022476
4.022116
14.009861
9.009141
4.009207
4.018812
18.007122
4.014403
4.009961
4.018266
3.029356
4.013643
4.023180
4.025414
5.006837
19.006519
4.007237
9.003612
4.006597
15.010361
12.005736
5.007417
5.009621
7.007248
11.009941
8.017087
4.019532
4.017740
4.017947
9.011965
4.005564
4.007537
10.009921
8.016907
18.006868
5.007228
20.009501
8.007517
5.015130
3.005685
5.015570
13.016149
4.012991
5.013523
10.009501
7.003872
9.007196
13.022207
4.009461
39.014675
9.011371
9.005110
4.012197
15.006445
10.005285
12.006703
29.007483
24.038827
9.013801
6.006617
7.022104
14.021347
5.004183
4.004182
13.040412
14.030469
14.014009
14.008741
39.038293
4.021123
15.004563
8.011605
9.014929
10.003732
29.003672
13.011752
14.005350
29.020161
7.004563
16.010207
10.003692
18.008335
49.018400
14.024206
14.026418
14.015995
14.014277
