3.015977
3.021544
3.006237
2.013929
3.006937
3.043519
3.007297
3.007157
3.007337
3.007277
3.019957
3.006717
3.007037
21.014183
3.006717
7.006817
8.005325
3.037370
3.005925
11.006857
3.020377
3.007697
13.003812
3.007137
22.011645
3.007377
11.010799
3.022601
3.006917
16.013237
3.023927
3.006617
2.007177
3.007537
3.021923
3.007337
28.013603
3.004232
3.007037
3.018625
3.007017
95.010899
3.006937
4.010149
9.004212
2.007357
3.006817
3.023242
3.007177
3.006717
22.005284
3.027358
3.007677
18.006857
32.006657
3.023979
3.006777
7.009655
3.004512
3.014469
3.006337
3.007417
38.008148
24.009627
24.009181
13.005484
15.005964
39.009521
28.005825
10.007769
39.007346
32.009707
24.019811
14.016941
14.005010
24.011098
19.018719
60.003592
23.007042
29.014263
14.005830
24.013891
69.014325
24.021079
39.013221
