3.001702
4.017262
3.040545
3.006697
25.023970
4.016329
4.010187
4.009580
4.014323
3.003612
3.005385
12.004118
3.019880
3.003652
6.007477
9.019720
3.020292
4.012177
4.005670
4.010471
11.010881
7.016056
3.006937
17.008735
7.011371
4.005750
4.008740
4.024195
3.006637
9.008015
3.007177
8.018426
2.032293
4.024242
4.008375
4.018146
4.013191
5.008981
3.003878
3.006817
19.019942
3.008535
3.014489
4.006337
3.016862
3.012097
3.008775
3.012411
3.015636
3.007377
5.009221
7.031967
10.000928
3.031463
3.007017
21.006677
3.029979
11.004232
11.009693
3.007277
6.015204
3.018960
3.007437
11.005565
31.006923
3.006857
5.000928
13.008255
3.006977
6.014681
10.002970
8.009347
12.005605
5.006597
14.004052
4.019652
3.002460
18.015716
4.025180
4.013057
31.011101
19.010473
4.006757
3.009115
18.029129
4.027831
6.005265
3.009861
3.024108
4.007835
9.026365
20.005465
8.014464
4.023934
4.048733
4.024384
11.003612
4.006637
4.015023
3.005385
4.007043
18.030904
7.003932
11.009315
20.002360
4.005385
4.003733
13.007109
8.000928
5.011625
15.002460
9.002660
3.030789
25.000928
8.017088
4.032175
10.002240
4.006709
5.004132
13.010347
6.004032
7.000928
9.005385
8.034089
14.041818
15.003612
23.008455
24.027154
9.009875
5.000928
13.014177
9.012977
7.000928
11.013765
