2.090874
4.020160
3.011219
5.009035
4.016057
3.007117
5.007002
6.028017
4.021190
12.032144
2.039695
2.033929
2.043685
8.003752
11.010839
4.014969
4.009887
2.043019
3.006757
2.050881
17.002240
2.023107
13.023268
7.013643
2.009141
4.023332
6.006217
6.030781
6.006497
2.069203
2.019504
4.010061
6.019241
6.026240
10.012445
4.006757
3.019126
2.048680
10.004503
5.032104
3.006201
2.030429
8.009441
3.006897
6.015621
10.021928
12.006996
6.030529
9.034135
12.017127
6.038432
9.024148
7.005485
3.029257
7.008486
4.021170
9.041495
3.016554
10.019606
8.018645
3.016361
6.018506
9.027639
9.012723
20.008049
9.003672
6.015987
4.013738
4.006657
11.033103
8.009619
5.015816
10.018367
3.020574
3.006657
9.006777
5.041304
6.014337
6.006417
4.007117
5.046369
9.027949
4.047812
14.040896
4.012791
8.003832
5.037679
8.009239
10.032114
3.016196
10.031825
4.046458
10.012299
6.014603
5.005445
5.038238
24.027039
6.012246
3.006677
11.012887
12.004443
3.015121
10.010127
4.020324
9.006717
8.017586
4.046425
14.017674
19.017008
9.008321
14.016568
14.017591
21.015221
8.007285
8.008580
29.030616
14.036943
14.017152
9.036099
9.033047
4.063281
4.045143
14.044718
9.042562
14.042554
9.017668
9.028484
5.014882
9.002546
8.041865
9.034792
9.040908
14.022132
7.011921
6.025307
4.034455
4.030733
29.041603
4.038768
