6.000928
5.011559
6.003552
17.006870
19.009513
14.006862
6.003872
12.034534
5.004012
5.008449
5.005550
10.003772
6.011883
23.010507
4.014324
4.012197
4.011865
4.012217
4.015614
4.017152
4.012279
4.011405
4.008515
4.018892
4.015215
4.017027
4.017047
4.008715
4.022746
4.006923
4.020524
4.016954
4.013587
4.013265
4.009827
4.020184
4.020784
4.011439
4.012671
4.021110
4.015721
4.017274
4.009161
4.013523
4.007795
4.019327
4.018940
4.022074
4.013031
4.017127
4.008475
4.014283
4.012529
4.017053
4.010819
4.015129
4.010879
4.007403
4.009473
4.012571
4.021876
4.010627
4.025498
4.014324
4.015688
4.021562
4.012637
4.013569
4.014363
4.021304
4.013157
4.015189
4.012491
4.023682
4.019080
4.017214
4.022742
4.018148
4.020983
4.008309
4.017609
4.005191
4.009241
4.008943
4.009967
4.005590
4.018972
4.010444
4.020352
4.016934
4.013057
4.033829
4.011625
4.016013
4.011605
4.021595
4.009907
4.020192
4.019845
4.019007
4.012957
4.010179
4.021546
4.029204
4.016761
6.005025
5.011961
13.002990
5.000928
6.012177
4.008975
4.019776
4.013963
4.012719
4.011259
4.017866
4.014275
4.019030
4.014529
4.009533
4.020858
4.009953
4.009713
4.012737
4.024646
4.018538
4.027806
4.019792
4.005751
4.010565
4.013043
4.018427
4.012079
4.015655
4.021930
4.018743
4.011425
4.025440
9.015627
4.028576
4.026276
4.022070
4.025526
4.014623
4.031190
9.012757
4.026513
4.020184
4.039685
4.012719
9.020351
4.025282
4.044072
10.005835
8.018559
4.017347
4.037097
4.020804
4.027820
4.030116
4.024596
9.011945
4.017273
4.024096
4.031520
4.018458
4.030120
9.013817
4.023136
10.003532
8.008227
4.022275
4.018604
4.024682
4.014595
9.011779
9.029482
5.003652
8.022778
34.012977
20.000928
10.011268
32.012763
24.020902
