23.003892
24.003552
4.003812
13.007928
29.007382
11.004072
7.010853
4.037995
4.048192
6.007057
8.006090
38.005890
4.007882
5.003992
4.003992
4.003912
4.003892
14.003652
4.004092
19.007870
3.024022
17.003592
3.003612
7.036701
5.004052
3.033373
5.003612
3.035919
4.013923
6.004012
4.003732
12.011325
4.021770
8.003532
3.003972
5.003672
13.010892
4.004132
7.003992
3.017752
5.003552
3.050121
4.007022
4.009373
4.016955
4.009852
4.008695
4.010132
4.008995
9.010472
4.015269
7.003732
11.006270
9.018580
4.006543
14.052741
14.007507
4.023723
19.015467
24.011553
14.007057
19.006170
19.007542
6.003592
5.003772
6.035549
14.063047
5.011061
11.003532
21.005136
4.008700
39.006070
10.005890
13.013517
4.014031
4.058959
6.005690
7.042511
4.018232
20.004132
14.005990
9.004132
29.003752
8.029563
25.003692
9.003832
6.004112
12.003712
8.023505
24.012263
14.011139
6.003532
17.044478
5.014226
11.003712
6.008280
14.007828
9.026047
19.006922
14.039260
24.008094
19.010547
9.015841
19.042746
9.020584
