2.060365
4.020236
6.049974
93.004303
2.056722
25.005631
2.072094
3.019806
17.011291
7.012377
11.021968
11.023583
6.006757
9.013417
5.019665
9.022828
9.026272
6.031793
93.004483
3.009141
4.021416
15.025386
8.011239
9.043184
9.036369
9.045062
19.036678
9.012823
14.027238
9.031174
14.046334
4.018343
9.014569
14.009873
12.001782
6.017008
29.015023
15.004522
3.043310
9.035707
9.044117
9.006662
4.043893
4.040107
9.036449
9.037467
9.019234
4.035634
14.036751
19.032657
14.027751
9.036659
111.004643
7.009029
9.020810
4.046905
4.042542
9.041187
4.057547
24.015202
15.011181
8.046203
14.006509
14.028626
9.047203
14.006683
14.029187
14.039656
24.009985
4.008141
4.040426
4.038285
9.021216
4.028012
14.047234
9.013111
19.010053
9.036687
19.011019
9.026633
19.037939
9.024380
4.064147
