2.100402
4.010867
4.013809
4.051314
4.007088
4.037696
4.038461
4.024354
4.018012
3.009581
7.023974
2.067030
4.025492
4.003578
4.008135
4.010613
4.003558
4.020952
4.034593
4.009747
4.019492
4.026730
4.020704
4.024800
4.027405
7.015061
3.004072
7.033687
4.039573
4.007342
4.041142
4.011247
4.015301
4.028662
4.018160
4.012109
4.019772
4.028076
4.026066
3.012945
12.057108
2.113604
4.022836
4.009913
4.020909
4.013795
4.033377
4.017021
4.053736
4.009827
4.015175
4.012471
4.030571
4.015175
4.031581
4.033038
4.023786
4.014037
4.007462
4.044784
4.011019
4.016640
4.046329
4.027032
4.022108
4.007382
4.035489
9.006863
4.020024
4.051543
4.016374
25.007441
3.007069
4.020730
4.005470
9.011937
14.018972
4.007735
4.021937
4.045218
4.007022
4.044974
14.006943
9.036698
4.022198
4.017731
4.037261
4.008400
4.019458
5.013094
3.074169
4.015575
4.035222
4.009015
4.009633
4.051129
4.031031
9.030309
9.039157
4.033127
4.021276
9.051207
4.026318
4.016714
10.000928
3.047134
4.012091
4.031484
4.023469
4.045465
4.008136
4.041864
4.031194
4.018398
4.016226
5.006656
5.006656
7.049422
4.019378
4.029382
4.022123
4.037206
4.019832
4.022262
4.039760
4.020828
4.021090
23.003652
5.020065
5.009750
3.037558
4.023752
4.017946
4.023096
4.031801
4.022416
4.022162
4.037871
4.035882
10.003912
3.028831
4.015689
9.015388
9.033513
9.034020
5.000928
3.071615
20.006525
3.045154
4.021546
4.014263
4.038515
4.051657
5.003713
8.026914
4.008315
4.036359
9.041188
4.037248
4.017525
9.008641
5.003993
8.021650
9.022488
5.004582
8.059832
10.004643
9.007170
13.027505
5.018364
4.004112
8.028637
9.008755
10.000928
3.050791
4.039769
4.043312
15.000928
13.039136
9.021760
9.033559
19.025220
9.044784
6.006030
