5.000928
9.000928
12.003912
5.000928
14.000928
7.014669
5.000928
13.005596
4.017021
4.017243
9.005356
9.014333
9.017369
9.013073
9.008474
5.000928
9.000928
8.010980
5.000928
4.000928
4.000928
9.000928
33.006242
9.005010
4.009587
4.014952
9.005964
4.013019
4.011419
9.005810
5.000928
8.013963
5.000928
14.000928
8.006250
9.019249
5.000928
9.000928
5.000928
5.000928
9.000928
9.000928
4.000928
38.000928
7.007981
9.007563
4.020863
4.020335
9.006982
9.016869
9.008112
9.005850
10.010118
5.000928
54.000928
5.000928
14.000928
22.003672
5.000928
9.008077
14.003532
12.016751
5.000928
13.005896
9.005830
9.006828
21.000928
7.007209
5.000928
13.009691
9.005850
11.000928
14.000928
5.000928
14.000928
12.003592
28.008854
5.000928
16.000928
9.000928
18.000928
7.034275
5.004092
14.003992
9.003992
26.000928
32.007917
5.000928
29.000928
15.000928
16.010619
29.007228
45.000928
43.005410
