8.015035
3.018646
4.023894
4.037019
4.038615
9.046060
4.020724
4.014828
4.015621
4.023382
4.007321
4.016893
4.036121
4.032430
4.029936
4.023520
4.031743
4.022952
4.043812
4.042439
4.011125
4.019652
4.048893
4.024896
10.004562
3.027491
4.037876
9.008609
4.008334
4.045397
4.032669
9.013563
4.017946
4.005030
4.048474
4.040021
9.043135
4.011659
4.030243
9.010945
4.041271
4.025800
4.031137
4.011233
4.030450
4.038430
4.041651
9.014962
4.038451
4.059861
4.015355
4.055831
4.028025
4.054707
5.009921
18.008055
9.014329
4.037239
4.032659
4.046599
5.004643
3.022527
4.046644
4.018930
4.055455
4.041694
4.038949
4.045508
4.016635
4.042556
9.020884
4.010531
4.011125
4.036497
4.035947
14.043717
14.015355
4.045154
4.050899
4.042780
4.012617
4.035625
4.030323
4.045462
4.064274
4.040140
4.025906
4.025772
4.027399
4.043357
9.034961
9.012543
4.036158
9.027565
4.008075
4.065791
4.027064
9.035255
9.016494
9.058872
4.018314
9.018894
5.009921
3.039366
4.039155
9.026672
14.018752
4.026939
4.037296
4.042019
9.021817
4.030849
4.029296
4.035644
9.032253
4.054398
4.016299
4.025732
4.037856
4.005590
4.045230
11.006565
7.024405
4.056824
24.023615
9.032621
4.029814
9.010913
9.025110
14.019452
4.057407
19.028017
14.033913
14.014741
9.008615
14.036123
4.018079
4.031695
9.044918
4.013823
4.032681
10.013561
3.037682
9.042210
9.010545
5.007393
13.020890
9.027640
4.053760
4.036328
4.058132
14.022316
14.030023
9.006982
9.042635
14.029935
14.030991
24.021382
9.031853
9.016686
14.009947
