2.056398
2.029999
2.006803
2.014044
15.005190
9.017460
4.023522
2.012717
6.039383
2.008195
2.012626
2.026059
2.018752
2.031869
2.011379
2.026925
2.012117
25.041800
20.031025
25.019858
2.036754
2.018240
3.005104
2.039221
3.000928
2.003633
2.028097
2.011611
3.000928
2.072104
2.026319
2.015510
48.018100
14.021884
2.015116
2.030075
2.021678
5.008075
15.006395
8.012491
4.005570
4.018872
14.013715
16.014956
2.044399
9.017500
4.007995
14.010905
14.025572
4.033449
14.028630
4.024774
10.005597
13.021046
4.031854
29.022222
19.026155
4.019072
11.007835
2.049742
14.005430
4.016895
4.037069
4.010095
16.003938
7.029536
4.023555
14.010399
4.010911
4.026598
4.019464
4.012291
14.032993
16.022460
7.042068
9.032556
19.029809
9.037979
4.023394
4.011751
4.031649
4.029371
9.020844
4.013949
4.020884
4.019684
4.016947
19.008734
4.013041
4.006563
4.020304
4.012747
34.046142
4.033687
22.012525
11.028940
9.020870
4.030557
9.025966
4.016403
9.022989
10.004582
3.035949
4.023212
4.027454
14.005310
5.004143
3.054245
5.000928
8.018000
4.040736
25.009961
18.032215
4.019454
4.047226
4.055803
4.030289
4.047675
8.005930
5.033233
9.008415
9.024106
9.016894
19.034751
4.050624
14.026193
4.030278
9.033295
9.035073
4.048292
4.035570
9.022065
4.036742
