7.002220
4.009899
4.025230
4.006823
4.006625
4.009239
4.021344
4.005730
4.007363
4.005290
4.029829
4.009887
4.009813
4.021184
4.027646
4.018072
4.013263
4.013697
4.006583
4.025326
4.023259
4.008581
4.008915
4.005850
3.000928
20.010247
4.008421
4.012597
4.011665
4.010187
4.009387
4.025579
4.009333
4.008455
4.022262
4.005470
4.035476
4.023374
4.034383
4.019518
4.010193
4.006030
4.008195
4.025166
4.008488
4.017430
4.010573
4.008155
4.006110
4.010851
3.012206
5.016894
4.024448
3.014675
5.026959
3.026048
5.026360
9.024566
3.015496
3.006517
3.012726
7.022857
3.013764
8.003772
5.006877
10.007955
3.015735
2.037976
3.010295
3.056020
3.015655
7.013065
7.012592
3.014969
6.034425
8.007529
3.009061
5.005310
3.018502
4.011033
10.008375
3.013878
3.009508
6.016785
4.009567
3.010705
3.003972
5.006657
10.022716
12.003892
5.010331
45.009873
3.020547
3.003532
6.015293
4.028457
4.030858
3.011219
3.006817
7.006577
4.005245
4.006997
3.059835
4.012299
4.011259
3.006703
5.021170
4.012465
4.048759
4.008023
3.012779
16.006777
3.015786
3.024982
15.015225
9.023908
10.006377
8.006069
11.010817
8.006757
4.003532
3.038780
3.009363
14.007057
9.008389
15.025488
15.011181
3.041675
14.026591
4.024575
15.009207
5.015523
8.007815
4.012117
23.011345
9.013171
4.039711
9.019338
4.018572
9.029450
39.032564
19.009813
9.006343
4.040274
4.037515
14.037239
9.027378
9.023268
13.000928
15.023196
14.003678
21.000928
7.035021
19.030207
4.035109
9.037849
9.005930
