57.041623
54.015621
19.057523
14.014609
23.000928
14.018532
12.021610
9.018906
26.004112
15.007283
17.026306
11.021794
20.016209
19.003552
15.009347
12.036060
14.009553
14.048893
17.007829
11.032446
19.043074
14.005990
9.049535
9.022954
15.015769
11.000928
15.000928
25.005350
17.008635
16.012851
14.027337
10.013285
19.008289
13.007148
14.037101
14.035666
9.040140
14.021561
13.000928
30.055402
13.022590
15.010187
9.069089
10.016579
18.008681
19.024730
24.014835
12.017502
17.030017
10.000928
21.003572
21.000928
9.021124
18.011673
10.014177
29.000928
21.003612
13.007077
63.003612
27.000928
25.010187
14.008814
