27.050163
14.029101
14.078052
29.036238
33.060106
21.018214
18.008063
9.005250
9.010879
9.061937
16.020544
12.009553
9.007251
44.029996
28.027744
6.011293
22.012885
17.031647
12.008451
23.011939
26.000928
57.010401
10.005287
14.011091
38.100972
9.031635
9.029610
18.015435
10.015390
18.027107
6.019330
18.017024
21.000928
36.061387
30.044094
15.016563
18.022224
14.035052
18.029899
6.021341
17.012029
84.012353
20.005630
10.110419
22.021734
27.031896
9.032940
32.000928
18.010541
12.000928
15.013883
19.040066
6.013963
25.014157
