27.011779
16.023142
12.014675
16.053697
10.011813
11.037922
14.017948
9.016335
9.039565
24.015947
12.036785
13.053487
12.023136
9.030624
29.044877
19.030132
10.005447
53.021518
14.009507
19.016587
16.013664
12.026557
18.031649
21.002820
36.035306
16.037632
19.005730
14.035863
12.052830
16.030327
23.013138
15.012451
9.056954
14.009806
10.032792
13.012979
14.012741
13.019225
20.022134
21.034838
15.006836
12.005184
38.010706
14.034813
14.025419
16.048160
14.009927
14.036156
12.025204
24.050086
9.013159
9.019885
9.006883
14.035693
22.051575
22.006996
16.000928
21.006682
14.041541
14.008275
19.037989
19.029918
20.013938
15.020244
20.012783
16.021144
9.029478
