7.022582
14.015010
14.023831
21.005531
9.011259
12.013043
9.012929
14.014557
9.008641
10.012445
7.012811
13.000928
21.007082
7.004598
9.011299
19.000928
13.010201
12.012997
10.003858
14.004112
10.006437
15.000928
7.010241
10.006897
7.044316
10.005510
8.013131
9.035878
10.004662
8.010019
9.028019
8.003952
16.012223
13.022623
9.021275
15.003752
13.030846
10.000928
10.011304
12.013823
9.039996
14.018754
14.022578
15.005184
8.005150
15.002640
11.004132
6.051888
19.018016
11.000928
11.000928
16.000928
9.005370
20.000928
7.027791
14.028426
9.024934
17.024215
13.000928
9.006237
10.000928
13.000928
19.006417
13.000928
9.004052
10.000928
15.000928
6.027957
14.007043
17.000928
6.022100
14.014715
9.054950
21.003552
7.020264
22.000928
7.015538
30.006683
10.000928
14.000928
16.008041
7.002340
9.012771
22.005884
9.007609
14.005425
18.014394
11.002446
12.015962
9.011591
