9.015273
98.004423
12.000928
8.037968
8.029103
12.010825
8.009827
23.000928
13.023615
8.005024
8.022896
7.030719
12.006476
7.003869
8.013593
26.021054
8.000928
6.024096
23.005651
10.000928
8.021132
8.000928
18.000928
10.027672
8.046426
13.023590
12.014335
9.028892
10.013943
13.054487
9.046719
13.016169
18.027831
9.030233
8.026162
8.012987
16.000928
15.016262
27.031535
12.048493
9.041985
8.014945
7.014089
9.018772
11.002220
12.008369
10.009521
7.016420
7.026893
16.000928
11.015253
9.023422
22.000928
9.034939
18.012811
10.023602
10.013705
9.015969
32.050938
11.000928
9.015435
16.056823
16.025401
8.046335
20.008009
8.012277
20.000928
8.029508
8.014417
16.013413
8.098836
14.027179
12.000928
11.012079
7.020758
12.015690
8.031909
17.000928
8.010521
23.004423
26.019262
21.007388
8.000928
