28.008310
8.017812
26.000928
13.023371
18.005130
26.191494
18.006877
9.011839
9.007749
14.010001
8.018079
10.013957
9.018615
29.003086
10.003972
8.004213
14.014588
20.031820
13.024461
13.079677
14.030735
30.013360
9.013970
9.021448
9.009281
17.006997
18.008309
9.013071
8.010914
17.025006
10.012771
10.022847
33.008035
9.004964
39.000928
14.015269
14.017666
10.018932
35.006908
11.023350
29.166539
39.021604
19.056303
10.028429
9.033736
9.011495
18.027843
14.037199
19.009867
17.003813
17.006663
10.016367
13.008801
9.014191
13.008195
22.037468
8.006857
23.040241
21.000928
10.016388
10.014670
19.010007
14.017488
20.005585
9.008489
13.043176
19.007323
13.004112
24.003658
8.027523
