17.012951
12.000928
17.002620
29.000928
31.016662
22.014105
12.016089
31.000928
30.000928
18.000928
26.009581
12.033806
13.031428
14.018028
14.016553
19.009767
44.063530
16.024618
12.034626
14.045815
15.000928
13.016740
21.022331
19.000928
12.025861
20.000928
13.013437
16.002520
17.026488
26.002660
12.037739
21.000928
14.020572
44.015036
17.019105
22.027583
10.000928
14.003030
25.007102
20.000928
9.010061
13.007915
29.013929
19.010881
35.000928
28.037067
46.000928
15.002346
9.000928
37.004132
23.029002
30.000928
19.000928
28.040686
