9.051871
109.055658
18.009079
18.013365
9.014681
13.006777
39.006557
13.009421
11.028089
15.023651
10.017986
19.049546
19.040298
24.003552
13.003592
10.003552
13.000928
15.006757
17.005682
19.021574
19.007941
20.005485
8.018988
13.005005
17.024281
16.026332
26.013065
19.027548
38.032530
16.020256
34.032804
10.005685
40.005005
13.002240
16.007168
9.035917
13.016084
31.005365
9.018988
10.005424
24.018940
13.011061
13.012005
13.003712
21.038122
16.000928
12.022552
10.012077
17.019577
8.003632
41.017064
35.053525
19.003612
40.002220
19.028961
26.008009
