15.000928
31.027224
20.005804
12.017141
15.021804
9.008637
13.000928
29.005544
8.037407
16.010187
7.044878
11.025102
9.030507
10.006756
8.008828
8.005424
16.011350
10.033882
7.083183
19.061303
8.005744
15.011891
10.000928
10.023144
12.010239
10.045541
23.058001
9.035269
10.020424
16.024270
16.038149
8.010894
10.011639
7.019234
12.008489
9.014921
8.011793
21.036719
17.013495
10.005684
14.000928
9.004072
9.006797
13.008405
30.006130
9.010391
9.000928
13.009906
7.008489
7.011253
14.010873
8.050107
9.030975
14.023052
10.009121
13.027860
9.013909
15.007182
8.047366
8.008009
7.028212
7.062587
14.008195
10.000928
13.021710
8.009501
7.028099
7.100054
9.021024
8.008449
20.015877
7.030166
12.003832
13.018246
10.004032
12.040440
16.006018
12.031129
11.027306
7.028853
10.025428
14.016913
10.004052
8.012483
9.053899
9.033944
9.047428
9.011031
14.043263
14.018084
17.058527
12.000928
