13.021482
15.021748
20.013578
16.027652
15.014657
22.013399
20.017899
15.023127
12.011773
10.027924
14.068782
24.020412
16.028471
20.041390
17.006014
11.028177
12.006857
16.016888
18.035192
20.035292
27.021616
11.024797
16.021010
19.008626
12.030603
23.016468
22.054075
18.030984
21.006937
12.025450
36.006165
20.023962
15.014678
17.003872
23.050899
18.008449
24.014220
35.026394
14.043504
16.032003
13.003572
14.009927
19.009781
14.008780
19.009901
14.000928
29.006617
13.046796
15.011073
14.016687
14.037795
13.006722
20.007217
22.022908
15.033147
12.016060
10.034138
31.022716
13.023488
20.018584
13.055586
19.071290
13.002266
