2.060365
4.020236
6.049974
93.004303
2.056722
25.005631
2.072094
3.019806
17.011291
7.012377
11.021968
11.023583
6.006757
9.013417
5.019665
9.022828
9.026272
6.031793
93.004483
2.031656
4.016127
15.024692
8.014201
6.004113
7.027464
9.018119
7.016642
23.015921
7.015287
2.045445
3.040566
19.022902
7.017387
2.044131
9.008069
6.053601
4.014936
2.029983
8.006417
7.023348
2.033175
6.017060
2.041034
6.026773
4.017915
4.057405
4.028657
9.008721
2.042399
16.038910
9.015082
4.020170
11.014303
82.020819
4.013989
9.046973
4.040807
2.075205
6.030031
4.009567
4.014489
4.046874
4.016568
2.086953
4.026862
6.030469
6.017840
2.041497
14.023378
12.005225
16.009907
9.028735
6.007703
7.035122
4.009593
9.013930
4.025470
11.009121
2.025998
4.045091
4.027064
14.022849
4.002220
4.037079
9.012158
4.033615
4.020805
10.004583
3.023334
9.016140
4.013723
4.021830
4.023048
9.005230
2.054373
6.037479
4.012543
3.020158
2.005284
2.073289
4.011319
2.065654
24.007929
3.054521
7.010219
19.013205
16.026607
7.026270
2.016720
16.024743
2.047030
3.047823
9.028731
22.018252
2.092296
6.030789
4.025318
4.026153
4.030658
6.006976
2.045209
14.031767
14.042427
4.021136
3.019504
10.033753
2.074347
9.013177
6.009747
4.015095
9.021707
7.002680
3.009441
7.038586
4.032796
2.063895
3.029863
4.018872
7.023102
2.078825
6.014283
16.005070
7.031898
4.040146
4.011733
4.022276
9.019518
2.060897
16.027397
4.006523
2.040874
3.025647
7.008355
6.016142
7.028717
14.015793
2.067218
11.021523
4.011119
4.033344
6.006469
4.016202
12.045387
9.041639
5.033669
5.037276
9.021744
9.030637
7.015895
4.019550
5.004203
3.013023
6.024078
7.031120
4.037450
4.041211
10.036061
8.019290
4.010599
13.039473
5.020684
2.057257
6.011579
2.027831
9.002520
6.031275
4.025514
2.030809
7.008509
5.006983
14.036417
7.039175
4.014249
4.027852
2.075130
2.032887
3.011839
4.041348
4.035397
14.021962
3.012105
1.060017
13.036182
9.011725
2.036243
6.011791
2.023340
11.032823
9.019738
2.026278
6.023522
4.027557
9.042442
4.015571
7.004443
6.022868
3.013011
3.011867
11.023958
9.023828
9.039126
2.045833
9.018480
4.020630
9.011685
102.004563
8.034418
9.032587
9.028285
9.022688
9.002220
4.008461
9.032707
9.024094
9.026762
9.009167
9.025742
9.028172
4.016633
19.033895
9.020272
9.018835
4.011199
8.004012
5.042091
14.011005
14.037698
4.038249
7.005899
2.021781
3.022043
9.043105
12.004563
6.027680
14.026299
4.029415
9.031037
9.016235
9.042634
6.019742
12.016734
14.022746
14.015483
9.008801
4.040824
9.018817
9.037382
9.035866
4.011065
14.011585
5.021716
7.003812
10.005090
5.021616
13.021454
4.018491
9.026990
9.005730
4.023490
9.013875
9.038615
9.010093
4.055031
14.020735
10.009009
9.005830
5.015456
12.010899
4.050770
9.008521
4.018326
5.009457
8.022523
14.023404
20.008420
3.037033
20.009075
8.042869
9.037255
19.024037
9.022702
7.002800
106.025056
4.031347
9.005590
9.022648
9.024062
14.034972
14.005250
10.006981
13.043217
4.025361
9.049386
9.040618
14.055916
4.030837
11.007061
7.025697
24.045963
9.028243
29.010227
9.035818
9.022251
9.036536
19.024498
9.018917
9.021110
9.035193
9.022995
16.004423
12.030855
4.021104
4.044813
14.008220
14.025397
14.020472
4.029577
9.041957
9.011079
9.052209
14.017087
14.016408
9.010939
6.059736
7.046577
6.024174
7.008661
95.004583
3.040188
9.030423
9.019432
4.035843
9.035627
9.014249
9.048046
7.017318
7.005230
3.018342
9.032365
24.028709
14.021742
4.048868
19.040517
4.018585
19.041725
9.005639
4.030314
9.024544
9.018526
9.047622
9.033701
7.007082
112.004443
3.015442
9.030209
9.035179
4.048666
9.022134
6.011193
8.008603
3.052605
14.044618
4.021389
5.012126
18.011271
9.037033
9.028954
4.042681
9.035397
19.038049
14.048815
14.031129
9.022970
4.018393
4.019877
9.033576
24.035126
4.021780
4.022602
19.025739
11.007183
7.020748
24.005131
9.029260
14.020398
9.025015
15.002220
3.022709
14.016628
9.023374
9.012691
9.021692
14.038909
9.035105
4.044667
9.031837
9.038186
14.031229
10.007221
3.039082
14.040025
19.021356
10.019268
8.020798
9.011085
4.020690
19.039452
4.035563
9.038527
9.019159
4.032281
9.020890
9.041174
19.022408
9.045892
9.014355
15.000928
3.023894
16.004443
7.027339
9.030004
110.015501
3.049776
9.033468
14.007183
14.038742
9.012777
4.016760
9.017642
9.036520
9.028542
4.037215
9.012557
4.026978
10.027176
8.026260
4.018352
15.005355
3.032358
9.041859
19.022476
9.029058
9.027150
4.010619
14.022022
14.019048
4.014269
9.011019
9.011019
9.033233
14.007055
4.023036
4.016705
4.015010
24.020314
9.008115
4.045698
14.040303
9.031143
4.042682
9.033949
4.024703
14.051632
14.022892
9.030037
9.031078
9.040467
14.043869
4.053373
4.031547
19.025444
4.040683
9.020558
6.005978
7.009927
4.008021
9.027873
9.032850
4.027579
4.005337
4.018214
14.013983
4.023565
9.027403
4.019452
4.022985
9.016363
9.023370
9.043645
4.011225
4.028832
9.011639
9.040725
4.012102
9.033151
9.022270
4.023281
9.032155
4.041418
14.009853
16.008739
8.009807
8.033699
4.038541
9.048084
4.015616
4.014270
9.011951
4.022762
9.017068
9.034841
14.028336
9.032823
9.039898
10.014441
3.028670
9.058098
9.031692
4.042343
15.004183
8.030736
9.025218
14.011759
9.035089
4.022250
14.038278
9.027483
9.011763
101.006061
7.019118
4.036235
14.023791
39.038207
4.013655
9.021816
4.030599
9.056615
10.014263
15.004403
7.045651
9.023498
14.027098
9.061490
10.013504
8.024994
14.020245
11.005326
7.046590
4.029915
14.039418
14.022351
4.049364
12.000928
6.021018
14.033889
14.034349
14.014103
15.004803
13.031123
9.008015
10.004503
3.049384
14.028319
4.051632
14.033702
15.018543
13.028657
4.045641
30.004203
15.002546
7.043813
14.022554
4.048622
4.026016
19.048774
19.030715
9.017220
14.025358
4.048193
9.005751
4.017174
19.055929
4.038063
9.035037
14.042875
10.003992
8.009635
9.014458
4.040282
9.010287
19.048766
9.013537
9.012091
11.012711
7.042642
9.031989
9.021648
9.027881
15.005874
13.051389
9.043721
9.031358
19.019095
4.033635
14.018178
4.025688
14.020876
24.039454
9.005276
4.025346
9.039357
19.044357
14.029106
9.030202
15.008975
3.043598
9.040052
9.027849
19.035573
9.040520
4.028437
9.036151
14.043139
9.032955
9.045917
4.027284
14.043921
14.011009
9.036141
9.031301
19.021432
4.025761
9.035258
9.040694
4.028075
9.011999
4.013989
14.028299
4.023271
14.030105
4.051715
9.016560
9.008213
9.013715
19.017700
10.014471
8.005012
9.036336
14.033127
4.032515
9.039628
9.034509
4.038452
24.029620
19.056692
14.007023
9.027970
14.023434
14.014629
9.043550
14.010671
4.044480
14.027487
4.012805
4.048374
9.030481
14.038342
9.028586
4.037606
14.015281
9.023146
9.005490
4.041082
9.016187
14.028701
5.006257
8.024596
4.024339
9.036179
14.003858
4.040059
4.026079
19.034139
19.051000
9.045308
9.012357
4.042545
14.013055
4.049838
9.013504
19.015392
9.022410
6.004303
17.018340
14.025810
4.036303
4.038077
9.017214
19.031253
16.004403
12.009829
9.042597
11.004663
12.008815
14.025872
9.028109
9.030343
14.026662
10.016706
8.014301
9.023433
4.030121
9.046786
4.051193
116.004403
7.034285
9.016988
4.030656
14.041635
9.027380
4.030775
9.034676
9.015727
4.041579
19.038175
5.019984
13.008143
4.048486
9.027950
9.034019
9.025380
9.032847
9.053402
9.026814
4.036664
9.066678
9.029527
14.012049
14.035901
11.009121
7.010013
9.026301
9.037061
9.051301
4.033930
4.036608
19.032249
14.019980
14.002220
14.021302
11.011321
7.012946
9.028780
9.003964
9.025300
4.049178
14.007854
4.042766
14.025762
4.029181
14.040549
4.049976
4.041908
14.031207
4.040395
4.039351
9.003958
9.026772
14.036844
9.011359
9.045861
9.037663
9.051463
4.038878
9.019504
19.037549
9.020290
14.013683
15.004886
13.060414
9.035627
9.023162
14.047469
19.025995
4.032669
14.049091
9.013005
9.015122
16.010759
17.018557
9.037813
9.038908
9.040637
9.050394
15.004462
16.004423
16.031530
24.009533
9.034432
14.043470
9.009566
9.034480
9.022016
9.030408
14.026583
9.055440
25.010521
8.022050
9.011301
4.039237
14.022620
14.008747
14.017086
