7.019643
19.010147
14.018199
14.008234
5.002720
5.003752
5.003852
5.003992
4.004092
58.003532
5.003572
5.022877
19.012339
26.002780
24.002640
34.003872
39.003552
13.000928
23.010047
16.002720
45.003992
28.003592
33.002240
10.003852
8.014076
5.003972
37.006882
111.003712
48.000928
19.000928
23.005724
32.003632
5.003892
4.003852
16.004052
15.003532
48.009805
15.011050
35.003612
5.003792
7.004132
9.002260
9.003812
14.003892
9.002540
14.009990
38.002520
30.003752
19.003912
9.003772
34.003852
34.002360
34.003692
43.002720
15.010451
124.006967
22.007848
20.002720
45.002820
9.003952
42.018749
36.002280
9.003592
10.004012
19.003692
5.003612
13.009139
9.003672
12.002320
5.003752
9.004072
27.005690
16.004092
28.002600
30.002320
37.016557
16.004012
34.003872
149.011930
27.030047
55.002720
6.003912
14.003532
9.010970
18.003792
24.004032
23.002520
5.003872
9.004032
49.003992
33.002580
15.003912
38.002580
10.002420
9.004032
14.009239
19.003972
5.004092
4.003952
14.003652
5.003992
9.003852
4.004132
14.003932
4.003772
27.011571
9.003732
28.002320
20.003712
5.003789
29.003872
9.003792
17.012169
5.012190
23.002480
10.003732
34.003952
23.003592
20.012050
14.004112
39.002780
13.000928
14.000928
31.003852
9.003532
9.010750
5.003752
62.003872
19.002240
14.003552
9.010771
29.003612
24.004698
5.006525
13.005278
29.006225
12.017974
61.003612
9.002560
27.008335
65.009310
5.002380
9.003912
9.003632
29.003100
14.004092
18.002340
5.003732
24.010030
43.000928
10.002560
24.004072
9.003812
9.003992
10.003632
9.007910
38.002220
8.003873
9.002440
10.003592
38.000928
5.003672
73.002600
25.011671
9.003592
9.003532
14.003812
9.003752
28.002420
34.003672
5.002240
17.005670
56.003532
34.003832
33.000928
20.009569
24.003912
37.017659
16.003772
9.003572
19.003532
10.006095
13.003592
34.004112
19.002220
9.002220
9.003852
19.010671
14.003912
28.002600
5.003972
18.002380
35.004032
13.002480
5.003692
14.004032
14.004132
9.003552
38.002840
33.006050
6.010890
24.003732
19.003812
19.003732
14.002740
62.005764
12.003912
23.003892
4.003572
18.002760
29.002340
5.004132
9.003972
9.003672
13.003872
45.002320
9.003532
29.003932
9.004032
14.009110
19.003612
10.003672
4.004072
13.004132
9.003852
82.009987
20.000928
24.002300
10.003852
23.002780
40.002460
27.015951
6.003652
14.003892
13.003792
75.003752
38.002340
20.003812
38.000928
10.003872
57.011879
11.002260
39.011647
24.003832
12.015047
36.002340
32.014895
6.010511
9.003832
18.002280
64.002340
10.002800
13.002300
38.009927
65.002480
29.002240
48.028269
41.000928
28.002400
35.003592
9.003912
52.006802
9.027406
6.003752
8.002600
5.003972
18.006374
20.003672
14.002400
12.012255
41.003852
44.004012
10.003652
4.003572
18.003752
23.005185
5.003552
14.003672
9.004052
9.003832
9.004032
14.003592
19.002760
48.000928
9.003912
25.011310
9.003772
42.018825
16.003552
19.003892
9.003712
4.004132
9.004158
28.003532
11.003792
23.004012
4.003892
29.003872
14.004052
29.000928
34.004012
43.000928
15.003912
9.004032
27.011479
27.003872
5.003572
4.003912
4.003652
4.003852
10.013781
6.003672
14.003812
19.002600
9.009930
24.004012
49.012070
23.000928
20.002280
14.003892
9.002220
9.003712
20.004052
5.004112
7.003832
19.004132
18.000928
63.015155
26.004132
18.002700
14.004900
5.004132
73.004052
39.004012
15.003972
4.003632
14.003852
9.003280
24.003952
19.003692
77.008575
51.003832
14.004032
14.010251
19.003592
19.002220
24.003972
18.000928
5.003832
29.003952
28.002420
44.002340
14.003872
14.002740
18.013209
10.000928
44.002760
5.003752
78.002700
15.003792
8.002840
30.002560
15.003592
9.004052
9.003612
14.003832
13.003632
34.004032
14.004132
5.004072
9.003892
4.004132
8.003672
5.003712
4.004132
9.003952
33.008739
21.003892
8.003772
56.016051
7.003812
9.009911
13.004132
5.003952
4.003632
32.002240
12.004032
8.003632
33.004012
5.003792
9.003612
4.003552
9.004092
9.002480
9.003612
52.002220
16.003812
14.003652
14.003552
4.004072
38.003612
5.003772
6.010133
7.003772
8.003532
5.003932
9.003532
4.003652
9.003712
4.004072
19.003532
9.003932
13.003612
11.003932
27.003772
10.004132
4.004132
9.004092
9.004092
14.011830
21.008321
7.004052
4.004012
4.003732
17.005285
11.003692
16.011399
7.003672
18.002720
5.004132
4.003672
24.003154
9.004132
8.003792
5.003732
9.003712
4.003972
9.003632
14.004052
67.002460
6.003832
4.003872
14.004032
9.004072
4.004092
9.003592
4.003992
4.003752
9.003972
22.010990
6.002220
9.003912
23.002300
5.003692
32.003952
11.004072
4.003552
4.003812
23.011211
5.003932
23.003572
10.003612
31.008635
17.003792
37.007227
20.003972
5.004032
4.003992
9.003692
4.003952
12.002800
10.003912
5.003592
4.003552
9.002220
61.015211
27.003812
9.003992
9.003932
9.004012
6.015109
32.004112
15.003772
42.003812
5.003792
4.003652
24.004092
4.003752
28.003552
11.003672
13.003572
4.003712
4.003812
14.004092
13.003772
5.003732
4.003592
4.003892
18.002240
5.008579
4.003952
38.003632
10.003832
9.003772
9.002220
43.000928
5.003672
4.011331
14.003832
4.004132
4.003632
4.003632
14.003732
87.003160
15.004052
5.003832
9.003552
14.003892
9.004092
14.003732
4.003692
4.003592
9.003632
4.003892
23.003000
5.003592
47.002600
6.004112
9.003832
14.003592
4.003832
9.003772
4.003532
13.003932
5.003892
9.003552
48.004012
10.003832
4.003952
4.003532
17.000928
7.003992
8.009479
27.002460
6.003652
4.003592
15.003992
13.003812
9.003852
4.003752
4.003792
4.003752
4.003632
15.004072
18.003532
9.003872
13.002280
5.002220
4.003612
4.004032
7.003712
11.003752
13.003672
5.003952
9.003672
4.002220
9.008699
9.007207
16.019400
7.003712
4.004112
4.003972
18.003592
9.003852
5.003692
9.003532
9.003752
9.003872
9.003732
28.002840
19.002580
5.003772
32.002680
34.003852
16.002740
9.003952
4.003652
9.003572
14.003852
4.003552
4.003812
4.004032
9.003892
9.004072
14.004092
14.006810
14.009839
12.002620
6.003832
9.003932
9.003812
4.003672
5.003772
21.004012
6.003972
13.004112
5.004092
9.003672
4.003592
9.003180
18.003932
19.002620
9.003952
5.003672
4.004012
4.004132
4.003632
4.003752
9.003912
23.003872
5.003532
47.002320
73.012951
8.013505
23.002220
13.003572
5.004032
22.000928
6.004032
4.003912
4.003532
9.003852
9.003892
18.010831
5.003952
9.003772
18.003992
5.003772
13.004032
5.003792
4.003552
12.006305
6.003592
9.003692
4.004052
32.003792
6.004092
18.004072
5.003772
9.004052
52.002240
6.004092
9.012339
4.003812
4.003992
68.003592
10.004112
6.016241
17.003992
4.007217
4.003572
24.003852
9.003752
18.003992
5.003572
14.003652
4.003552
4.003932
14.003792
38.003912
5.003752
14.003852
4.003832
68.003552
5.012729
14.003972
4.003712
4.003952
19.003692
4.002220
14.003952
9.004092
9.004072
28.003672
8.017764
6.003812
9.003592
4.004052
13.003812
5.004072
9.003652
14.003812
51.011165
7.002220
4.003772
14.002220
4.003672
22.003872
20.003732
5.004092
23.003972
24.003200
5.003832
9.004052
9.003692
27.000928
24.003652
11.004012
9.003712
14.012150
4.003180
12.003812
6.003972
4.003612
14.004072
4.003952
4.003692
9.003632
28.004112
5.003732
7.005245
6.003812
4.012401
27.002260
16.004132
19.003652
9.004132
9.004012
14.004012
13.005445
5.003912
4.003572
4.002520
4.003852
14.003932
14.003592
10.003672
46.002240
11.003792
15.002440
17.003772
29.003732
29.003812
5.003932
14.003632
18.008990
10.003992
19.003572
23.003772
5.002220
33.004112
10.003532
4.004092
9.013313
10.003852
13.004132
43.003912
10.003872
18.003772
5.004112
14.002740
3.002340
5.003592
9.004092
4.003552
14.003652
4.003752
18.002560
5.003772
4.003752
4.003792
9.003812
24.003872
9.007467
10.003892
18.003652
33.003952
15.004092
23.003892
10.004072
4.007517
9.003672
4.003732
19.003772
22.004032
19.006817
31.003592
14.012903
24.003632
13.004092
5.004092
14.004092
20.003672
22.002620
5.002220
14.003792
47.003852
6.004012
9.003752
9.003892
14.003792
9.004112
14.011890
4.008879
14.003932
28.003772
5.002220
23.004052
10.003612
6.010107
17.003572
3.004092
5.002920
14.003872
19.003872
4.004032
9.003952
4.003632
43.003952
4.003572
9.003692
9.003592
9.003812
4.003692
4.003572
19.003972
4.003852
21.010793
17.003652
6.016459
12.003772
4.003752
6.008203
51.002620
34.002820
5.004052
14.003572
9.004052
44.004072
6.015971
17.003532
6.007995
54.013759
11.003932
9.004112
19.003752
19.003952
19.004032
27.007609
35.002340
10.003772
19.003992
28.002460
14.003892
35.004132
29.003732
9.003792
27.016063
80.004483
20.004012
9.003892
29.003992
9.004072
68.004072
70.003632
23.003592
24.003752
24.003712
9.003612
24.003552
24.004092
9.004112
13.002780
40.003652
14.003672
34.002660
14.004052
24.003532
24.003892
34.004092
14.002680
18.012073
10.003692
9.002840
48.002480
10.004092
14.003572
14.002480
14.011010
31.003552
32.003572
19.003972
24.002880
49.003632
28.004052
9.000928
35.003532
32.017368
26.004032
14.002820
19.003812
14.003632
24.006315
14.007807
12.005530
34.024976
11.002360
17.020298
44.020846
29.017821
30.002380
20.002660
28.002840
14.002260
48.006623
50.002420
28.027168
19.008048
119.009727
36.000928
12.017929
45.000928
23.019312
14.008875
39.005070
59.014463
20.002440
15.002620
17.007782
49.017213
44.005090
17.002260
38.004866
17.007302
24.017261
19.025482
65.002780
79.002280
29.003592
23.013619
14.008567
34.005571
11.002800
19.002700
23.002400
63.010806
16.002380
19.002600
19.002400
12.024727
14.008214
39.010687
15.002220
58.015933
24.005390
14.011766
19.015159
25.002740
39.002300
23.009913
29.007168
15.002380
39.004642
18.009687
20.003732
13.007102
21.002340
27.018439
34.011475
12.004583
11.011273
79.008655
14.005450
89.021494
16.000928
17.018395
21.009389
22.009745
29.014169
19.008737
14.012622
59.011661
39.012319
24.016775
19.006211
50.000928
49.000928
14.002380
14.000928
19.002360
28.015335
29.008795
16.008225
17.022388
24.006605
29.009001
19.010327
10.004092
18.026226
14.007422
26.002360
27.020880
34.034221
46.002560
18.002540
49.002620
13.013615
