2.068173
2.010199
2.018566
13.008801
2.009687
2.040627
2.008734
2.016848
2.023837
2.004133
2.019579
2.008675
36.012505
3.031760
3.006537
11.005791
2.013457
6.017101
2.015655
10.018259
6.015079
2.030535
2.014084
2.009621
2.018276
7.012105
9.000928
2.042596
2.054100
6.014829
2.027960
8.022838
5.007037
6.006909
14.006296
5.017210
8.005430
6.009915
8.013800
2.024414
5.015930
5.005285
13.015823
14.011267
6.025115
7.020682
6.006717
4.024316
7.007823
9.056506
9.020424
11.016722
4.020704
6.005999
3.003793
3.020447
7.022632
2.019672
6.023117
5.006737
5.020284
12.018873
6.036837
5.006837
8.033061
9.003912
2.065575
2.016793
5.007037
4.006697
5.027590
9.012207
5.025617
5.004965
7.020786
6.003732
4.003572
6.006617
2.039584
4.031750
12.029557
9.028686
9.024316
7.003912
2.017874
2.019492
2.009261
4.014690
7.034319
6.012085
7.010767
10.009343
8.053521
5.038523
8.008395
6.008335
2.031229
2.016628
7.008175
5.032631
4.036247
4.018590
2.035971
4.012631
6.018821
2.038240
2.049616
3.007017
2.052410
2.014792
6.049015
9.006503
6.011885
22.008915
2.038804
5.005005
11.010501
7.006257
15.009221
2.059436
2.021256
2.022162
10.006909
2.013611
2.013071
23.022760
2.025147
7.004503
8.029599
7.006557
3.013493
2.064028
9.024621
9.008375
11.006677
5.006537
5.006957
2.012025
2.023504
2.019945
2.012405
8.034893
19.081323
10.003992
13.018992
2.035856
2.011053
2.030453
7.042372
7.042717
11.007935
2.027471
2.016251
2.023370
2.034953
6.010953
2.027033
2.009021
2.014051
2.025181
3.007569
4.045305
8.012665
2.032020
6.009967
13.015921
2.031749
3.011013
7.021030
4.023378
2.024628
6.029713
9.038153
7.006897
6.050700
6.009141
2.030743
2.039442
6.018448
2.009155
2.010001
8.038353
6.012785
7.043535
11.013198
7.027684
14.035958
14.007063
4.021597
9.031218
9.007308
5.015526
8.009054
6.019672
8.004403
14.017308
2.057926
6.006788
2.042738
7.006617
4.005196
2.065034
6.015616
5.006357
2.024702
8.009167
2.028480
6.021011
9.026688
6.026759
7.037539
14.034890
19.042978
6.059907
18.005496
2.033228
20.029068
2.014389
6.010812
2.061265
16.025132
2.014083
2.031824
5.045054
17.015881
2.020504
7.004583
8.020564
9.031621
10.007348
8.008915
6.000928
4.009441
2.026398
5.027666
2.056996
5.009707
9.009833
9.026133
14.023741
14.027001
6.012199
4.036925
13.007989
5.006837
4.026877
12.010681
2.064324
5.003692
13.007037
2.011399
2.048481
4.012105
2.030890
8.008195
9.021288
7.006797
28.012651
4.003792
2.018855
8.037489
14.031934
4.039521
2.053515
5.005385
5.034133
16.000928
6.006723
2.011225
4.009381
2.076415
9.022032
9.047144
9.042971
9.042063
6.018208
8.008149
2.020035
5.019160
5.009459
2.020716
6.013211
3.017966
14.018086
5.022877
5.076897
7.060764
9.018981
14.017940
8.003992
5.036568
4.041327
8.006877
2.021892
7.014195
24.006943
2.049635
3.026852
5.003712
4.006517
6.024340
8.006757
10.019543
6.009493
2.068029
9.015149
9.021242
14.013995
10.023598
7.004925
5.026880
9.044372
3.010335
10.024878
19.020417
9.010853
19.040741
12.006737
6.012991
19.016052
6.005565
3.010681
10.003852
7.017094
11.019731
4.025234
6.006517
2.015137
4.006457
2.041420
2.014704
6.021232
14.005030
3.008281
12.006657
14.007897
4.022190
4.007709
12.008081
5.011713
2.035967
10.020830
8.007097
11.006677
2.023537
2.011153
2.025967
2.015348
5.007017
3.010751
3.008721
6.006857
10.020999
6.006677
4.010253
6.005665
5.031549
13.003972
2.011533
4.006777
7.015342
18.007157
12.016162
7.043691
6.014755
15.009041
6.034741
8.008075
4.006937
5.044682
13.008429
7.000928
2.070317
8.007217
4.006597
4.006537
5.010319
10.006797
8.009795
6.008149
7.025784
9.027778
6.019632
9.007297
7.030669
9.009000
2.051607
8.007649
4.000928
2.030483
8.006957
7.004838
12.023004
9.048059
9.024276
9.027473
10.015315
3.032726
6.053616
8.008639
3.027521
14.030601
9.009181
2.023690
5.006697
1.037832
8.008575
2.025968
3.012517
4.008449
12.019910
3.030696
17.004032
2.043506
10.006917
5.017282
6.005405
12.037873
6.005405
5.030909
6.005745
7.027092
16.013658
6.006937
15.023956
9.018000
9.035634
9.029377
3.008189
17.007343
9.004898
2.033008
21.002520
2.027558
11.002780
7.030087
16.002700
2.049503
20.010913
3.030270
2.006591
5.007017
2.033032
7.011653
24.006030
2.027347
7.042629
3.020850
3.010007
22.004383
7.027762
5.036749
8.014075
2.026332
6.023802
8.006597
6.004603
8.042440
4.030125
13.008189
5.018734
8.008689
20.024652
7.006937
6.048380
5.020172
8.030851
6.013969
17.005910
3.018983
10.032960
34.022320
19.010067
8.006777
2.022628
6.006437
5.034790
20.016524
5.005325
2.066561
3.017085
1.023677
9.029072
6.000928
3.008329
8.006577
10.000928
2.021217
2.021040
11.007642
11.025230
9.017874
3.020166
5.038209
4.007969
8.019880
18.041226
3.008449
5.014803
3.019920
6.008639
4.008149
5.008309
4.009569
8.003972
10.009681
3.004032
2.030926
9.012225
5.012137
9.029893
14.010239
8.011130
5.019397
6.008749
4.016132
9.016677
6.005265
7.006637
4.016588
7.015502
9.022845
8.006897
2.029576
17.019425
6.022591
9.008909
7.029181
9.021538
9.031643
6.003552
6.006577
7.030117
5.008469
8.004444
2.064316
12.006797
3.021050
15.010471
6.047932
5.038429
8.011085
9.006010
9.020404
6.019734
4.020460
7.011377
6.010865
4.019414
7.016148
4.027436
3.003892
5.010086
4.012591
9.026388
9.020916
5.003632
9.006357
5.008315
2.052827
9.035524
10.042459
7.006257
5.025320
14.046909
5.019190
13.018293
9.031013
9.014243
2.035029
3.019540
8.005045
8.007668
3.019968
35.007746
4.043359
3.020446
5.035963
2.036831
6.063321
2.021339
3.021825
4.007097
23.004583
6.008915
16.016037
4.010147
7.008209
3.006070
3.009206
19.004303
3.005550
3.022500
6.003972
8.030649
14.013564
3.008901
5.008635
11.003992
9.008859
11.006497
10.021970
9.025606
3.003753
2.026921
7.033133
6.011313
3.030019
8.029343
7.008475
8.008789
5.008609
3.025220
4.008449
4.015223
6.006757
4.008289
5.039493
6.003532
7.042055
6.014694
8.004132
10.000928
12.017754
14.024320
15.005650
5.036531
6.006557
7.022270
5.011383
17.008112
9.006457
3.009513
3.005550
15.011783
3.003772
15.027467
4.016688
3.009255
20.005390
5.020010
4.005925
8.049284
5.015537
8.019064
3.005244
7.008189
17.007895
3.006937
2.002626
8.008935
8.012431
5.008129
3.006683
9.007728
4.026588
3.012843
2.004424
7.027643
3.017401
10.027292
2.019094
8.008515
22.009447
4.034428
19.014169
4.017114
4.026952
3.012007
5.028131
3.008549
3.008149
11.009806
8.009541
7.005125
17.011059
13.008209
1.035586
13.018540
15.015551
10.003652
12.015814
16.010227
4.004072
6.015622
6.006577
3.020275
4.029151
9.033052
5.030251
6.008269
4.008569
16.008949
7.006179
7.011031
8.015415
3.005724
7.006977
8.013623
3.013750
3.003792
8.014004
16.023028
6.003892
12.012439
3.009573
5.023737
14.016874
4.028125
3.016086
3.006597
2.015507
5.014451
3.018393
13.024664
5.008423
13.024882
2.020952
4.006737
8.006737
4.015371
6.016229
10.013989
7.007943
3.021329
4.014717
17.014049
9.010787
6.022056
8.002620
5.058460
12.008375
11.009461
8.005205
3.014689
2.019694
11.026819
13.008929
4.006677
6.003772
15.006476
5.004845
3.019549
4.005425
14.007217
2.069795
3.022044
7.006697
4.015119
2.038324
9.033281
16.004092
12.019642
4.014869
3.024090
2.006622
2.024109
9.017939
3.031092
4.003672
10.010833
19.031675
6.006337
4.007077
4.005385
7.029889
9.019280
4.037052
8.003872
5.023940
6.016496
7.008115
3.009921
9.016623
2.003798
11.004032
15.012751
4.022864
9.048819
4.015795
10.008373
3.010499
9.011027
14.007881
3.031773
2.015009
2.027323
7.006277
3.009508
8.006457
6.006797
12.004132
16.002520
4.011155
6.018727
3.014165
7.002286
3.010413
3.037524
14.008635
3.006597
5.036436
3.023222
2.009601
10.006697
6.015095
9.033107
9.007108
6.007929
18.004463
13.035480
4.020864
9.015922
6.006883
4.004112
12.037632
11.006937
4.046946
23.006777
3.019372
3.011233
5.020098
5.007147
3.038550
3.019931
6.005365
8.018374
3.034492
5.049751
4.045746
9.021900
9.011459
9.042548
8.006837
5.006903
4.012677
3.004438
2.004153
4.014585
6.003972
3.005405
3.024031
4.012499
12.014769
9.038681
9.049116
4.020678
9.013103
4.009773
3.015907
4.003574
10.028465
6.006337
4.007363
3.003126
3.011699
9.024761
8.009419
3.003672
11.009793
4.011125
3.028653
2.004738
7.035907
9.037929
6.006637
7.043704
9.024740
7.012453
4.006737
3.012310
7.013563
3.003506
10.012711
4.047994
11.006837
12.016588
9.019841
5.011639
5.005445
7.029715
9.026914
4.006963
4.030329
4.008600
4.016811
4.023708
6.002220
4.004418
42.012557
5.007808
3.009587
5.006897
8.011279
9.037409
10.003532
4.006657
4.018243
5.008049
4.014147
12.012143
5.003932
3.062034
9.039579
16.003932
12.005431
11.004463
7.032565
6.007057
12.015541
4.020698
4.019498
4.013766
16.003532
6.003632
5.015835
11.005665
7.025613
4.036326
15.021236
9.004990
13.012333
4.014215
3.003638
3.015291
11.027048
4.034227
14.033850
4.012629
4.024952
3.007336
7.009487
9.005711
3.010431
8.017779
6.005590
7.026510
9.023469
6.006717
7.028175
3.035569
6.013519
8.034355
9.037311
7.014277
9.006457
6.023224
5.005616
13.020785
9.017233
10.012110
3.019198
7.005564
11.031245
5.014450
13.025247
7.006010
7.002640
5.003938
7.022298
4.034535
4.010993
5.030983
13.018532
6.015609
7.016909
6.012445
4.011899
8.017380
8.032391
4.007820
4.049158
4.043013
4.008661
4.037510
10.026788
18.013577
14.035878
6.008929
12.005916
9.021696
12.023271
3.012807
7.020106
8.006257
10.004758
14.028473
6.008141
3.014971
9.004603
13.033907
11.005925
7.011991
6.004558
2.051116
12.016749
6.016814
9.006022
4.009647
4.031621
3.012039
5.030683
3.033715
10.047486
14.019009
3.005118
15.019938
10.003266
3.025238
10.014165
6.003952
11.023100
14.051104
5.007197
9.005365
3.020564
6.010247
8.009595
14.004583
13.029751
4.011979
4.030189
19.040883
9.026387
9.024114
9.014976
4.023603
4.014263
4.007289
3.023044
2.010113
3.009155
8.032704
14.002220
4.023286
6.007037
9.006235
4.010901
3.014953
13.033928
7.013077
4.015543
12.002220
8.012623
10.008770
7.006777
3.006957
8.005890
12.021510
9.008967
4.015462
20.010967
4.027232
16.006797
3.013817
3.044933
8.022988
6.009226
4.006689
4.006857
5.033183
4.016537
11.029101
15.004052
3.055189
11.024164
18.004623
9.011041
3.051692
17.003672
6.029108
9.026208
4.005491
4.003718
4.039845
9.024602
9.018011
9.013583
20.013159
8.012537
4.038852
11.003812
3.007363
3.050852
11.004052
4.016369
9.011313
4.003712
5.003652
3.017765
17.021904
9.015489
10.009261
4.008755
3.058172
13.007097
15.024112
6.020298
7.030571
9.025257
9.027151
19.017019
9.027573
7.007282
3.005570
7.022776
11.010807
7.008687
16.013993
5.012239
3.017983
10.004092
3.015247
7.021902
9.053313
22.010505
6.041835
14.013277
20.006899
13.022124
9.020825
12.006937
11.011019
6.006884
23.000928
8.033544
7.003732
4.004092
11.031608
15.006837
4.003070
13.019788
9.017019
4.016797
14.026503
4.022046
15.014777
6.010770
6.054358
8.006777
5.045683
14.017487
10.028439
8.021278
5.008355
9.007915
10.005745
5.004072
6.034121
4.030169
14.043924
15.009961
3.049381
14.031068
9.030183
16.005795
3.005485
8.017055
9.032181
19.050140
19.017879
14.015955
16.002946
14.010841
18.010247
