8.012101
13.014349
4.037624
4.019696
4.020758
4.022431
4.015913
14.019512
4.009847
9.017508
4.015143
4.013943
4.008755
4.026720
4.033362
4.030829
4.024360
5.012073
10.010050
7.012981
9.029376
5.000928
4.014531
3.028491
5.003572
4.000928
4.000928
8.009672
4.020427
5.000928
4.015073
8.010387
14.030550
5.018291
8.011479
5.013181
3.024652
4.024794
4.009481
4.050696
4.012449
4.017408
4.034430
4.012863
4.032006
4.015587
4.018208
4.024580
4.023430
4.014937
4.048035
4.017985
4.012571
4.047019
4.039792
4.005451
4.026219
4.006962
4.017227
5.000928
4.005861
9.004927
14.003552
3.016235
4.030145
19.011297
4.024741
4.035111
4.025042
4.037810
4.035811
4.039549
4.026067
4.032102
5.000928
3.016136
9.013131
6.015016
17.007567
9.035985
10.003752
9.003672
4.000928
3.018505
5.013453
4.000928
9.003992
3.022197
9.011039
9.013257
4.023772
5.004623
4.000928
4.000928
3.045317
4.012829
4.045438
4.033561
4.044286
4.008681
4.016441
4.022838
4.030183
4.011205
4.031596
4.016201
4.015421
4.015603
4.014935
4.007143
4.019758
14.027193
15.012826
8.016332
9.015123
5.007945
3.043146
9.002220
5.000928
4.009781
3.037722
10.003572
3.023225
9.007807
4.019591
9.008661
4.027433
9.014391
4.026020
4.032134
9.022703
5.012913
3.028333
5.012893
3.058503
9.005510
5.014379
3.017656
4.041811
4.008635
9.048551
10.000928
4.015411
4.006797
3.028958
4.035611
5.003972
3.037798
9.008941
4.031010
5.012941
3.018360
9.005470
4.010939
4.008832
5.005505
4.005205
8.006703
9.017128
4.013573
5.013093
13.020291
9.037881
5.009621
4.007883
4.014833
9.000928
3.034011
5.022485
3.019564
5.014393
3.027036
10.000928
3.023788
10.010786
3.014801
5.013873
3.027959
5.000928
9.003992
3.021086
4.023402
4.041469
9.010653
9.038485
11.003732
7.024280
4.010933
4.014383
4.013729
4.007375
4.015822
4.039787
4.023775
4.027558
4.011359
4.051973
4.009907
4.020829
4.004970
4.020066
4.005951
4.020349
4.033347
4.006862
4.007114
4.026967
4.025630
5.014933
9.000928
6.005935
6.022147
9.009366
14.010873
4.033468
10.003852
13.010644
9.014967
9.009795
20.000928
8.015077
11.004563
27.010639
9.038618
14.006768
4.018839
4.037782
9.010233
4.031123
14.015661
5.000928
8.012683
5.000928
4.000928
4.013631
4.000928
4.004423
3.026879
4.035821
4.017654
24.007302
5.000928
8.005151
4.048963
5.005345
13.014455
9.011291
9.023188
11.003972
7.026992
4.008341
4.005422
4.009719
4.013903
4.009673
4.054333
4.022090
4.031482
4.011439
4.053632
4.008775
4.030761
4.020212
4.024646
4.018405
4.043434
4.012711
4.005571
4.038343
4.006562
17.003952
2.024302
3.026971
4.015903
4.012871
4.013377
4.013211
7.008728
6.026833
4.015504
4.026446
12.011653
6.018926
4.034231
5.020186
3.024729
4.047765
4.021548
4.007103
4.037766
4.051938
4.022916
5.020066
4.021431
3.032549
4.030338
4.008687
4.015075
4.029583
10.003572
3.035924
5.024326
3.040385
4.007014
5.016422
3.032461
4.023688
4.021204
9.017974
4.011279
14.021416
4.046991
4.012817
4.013019
4.021496
4.012371
4.035657
4.008621
4.047025
4.033520
4.033260
4.012697
4.010565
4.035164
4.024554
4.022528
4.011951
4.025792
4.015609
4.041773
4.053120
10.014315
3.036399
4.020546
4.030304
4.016421
4.012671
4.016527
4.005116
4.035981
4.034989
19.023466
4.011497
4.052844
4.008521
4.007109
4.028498
4.007442
4.018467
5.018589
8.018605
4.006654
4.026395
4.005110
4.009607
4.017447
5.004530
3.031469
4.009527
4.011005
4.006763
15.004112
5.004072
8.008649
4.015777
3.048855
4.026916
4.013403
4.012923
4.015343
4.046950
4.011505
4.033253
4.013337
4.017094
4.020646
4.022950
4.010347
4.019227
4.005490
4.019000
4.030224
11.003792
7.009361
4.012977
4.016781
4.062943
4.028422
5.000928
3.020950
4.051904
4.033351
10.007203
3.031747
4.010867
4.052609
4.057128
4.021378
4.030532
4.011059
4.036321
4.005491
4.055555
4.008567
4.040637
14.020751
4.035448
4.016475
4.036627
4.025448
4.012357
4.036675
4.026160
4.021604
4.013803
4.009707
4.010733
4.022596
4.015936
4.016247
11.000928
17.007577
4.016968
4.014724
4.006502
10.003552
8.005882
5.013613
3.019112
4.016672
4.031169
4.018834
4.016277
4.028058
4.005096
10.017445
3.042654
4.024244
14.005656
5.014933
3.043934
4.027749
4.016821
4.022875
4.016785
4.005611
4.026557
4.022772
4.011439
15.007003
3.038289
4.031928
4.020710
4.037774
4.014969
9.012629
4.026372
14.025080
4.015799
4.014149
4.026592
4.007083
4.031903
4.013169
4.038981
4.019466
4.009809
4.032939
4.027761
4.021396
4.015257
19.034838
5.016845
3.020664
4.011365
4.034647
4.011999
4.022346
4.014243
4.011783
4.020656
4.034255
4.022152
5.021061
3.030315
4.023442
4.036219
4.041100
4.039516
5.032776
3.046643
4.024874
4.024574
4.038778
4.017330
4.028651
4.026894
4.026574
4.033453
4.008592
5.017719
8.008641
4.015955
4.008106
4.048838
4.015963
4.029036
5.008927
8.005671
4.016752
5.007997
3.043074
4.009141
4.009807
4.023188
4.032680
4.050402
4.030958
4.044933
15.003932
3.038444
14.016846
4.028507
4.014775
4.025787
4.013017
4.020320
4.043425
5.004643
3.046486
4.050758
4.046671
4.012503
6.012557
7.037007
4.016994
4.024666
4.026834
4.055607
5.011649
4.014723
3.033235
4.039544
4.025462
5.010807
3.026349
4.018825
4.024826
4.012651
4.010693
10.003772
4.011645
4.011513
3.043662
4.038758
4.019533
4.046880
4.026332
4.024256
4.024578
4.027424
4.020910
4.028009
5.013241
3.031979
4.029538
4.034459
4.028952
4.037548
4.006968
4.017314
4.024082
4.011707
4.013157
4.037683
4.037281
4.035994
4.031078
4.024544
4.008307
4.052947
4.012789
4.019740
4.054732
4.011625
4.047088
4.032725
4.039942
5.003833
4.014201
3.044809
4.037959
4.042545
6.003692
3.022462
8.026038
4.017493
4.020596
4.028924
5.023998
4.009873
3.035438
4.013067
4.008467
4.008095
4.014095
4.032613
4.014869
4.029797
4.046892
4.049327
4.021091
9.018732
4.010824
4.014842
19.042840
4.034519
4.008760
9.038992
5.008369
8.022274
4.016541
4.037480
4.082379
4.014323
4.032907
4.024049
4.035760
4.017459
4.028800
4.032937
4.045341
4.028902
4.026198
4.019144
4.044464
4.040656
5.011139
8.028012
4.035856
4.016561
9.035741
4.041863
4.023363
9.005071
4.020338
4.012895
4.029530
4.015502
4.011399
4.015173
4.020298
15.007571
4.020539
13.017026
4.046050
4.038889
4.026874
9.025844
4.011317
4.035446
4.037405
5.004402
3.041574
4.010507
11.003672
7.017645
11.000928
5.000928
12.013933
8.011407
10.004012
3.028292
4.048328
4.039284
5.022270
3.035594
9.020339
4.028727
4.020018
4.044779
4.015515
4.036103
4.010926
9.041347
5.004945
19.004092
8.019792
4.026686
4.029205
5.012353
3.028439
9.045566
4.026522
4.039277
4.042199
5.000928
4.010853
3.022422
4.025839
4.013371
4.013691
4.037425
4.014403
4.031355
4.022757
4.030165
4.021842
5.005485
3.044975
4.049048
4.010983
4.038503
11.000928
13.004193
4.007197
8.047192
11.003972
9.000928
12.014773
5.021304
4.012593
8.023063
7.005525
6.009059
14.043044
10.007387
5.003992
8.000928
8.002220
4.008995
4.012035
9.024776
4.008595
4.034103
4.024674
4.012451
4.023086
4.038288
4.026867
4.011445
9.006988
4.019518
5.005385
3.027591
4.009135
4.015548
5.021699
3.054731
9.031419
4.019670
10.000928
3.017605
4.009407
9.022770
4.029656
4.031369
5.012765
13.020356
5.014365
4.004426
3.041867
4.020693
5.010219
4.005505
3.052141
9.002220
4.022612
4.030601
4.040513
4.033148
4.025138
4.021728
5.017257
4.015373
3.036296
9.008841
4.012165
4.040805
4.050258
9.005470
5.000928
14.010171
8.008801
4.031342
4.027769
4.039749
9.025864
4.025707
4.037271
9.008221
6.005585
7.017834
4.034626
14.015813
14.025488
10.003972
13.015274
4.032719
4.005271
4.036457
15.003812
8.015367
4.025216
4.040031
6.004052
7.027151
5.000928
8.031314
5.004646
3.039213
4.028581
4.040998
4.023258
4.023386
4.038922
9.032456
4.021510
19.020428
4.019103
4.021930
9.017379
4.011487
4.019426
6.003692
15.004052
4.005805
11.031365
4.048261
5.000928
8.006543
4.027371
4.043043
4.031687
4.017439
15.000928
3.038229
5.011523
4.005025
4.000928
3.034072
4.025739
4.016361
4.027125
9.011399
4.037147
9.033350
4.007323
5.014407
3.048876
6.000928
5.002220
6.006702
9.018308
5.005564
3.028049
9.041353
15.004263
4.006948
4.014533
4.004865
4.010267
13.011079
5.010813
3.028914
4.040946
9.014421
10.000928
8.013757
4.021982
10.005997
3.037212
5.005145
8.017805
5.000928
9.000928
4.006857
9.004012
4.015113
4.000928
3.030797
6.003632
22.008601
4.053765
4.031092
4.010425
5.017471
8.010635
4.022964
9.019534
4.026564
4.046957
5.003552
8.022218
4.013441
4.036316
4.047074
4.017365
4.025892
4.027992
4.025858
5.014413
4.004522
14.010057
8.019530
4.032971
9.034710
4.026087
4.005450
5.014773
3.037920
5.005105
8.009246
5.000928
9.003932
4.004805
8.009459
9.005470
4.025694
6.004242
8.003772
4.010870
4.015289
10.000928
7.027824
9.040988
9.020592
4.033937
4.020605
5.000928
10.000928
7.011419
4.019714
4.006842
20.000928
4.000928
3.030967
19.021442
15.009587
9.000928
5.003532
7.032479
4.022196
9.027230
9.021142
5.019791
8.014029
4.049678
4.027180
4.021624
4.023728
9.020786
9.010855
14.046068
9.028466
9.033034
4.016441
4.032475
9.005410
4.020038
9.032757
9.022957
4.034492
9.040850
9.013239
4.020510
4.012497
4.015316
5.016363
3.039069
4.040527
4.018702
5.017377
9.000928
8.010532
4.025639
14.031304
14.024560
4.052537
25.004905
8.023196
4.048340
4.013457
4.013053
9.018324
15.003892
8.005396
9.036119
20.005345
8.012513
4.016841
9.005010
4.042712
4.037573
4.043684
4.020092
9.007003
9.042901
8.000928
9.003812
15.014569
8.003952
21.006005
8.009099
4.033783
4.033363
14.005390
4.015308
4.020186
4.035386
5.006697
13.013809
9.041957
9.023942
5.012021
9.014145
8.026668
14.014235
4.019878
11.006010
6.003632
10.014223
4.031386
5.013519
4.011403
9.000928
5.003792
9.005185
3.009861
8.035641
9.006763
4.011977
4.026026
4.021618
4.032768
4.014961
4.031507
9.005490
5.000928
3.042873
9.053347
4.021856
5.012243
16.003692
11.033166
4.028374
4.030433
5.010061
8.013529
20.000928
3.024394
19.012785
5.006557
3.031578
4.016548
4.012651
5.005105
8.022504
4.032877
5.010373
4.005025
3.022563
9.053269
5.014121
8.006762
4.034117
6.000928
8.000928
13.008355
4.033068
10.004826
3.023674
10.012533
9.003952
8.011025
4.040125
9.009667
9.021322
10.004905
8.007189
5.008569
13.007462
16.004112
9.004746
12.012439
10.003992
9.000928
9.008089
3.025942
18.003652
5.027959
15.000928
13.011165
9.022655
20.003972
13.024714
4.018570
5.000928
8.011179
4.057244
14.020261
4.028541
4.019724
9.013129
4.013257
5.014915
13.006903
5.006543
9.007827
9.004092
9.003652
8.031047
6.000928
5.003872
17.000928
12.000928
46.003812
5.003652
8.003952
6.003932
6.021693
12.004012
6.018661
5.000928
4.008535
8.025672
14.016234
4.040455
4.024648
9.015164
6.009993
13.006617
8.007583
7.000928
8.002142
14.003792
22.006742
4.052867
5.009453
4.019651
9.003712
14.003672
13.024166
4.027378
19.003958
10.004482
21.002246
28.004662
27.030284
34.027594
29.012931
19.026848
4.042994
10.013779
8.037854
4.045291
19.022076
20.003732
8.028860
5.000928
10.000928
3.000928
8.021716
5.011487
8.036599
5.008649
15.000928
13.003146
4.019581
26.000928
16.036941
6.003832
6.000928
10.047391
