108.006095
8.017063
4.043436
5.004183
14.003652
4.005645
4.008923
4.005045
8.021403
9.011959
10.003812
3.031674
5.017031
13.010001
3.010761
12.006637
8.003872
9.018691
3.025979
5.013733
4.014933
3.026802
4.018268
3.010421
10.015035
9.011819
5.012493
3.025828
5.013493
4.022231
3.035982
5.012473
3.039009
4.022554
3.010081
5.015835
5.005285
4.028909
4.006957
3.019551
14.030025
14.005836
14.011359
4.013091
4.024987
29.007549
14.008621
5.017713
4.012533
3.036743
10.003712
3.016803
3.008629
21.003612
8.043793
9.042278
3.009781
8.010121
3.009101
8.003792
4.009481
3.026815
9.008761
5.019511
3.026521
9.014049
9.017805
4.032796
3.010321
2.009621
7.029663
3.010261
7.005885
3.014143
3.029282
9.015629
15.003892
3.036576
5.012633
4.013893
3.038180
3.009621
10.016989
3.010541
15.006351
3.009541
10.039653
3.010421
2.046426
7.024667
9.010513
4.020532
4.019691
9.008295
9.006962
10.003892
3.036714
10.003992
8.008595
5.015933
3.036701
4.020172
4.034115
5.004965
3.022323
3.009621
11.018411
9.003572
8.021312
4.012431
9.031411
5.005065
3.028634
5.022371
3.025241
4.021347
9.008875
4.018939
5.006817
13.022080
5.003749
8.007043
11.003772
17.009893
14.012591
5.015893
13.008755
9.030198
5.005305
8.023221
5.013113
13.011450
5.003858
4.021419
13.028915
3.010001
12.041398
3.010541
3.024910
3.010101
17.010021
7.011005
10.003632
8.007242
9.012387
10.002760
3.030565
14.005350
4.025635
4.020844
4.011185
14.015357
10.003952
4.008003
9.003832
4.012233
8.017242
4.038178
4.027821
5.005085
3.025847
3.009921
6.012173
3.047297
4.034762
4.040700
4.036900
4.037056
4.046154
4.043614
4.023276
4.024188
4.017819
4.025435
9.032825
4.037596
4.003944
9.035940
4.024741
4.016480
4.026032
4.017361
4.041102
3.009521
7.018028
12.039595
4.027929
4.021883
4.040464
4.023999
3.009381
5.046849
9.023658
5.016231
18.018111
3.009561
13.009621
3.006045
12.011699
11.003872
8.002700
3.026902
9.018642
4.012759
3.010481
7.005725
13.003532
8.006882
4.042616
3.010721
10.028116
5.007057
5.004865
7.018772
4.060431
4.034784
9.002220
6.014740
3.015693
3.052471
5.008303
3.041882
9.040872
9.023755
3.009681
16.005605
3.042233
4.042277
10.011379
4.017089
3.024421
5.021883
3.018319
5.006817
3.019060
3.009381
11.003952
4.005781
4.012813
3.053668
9.002220
9.005531
3.009141
46.003592
9.003972
8.040672
10.003752
3.021804
9.022073
3.010551
10.007062
7.005425
12.005910
3.044830
14.009395
5.005365
13.009927
4.034587
5.016095
4.006597
8.007062
9.014129
5.000928
8.042759
4.013498
4.028013
3.009961
2.060678
3.005185
4.005465
3.044692
10.004112
3.013875
5.007723
3.020023
6.005885
4.005825
3.013784
3.029571
5.013413
3.036358
5.014013
3.016599
5.006797
3.028945
9.006090
7.012003
3.007885
7.027679
5.013993
4.030261
3.018614
3.010821
3.009461
6.026006
5.016993
3.038758
5.014493
13.028935
4.054748
4.030316
4.023223
5.005185
4.012713
3.041705
14.022180
9.033144
9.005836
4.026851
9.015063
6.005545
13.003692
3.040596
4.028406
4.049946
9.015713
4.014707
5.012183
3.046569
4.032270
9.006682
4.053120
5.006317
4.011513
3.031758
9.009087
5.024611
4.009975
4.015953
3.043424
4.014484
4.041847
4.031859
9.024764
9.029919
5.005205
3.020727
4.052856
4.015747
3.038216
5.008515
4.005245
8.009987
7.003912
8.012467
8.005205
4.005835
3.045487
4.034122
4.035868
6.005585
7.013889
4.020291
4.015687
5.013293
3.031070
5.013073
3.039923
9.028363
19.029120
5.006937
4.005625
4.003809
3.050308
9.029490
5.011705
3.024676
6.005705
7.008375
5.014593
3.022430
5.006697
4.004945
13.025501
9.031631
9.010287
4.014955
4.025687
9.006251
10.002380
3.038409
4.009672
9.007003
5.016433
3.040500
10.003532
8.005710
5.008183
3.027753
5.013273
5.005845
13.006150
3.020810
9.016896
5.005145
3.044877
10.008191
3.047765
10.003652
18.008595
4.020051
10.004012
4.013593
5.004945
12.017575
5.013863
3.034554
4.028642
4.024540
4.025043
4.024296
4.021258
4.020294
5.015579
4.004925
4.011381
3.019517
4.009347
5.016893
3.023816
9.034023
4.005596
9.033750
4.033688
5.015371
3.026126
4.031212
4.034018
4.037588
6.005605
7.055589
9.013943
5.007137
3.041657
4.032893
4.027768
5.013783
5.005405
8.005225
5.005725
7.033174
10.005131
18.009035
4.028445
4.019666
4.018576
4.015289
4.020051
5.022571
18.009707
4.015649
5.023711
3.034494
4.041810
6.005285
7.016687
4.026524
9.008241
5.015431
4.019051
3.027787
16.005165
7.009973
4.017728
4.039394
4.027605
4.037258
4.012663
5.008517
3.043083
14.014378
4.018906
5.015073
3.031637
9.015537
4.042215
4.034248
5.007923
3.047002
10.003852
9.014183
3.016507
4.006969
14.013883
10.003652
3.036415
4.032669
9.007462
4.020315
4.026873
15.005565
5.005745
7.032549
4.025008
4.007003
5.005445
3.039951
14.006262
4.027361
6.005445
7.041564
4.031250
4.022355
4.023782
10.003892
3.044483
19.041453
6.005345
8.006464
3.043321
4.035454
5.010713
3.029257
9.006708
4.006709
5.014933
3.043407
4.024615
10.003693
3.045434
15.004132
3.044860
24.039221
10.003792
8.010013
4.024901
4.011445
29.014261
4.015729
5.011901
3.040182
4.044206
15.003652
8.043866
5.000928
3.028989
4.041906
4.034143
4.022222
6.005685
8.003852
3.035578
24.033407
9.008895
4.029523
9.013083
4.008415
4.044212
4.036917
10.003712
8.045884
9.055710
15.003972
8.008541
5.003893
8.008161
5.010593
4.017509
18.037427
4.012872
4.019231
14.039611
9.069581
4.028871
10.003572
3.043820
5.009501
8.044372
4.045239
4.010879
4.025718
9.007593
4.009767
5.004945
9.003532
3.026379
4.028823
4.038132
14.020770
4.027566
15.009269
78.025695
4.023697
5.005345
5.004583
3.019662
3.037321
9.026567
5.005625
19.007943
3.034278
24.026134
5.013744
3.031608
4.029819
4.019837
31.009593
8.005265
3.037622
6.009931
4.005505
13.005737
4.021684
3.025139
5.028546
8.049218
5.006136
4.009593
8.032705
5.004582
3.027806
19.011696
4.033012
4.013418
6.002700
7.031417
6.005325
7.034532
4.018380
4.023704
9.033289
5.013633
14.003992
3.022528
4.021630
9.041504
6.002260
4.003652
13.003772
9.003752
3.029062
17.003792
16.016524
5.007983
3.027773
4.013743
29.017126
7.003592
7.005879
6.003932
11.022240
4.017677
4.028667
4.035064
4.033703
4.035544
4.026396
5.016193
5.004013
12.008675
4.028713
4.015716
20.006190
8.008221
4.023162
5.006637
3.035180
9.033755
15.007197
3.067223
4.045495
4.035660
4.036763
4.023114
5.015193
8.021484
14.025147
4.048137
24.033913
5.014243
4.006537
8.006602
4.037066
19.040313
4.009827
7.000928
6.015765
6.005485
7.015061
4.050120
14.014249
6.003612
12.010507
4.035280
6.005325
4.005305
12.005890
4.018839
20.018158
4.014273
3.032054
7.003912
6.017406
17.014414
4.011150
7.000928
3.041514
7.005365
6.033397
10.004622
5.005045
7.026433
4.032796
4.044783
11.009929
5.003612
11.020693
9.015463
4.032663
7.003752
8.002700
17.015421
7.003952
3.005825
4.004032
8.002700
5.005625
9.002720
12.024370
5.007629
8.007582
4.024481
5.013073
4.015873
9.023551
8.013964
4.034111
29.018420
10.002500
3.032078
15.005705
3.021520
20.004052
3.043029
15.003829
18.037457
4.027618
31.003652
3.015489
18.047869
6.012150
2.065840
24.041205
7.003772
11.028153
4.042894
4.011879
15.003912
10.012081
5.003652
22.003798
25.002540
4.002300
7.038249
4.023195
9.036105
16.006525
3.009647
9.004132
3.021444
9.005751
9.011519
9.008861
5.012741
3.027997
12.003612
8.002840
5.002300
6.043215
4.024943
9.038187
6.002300
4.002760
5.005765
16.010133
4.028786
7.003778
18.005245
13.003812
4.017393
3.047645
5.002800
3.007881
4.037747
12.003932
6.016007
24.014661
4.014151
4.034105
12.003572
7.012405
3.047020
5.015571
11.003792
6.022284
25.011820
16.004092
16.008615
4.025893
4.019991
16.005365
7.008361
7.002640
13.003070
3.019046
9.014003
3.039561
11.003752
10.004112
21.015942
9.008687
7.003932
9.003892
11.026441
4.029444
9.019772
4.041220
10.005625
8.015116
4.030927
32.003932
6.025927
4.024895
7.003632
17.003692
3.018339
4.022441
16.003652
7.030752
9.020216
4.036016
19.007383
4.015522
15.002820
3.033473
9.009953
10.004323
13.034196
5.008123
33.024317
10.003572
10.004049
7.029890
9.047325
4.035719
9.013391
9.031530
24.021778
4.011119
12.003552
17.002260
3.046522
6.003180
7.026782
7.003852
12.005645
10.006075
13.003632
3.036872
13.005565
5.019603
4.022506
4.041007
12.004112
9.003712
8.003872
8.004058
11.003972
11.009341
39.044495
4.018579
11.016873
5.003612
21.008408
4.033232
9.025005
12.003972
17.003552
8.020677
4.027565
15.012849
5.004052
7.049439
6.006483
7.014703
6.005525
5.004092
6.019546
12.003678
11.008954
34.023988
27.003932
7.005595
8.035101
4.022797
14.016534
4.045175
10.011399
5.005865
4.003632
7.019792
6.005365
8.003533
8.011259
29.014709
14.006803
6.008305
12.006962
4.044137
21.003852
3.004945
3.025225
4.038140
9.033673
4.051381
19.024388
9.015617
17.003692
4.003952
12.003792
6.003678
14.003852
6.038088
19.005711
7.003712
6.025561
9.025268
4.036187
9.011679
15.003692
8.033431
6.004072
7.027180
10.003752
6.007950
11.013197
7.003952
14.003932
8.002340
13.003692
6.003852
11.023702
19.007243
7.003792
16.036406
10.002620
5.002320
7.022683
5.010585
6.003812
12.002506
8.026053
14.042556
9.011879
6.003912
7.028186
9.020704
14.015981
9.028967
9.016748
6.011245
10.003852
12.003552
3.039404
33.005230
15.011859
7.003912
11.012655
4.024974
9.011239
10.012873
10.004112
12.006722
14.015302
11.003612
7.053282
9.016086
9.027992
29.025279
14.031849
4.027779
9.033644
11.005945
7.032203
29.048603
7.003912
16.027472
4.041191
12.003572
14.003532
12.007903
3.026487
10.009467
3.025976
7.004012
7.004113
6.004072
7.003812
13.011485
7.003712
8.002560
7.007741
12.004052
6.022365
29.024828
10.005830
9.004012
13.012451
10.003712
15.004623
9.003772
7.020638
29.006230
6.003732
14.002600
5.004032
9.003812
12.003632
4.000928
3.047109
21.004072
7.018599
7.003992
