108.005037
4.000928
5.000928
14.000928
8.017043
5.009341
8.000928
13.018348
9.030017
9.034807
5.002680
4.005330
5.002780
8.017513
4.000928
5.000928
8.004546
8.030052
5.011179
4.000928
5.002600
8.013611
4.008089
4.002500
4.000928
8.022450
9.032745
5.014003
4.002380
13.030186
9.029540
9.022337
9.028711
6.014128
3.018492
13.031891
6.012205
5.000928
3.007989
8.000928
8.019427
14.030575
5.008149
5.010813
4.000928
8.000928
6.000928
2.008835
4.006994
13.046427
6.028023
10.011613
3.013402
12.027319
5.008349
4.011595
8.018492
9.027698
5.003773
8.018101
5.002360
9.014777
11.004583
7.010953
8.027953
3.018111
11.005105
4.000928
5.000928
3.008269
4.002300
8.032919
5.000928
8.026654
5.012497
4.002320
4.002500
3.025409
5.008469
4.002380
8.026993
9.017287
4.041765
9.044936
31.002930
12.026047
5.013843
4.000928
4.002420
5.000928
8.009109
5.000928
4.002320
12.017594
5.026040
4.000928
4.000928
4.015136
9.004333
9.005976
8.008335
6.000928
7.047116
5.000928
9.000928
4.002620
8.054083
6.000928
7.042528
5.000928
5.002540
3.002280
4.014710
3.035947
5.000928
4.011213
8.020249
13.015145
17.017680
3.004553
8.028670
5.000928
4.003673
3.029639
5.015649
3.027646
11.002420
12.026733
5.005725
9.015840
9.000928
4.000928
4.008749
4.013733
4.000928
13.033405
9.026835
5.002740
3.048434
10.007889
14.000928
4.000928
9.002340
4.000928
4.007711
4.004891
8.040926
6.011833
8.003698
8.051767
6.005045
4.013578
9.002440
12.016335
5.000928
4.005884
4.008961
5.013297
7.011699
11.004112
4.013397
12.028979
9.033461
9.026866
4.019598
4.016607
4.014063
3.013186
8.004916
3.015056
4.011159
5.000928
11.028265
3.012766
4.015576
4.000928
8.004018
17.006677
3.039755
4.018268
5.000928
3.028168
9.034347
5.005676
3.034365
6.012765
14.000928
13.000928
4.000928
4.007989
8.037268
5.000928
8.007508
9.022600
6.002700
3.014476
5.009301
8.007147
4.007707
3.041021
6.000928
4.002300
4.002460
13.007407
4.000928
4.000928
3.031235
9.009119
7.000928
13.012386
4.003993
4.000928
9.013457
7.038949
4.032871
9.010399
5.000928
3.030658
7.017042
2.012765
3.026260
5.000928
4.007147
4.000928
4.003972
4.006962
4.000928
8.019572
5.002560
8.044051
10.000928
8.047746
11.003712
4.011383
4.006302
4.000928
12.012563
4.021488
5.005211
3.022816
4.032462
5.000928
8.025767
6.006497
9.002660
8.003532
4.005245
4.000928
3.052907
3.016823
10.022416
11.000928
4.004058
8.000928
4.000928
3.051222
4.009083
4.027797
4.015476
4.075256
4.007343
14.020178
9.016261
4.011167
10.000928
3.043668
4.063338
4.009186
3.010894
20.032200
4.025809
7.000928
3.000928
4.008289
4.002700
7.024608
9.007189
9.030303
5.009061
8.038556
4.050146
9.020012
5.008455
6.012345
11.010387
5.002500
14.015301
4.003612
4.000928
4.000928
5.011979
7.010577
4.019813
4.017740
5.003992
8.025372
4.032161
6.002500
8.014264
8.025022
4.025142
4.009807
9.015521
6.000928
3.009161
9.009561
5.000928
12.045758
9.024673
6.009201
4.000928
7.021384
6.002400
12.054510
4.016828
9.012831
4.032095
15.000928
8.028387
5.010561
8.038532
6.002480
4.000928
7.036439
4.060232
6.000928
3.004233
4.012685
4.005675
8.025748
5.000928
4.002480
4.004072
10.014197
5.009701
6.015169
4.029483
9.015785
5.000928
5.000928
4.010631
12.036556
9.041726
9.045880
4.036917
5.008429
8.025866
4.029957
9.041887
4.036951
4.033109
9.010685
7.012063
6.030677
5.000928
4.006737
4.014852
3.019355
9.018666
5.011453
5.002480
10.000928
11.014203
4.008135
4.018512
4.012717
9.034291
9.034027
4.050958
5.011139
3.044867
5.004324
4.000928
8.018432
5.000928
4.000928
5.000928
8.005716
8.035399
9.020957
4.032776
4.016928
5.000928
8.015167
25.018139
4.006130
8.042904
4.013643
9.014743
4.011793
5.004112
8.034049
9.040607
4.011571
4.024025
9.030443
9.018388
5.010813
3.031916
4.016974
6.000928
12.012197
6.018136
4.005130
4.018818
5.007849
4.009847
4.006737
4.010641
13.008089
13.008335
4.007096
13.023856
4.043542
4.026929
14.017034
4.020438
4.045365
4.037224
5.004603
4.000928
4.015215
4.000928
11.004363
16.002220
5.010893
3.041038
4.012991
9.030441
9.037237
6.000928
9.006257
3.012425
8.021490
4.032183
4.027004
4.017968
9.007608
15.003326
3.036642
6.005656
4.000928
7.018066
4.058758
4.013243
5.002720
3.044099
5.015550
4.000928
3.055779
10.000928
4.000928
3.043612
4.023380
9.011979
5.004643
3.030854
9.027898
4.025472
9.019378
4.040143
4.015334
5.002600
3.049820
4.044228
5.000928
5.000928
12.020970
9.008507
5.005291
8.044420
14.011345
5.008215
8.010173
4.034707
4.030850
5.013311
8.037985
9.022055
4.035564
4.017785
4.042478
9.037796
5.009221
4.006656
4.000928
4.000928
4.000928
8.031205
9.027688
4.019198
4.041076
4.037787
19.009693
9.031420
4.012997
6.012533
4.002260
8.006736
8.029831
4.011559
5.014385
8.029219
7.009881
4.005510
6.016773
4.053400
9.020178
4.031001
5.000928
8.012657
6.011393
8.006883
8.034774
4.022437
19.031635
9.020884
9.015575
20.011919
8.017276
4.044947
4.040385
4.042930
10.008394
9.005387
13.012721
9.029120
4.048032
24.048673
9.042698
4.026030
6.000928
8.000928
8.008155
4.026992
4.006963
9.029292
4.009767
9.010817
4.016630
5.000928
4.000928
8.038661
4.018009
9.021627
4.030898
5.002340
8.023223
4.026002
4.030651
9.039076
5.004143
8.031941
4.043251
4.034419
4.009793
4.045319
4.013323
7.005665
6.019052
10.015530
11.009301
11.025115
14.008613
11.000928
9.012171
7.013217
5.002600
4.000928
8.043013
5.004663
6.003114
4.009721
3.000928
8.000928
8.018352
4.046197
4.040573
5.000928
8.025109
4.025129
6.000928
5.008275
6.009733
9.021710
6.000928
17.043469
4.009237
4.011125
4.031769
4.024574
5.000928
8.017554
9.025711
4.017999
4.010911
4.025134
4.015681
9.037319
9.025315
8.031212
4.007709
15.014350
4.026916
5.000928
4.006276
4.008709
4.011463
4.008181
8.012405
4.015382
4.036172
4.035767
9.014469
4.020916
5.014635
3.026493
9.060885
4.056780
4.035451
4.053385
5.008109
8.020504
4.029651
9.041812
10.004663
4.009721
4.007621
4.000928
9.000928
4.009083
3.029033
4.022236
5.000928
3.036315
5.000928
4.008469
4.000928
13.018738
7.000928
6.023674
4.032413
9.029049
5.000928
4.018000
5.002446
12.034495
7.000928
6.007467
15.000928
8.010919
4.014669
9.005636
6.000928
8.000928
8.029854
4.062211
5.000928
4.000928
8.032200
5.004063
3.026893
4.042123
9.034505
5.013781
3.046489
6.006837
5.000928
12.002260
5.000928
4.007915
3.003718
8.026198
5.004512
4.000928
4.004905
3.029218
4.041807
4.024373
4.029381
5.008327
9.004523
3.042495
4.029630
9.058256
9.021004
4.025342
4.016694
4.027144
4.029869
4.026075
9.016575
4.056156
5.000928
9.009029
4.000928
5.022782
5.000928
11.007042
4.021784
5.000928
9.015771
8.051057
4.011081
4.021210
9.007083
4.048848
9.015549
9.015576
5.023762
8.005270
6.009541
4.005085
5.010873
12.008135
4.005070
8.022614
4.018291
4.021730
4.019040
4.031807
6.000928
4.000928
12.021891
4.044665
9.007595
4.041607
7.004945
3.005165
8.000928
4.002286
8.044451
4.026620
4.037788
9.011139
9.025108
4.034387
9.038260
4.025335
4.032177
9.027930
9.045660
5.011965
5.000928
7.026484
4.036126
5.007889
5.008255
4.004945
4.007989
13.000928
4.012986
8.015975
4.011199
6.004925
7.025685
4.037447
9.035904
14.019954
4.031003
4.016715
5.002280
3.038944
6.006717
17.019472
4.027931
4.043147
10.016187
3.052029
4.031875
12.000928
11.018511
4.023821
10.000928
3.050944
4.026763
9.008869
5.004603
8.028183
9.034711
4.015195
4.037440
4.027345
4.028271
4.040479
4.025120
9.056295
4.053648
4.016134
14.039098
9.023020
6.006717
9.008839
3.000928
9.004463
8.042159
9.021864
5.003952
8.023462
4.057549
4.035890
4.022697
4.042886
5.002420
3.051750
10.002286
8.008582
4.028697
5.000928
3.028141
4.029538
9.033386
4.026719
9.022562
4.024224
6.007276
8.000928
3.038358
9.015594
9.016148
4.032451
10.004143
5.006396
4.011039
7.018648
4.012537
9.008087
9.056850
9.033933
6.006843
3.000928
4.007016
9.000928
8.050379
24.007841
6.000928
10.004583
8.010015
7.026172
4.038625
4.027796
4.021650
4.025673
9.028638
15.005487
8.027312
10.000928
4.000928
5.003612
5.000928
6.012253
14.033952
4.021537
4.042133
16.009385
7.041313
9.029245
4.037461
11.000928
12.032981
9.010167
9.029173
4.022380
5.015075
4.000928
3.030264
4.032791
4.027759
4.039313
4.046103
4.049999
9.015235
15.000928
8.027045
5.000928
8.047088
9.013011
7.000928
6.024288
4.034667
9.025166
4.021610
4.025860
9.015627
6.008150
6.000928
26.009473
13.028541
9.005510
4.046574
9.030943
15.000928
3.040720
4.035242
4.035827
14.027897
9.032493
14.047779
9.033600
6.005815
6.000928
10.030317
44.016015
5.000928
3.012941
4.049529
9.002220
12.004203
16.036054
5.004550
8.017420
13.012585
35.008755
34.018266
9.020291
4.018298
16.004323
8.000928
20.005304
4.019392
5.000928
7.000928
13.013413
5.000928
10.007136
13.013261
8.012997
4.032598
9.045301
7.004583
6.026425
10.003692
25.010493
22.041365
15.004103
8.038998
5.003692
6.000928
21.032061
5.000928
3.025094
4.042588
9.053203
5.012553
5.006757
4.000928
7.017540
5.004198
3.047358
6.000928
9.000928
6.000928
5.042663
4.032901
16.019100
6.000928
6.004263
8.026842
9.015916
4.035515
12.009727
16.008635
9.030290
5.003898
6.000928
6.014335
7.000928
5.017268
10.029154
4.009467
10.004403
13.017380
9.051391
6.003652
8.000928
10.010007
12.016999
4.029698
5.004267
8.057845
4.025412
5.000928
8.008467
4.058787
5.002506
8.014830
9.010173
14.021483
14.014130
4.061940
9.022927
5.003832
6.006337
9.000928
6.004984
4.033744
4.028692
9.003658
9.017941
9.010185
4.049992
6.006597
7.030922
9.038501
9.014709
14.025599
13.000928
16.004223
5.002820
12.025687
10.002446
8.020980
6.000928
6.000928
10.009400
8.000928
15.030677
14.013544
9.020624
5.006457
4.005325
4.012638
9.012920
4.010799
4.007489
14.004283
3.035875
6.002520
9.003572
4.011365
17.019652
6.005405
12.024729
14.029515
23.000928
8.000928
8.000928
12.027190
5.007176
23.012191
19.033572
4.054304
14.011233
20.005735
3.026760
16.000928
8.004203
9.010320
13.033858
4.025066
16.000928
22.015851
9.022224
4.036284
9.032541
9.032680
14.029108
5.002506
7.008789
10.013951
15.000928
8.051409
6.006336
8.000928
9.002446
19.005124
9.005245
4.006896
13.020766
10.007787
4.000928
8.039946
4.028751
15.000928
14.000928
23.054521
9.023922
9.046992
12.000928
17.004483
9.003532
8.015843
14.008475
6.000928
17.033083
14.011591
24.011705
9.040181
19.018301
9.022186
9.035099
9.028584
14.034570
9.024957
4.064185
14.035549
20.009305
23.011299
14.037896
9.037789
9.023142
7.006956
12.003698
14.000928
8.029859
10.004563
18.016752
11.000928
7.021310
26.003250
32.035515
14.040150
8.000928
10.038398
5.003738
14.000928
19.000928
8.056763
12.009069
21.018870
24.022226
