2.051872
2.023349
7.035324
42.046858
9.010831
2.020496
16.011226
2.070788
11.033808
4.013709
3.012205
10.010593
2.088671
13.003912
5.021978
6.024890
2.061358
2.021144
5.022898
9.009681
15.011293
4.011473
11.017440
2.012763
8.007117
2.041329
2.022397
6.026301
2.010494
6.043598
2.044781
8.006597
2.017766
2.023771
3.000928
2.027757
4.031577
2.025761
6.003718
2.015604
2.009069
5.009841
2.053615
2.012412
2.021036
2.048931
5.013989
2.017188
2.032068
2.023790
13.008867
2.032167
3.013749
2.066205
6.009341
4.012351
2.013851
6.028283
2.042643
2.043582
2.079361
2.023405
2.099758
4.027797
2.025974
6.016335
12.012645
4.012505
6.041258
2.058693
6.015856
2.048055
6.034527
11.034136
2.108443
4.039625
2.068802
2.036478
10.017735
2.082138
2.033449
11.030100
2.024358
8.021275
2.048811
2.051128
6.018766
2.087344
6.029995
16.023841
2.081038
2.042338
2.003953
2.068774
8.009481
2.018588
5.023814
7.019306
4.019894
2.040265
6.023616
6.006597
7.012819
2.038169
6.008955
2.032921
6.011817
2.085625
2.018554
2.045051
3.012805
2.021545
2.047362
5.015769
2.053607
3.003632
2.055028
2.028439
1.034691
7.015010
2.036007
3.023940
2.067394
2.021992
2.069410
10.018986
7.023650
6.028253
9.017162
2.009875
6.019478
2.043331
8.014429
7.005490
2.076053
2.024188
20.010313
2.058195
2.019598
16.006755
4.009155
2.026019
11.022456
19.029326
13.007083
5.006609
2.025930
2.024555
8.009567
2.023909
6.027999
2.042411
2.014189
2.032895
10.017860
3.009921
3.000928
8.006437
5.011013
2.037381
13.007649
2.045857
17.017066
3.032184
2.020991
6.017184
2.019886
2.046407
2.024751
5.036839
10.032641
5.043133
5.010873
2.022636
2.071139
1.026409
6.023116
3.013205
2.057161
2.021585
11.028365
6.054155
2.116639
2.025608
2.013046
10.018472
8.015021
2.057437
7.016255
2.035763
2.051863
2.020320
10.012985
2.087929
4.005411
2.035170
6.016607
2.055556
2.023846
9.019253
8.008027
2.032852
3.012425
2.032932
2.038254
6.026359
2.017480
2.053118
3.008835
2.070873
6.019760
2.028123
2.018714
2.048381
1.020526
15.060804
2.035084
11.046430
2.032834
2.038108
3.012645
2.038268
2.037497
2.029937
2.020053
5.011339
2.012832
2.067745
2.028709
5.006988
2.067195
6.007795
4.010785
2.065686
6.039113
2.025723
6.013083
2.068956
7.005890
8.028964
2.056557
9.038106
2.025021
13.033136
2.075873
2.020878
2.053811
3.012745
6.042674
2.056400
11.010591
2.050634
21.006443
2.041826
6.012231
2.025381
3.004444
11.017032
8.011193
12.009121
2.019846
2.029981
9.017680
7.009199
4.005690
4.009773
2.053030
6.009693
2.014277
6.016484
4.016934
2.026611
14.012345
3.081704
2.099602
2.029724
12.007949
5.014447
2.030311
2.024121
18.027404
2.037090
2.015382
6.008435
2.029884
6.045238
2.016696
2.021998
6.009321
6.006889
2.067752
2.023811
8.022544
14.020154
2.026987
1.031684
12.009701
18.039046
10.009601
4.009447
9.000928
8.016009
2.043901
4.021582
2.020812
8.015350
2.034925
3.021108
7.024091
15.017168
3.007017
4.041948
14.012499
7.011653
2.047200
7.054293
6.015824
6.016412
4.005230
2.033033
2.010673
5.009241
2.043925
2.037371
6.010419
4.040436
4.031173
2.037647
3.018672
7.013084
4.011385
4.026385
4.012831
5.004082
3.026004
4.044167
4.008747
4.029969
4.049766
4.011105
4.007617
4.017119
4.015191
4.007249
4.033439
4.025819
4.029813
4.014994
4.029563
4.030455
5.035033
8.033143
4.007063
4.036143
4.011925
4.037643
4.025987
5.004302
3.032796
4.002220
4.043892
9.011711
4.009253
4.037978
4.016567
4.036552
4.009441
4.010857
4.024777
4.053227
4.018858
4.036923
4.031983
4.015222
4.043164
4.030458
4.007463
4.005170
4.009129
4.008555
4.061882
4.012683
4.010107
4.009853
4.013889
4.009507
4.029528
4.013923
4.049383
4.012157
9.017400
4.033362
4.018072
4.008128
4.046218
4.012662
4.008435
4.041789
4.005837
4.015693
4.013823
5.004342
3.029340
4.009115
4.045650
4.013525
4.011047
4.016376
4.005430
4.030088
4.021258
4.018073
4.044514
4.018677
4.010407
4.029423
4.047376
4.032533
4.018912
4.015036
4.010213
4.022162
4.007363
4.013904
4.012717
4.046595
4.011584
4.009435
9.007068
4.024612
4.037082
4.022682
4.026263
4.017543
4.010085
4.021524
4.020676
4.040856
4.010577
4.010327
4.029631
4.016467
4.006965
4.032336
4.011897
4.007955
4.018590
4.011279
4.060204
4.009293
4.018468
4.005191
4.023137
4.013557
4.022567
4.040115
4.024093
4.033188
4.034987
4.009933
4.018306
4.010799
4.008263
4.024754
4.007583
4.014561
4.005630
4.009407
4.010977
4.031209
4.012491
4.047516
4.042381
4.054249
4.007123
4.005237
4.044289
4.027879
4.010059
4.013411
4.013744
4.025835
4.022548
4.007354
4.013825
4.009039
4.013583
4.029815
4.010093
4.015135
4.026013
4.005890
4.016853
4.015663
4.021304
4.009847
4.038811
4.005710
4.017007
4.014992
4.022861
4.008007
4.005991
4.012617
5.004562
3.023328
4.033089
4.006469
4.037044
4.042127
4.059333
4.046385
4.012697
4.011039
4.015736
4.008985
4.031882
4.006774
4.026039
4.015282
4.010267
4.013057
4.010845
4.010259
4.021606
4.019709
4.046533
9.019852
4.029517
4.019762
4.015198
4.027787
4.027489
4.004458
9.013231
4.026845
4.045294
4.022710
9.024309
4.014653
4.007263
4.016193
4.037413
4.047160
4.005536
9.036242
4.017672
4.024195
9.035098
14.011041
4.005510
4.013237
4.045603
9.016854
4.016761
4.035880
4.033649
4.011339
4.044177
4.032567
4.008281
4.018812
4.035202
4.035438
4.034734
4.008755
4.011239
4.014369
4.033115
5.000928
3.022198
4.013165
4.010801
4.037521
4.010805
4.046455
4.014838
4.008741
4.008495
4.033569
4.035437
4.010293
4.037466
4.014515
4.027558
4.039379
4.014243
4.009547
4.029385
4.018534
4.013703
4.011779
4.015666
4.035466
4.020112
4.031186
4.012723
4.016396
4.010665
4.011943
4.021196
3.007109
4.040238
14.023565
4.033676
4.008115
4.021590
4.031559
14.036734
4.007368
4.037462
4.005830
9.015457
4.021136
10.004482
3.009567
4.007048
4.033689
4.005230
14.008227
9.030147
9.015553
9.009527
4.004996
24.033585
4.044266
9.007189
4.045459
4.006729
4.050349
9.004866
14.011799
9.011447
4.038530
4.042352
9.007329
4.026657
14.006529
4.009781
4.013945
4.007289
4.013319
4.033964
5.012653
8.013391
4.009813
4.008553
4.036509
4.010007
4.045706
4.049245
4.030772
4.016276
4.008801
4.010053
4.024786
4.005530
4.040420
4.010671
4.016834
14.024147
4.007702
4.010661
4.015722
4.018792
4.041003
4.010113
4.011391
5.006111
3.023222
4.037247
4.008427
4.036344
4.009913
4.035338
4.007103
4.053114
4.010827
4.037625
9.032009
4.016466
4.012671
4.024547
4.036176
4.005291
4.028447
4.013863
4.012697
4.015434
24.014495
4.004917
9.010675
4.015075
9.028954
9.040214
4.014084
4.035283
4.032081
4.008003
4.024935
5.015401
3.051883
4.010227
4.005782
4.058035
4.031033
4.012765
4.020412
9.044060
4.030932
4.027789
14.046598
4.021210
16.004443
12.020134
4.040574
4.030841
4.022116
5.009401
3.039630
4.011139
4.051111
4.015403
4.026298
4.054908
4.025520
9.017424
4.009633
4.026167
9.024569
4.005810
4.006349
4.019392
4.048160
4.055481
4.028285
4.005296
4.046962
4.006863
4.036721
4.019181
4.014489
4.052188
9.017516
4.037544
4.052384
4.048477
4.024788
4.010919
4.015109
4.015103
9.010105
4.042788
4.020552
4.005311
4.007280
4.012447
4.018406
4.006943
4.054532
4.064067
4.033709
4.023128
4.015115
4.011219
4.035271
4.021772
4.008747
4.044631
4.017125
9.026800
4.026487
4.032400
4.012231
4.006169
4.005310
4.009879
4.017128
14.030865
4.008215
4.037659
9.011405
4.017462
4.020144
4.039789
4.038040
34.022862
4.005611
4.011419
9.034962
9.016983
9.020438
19.024407
14.029837
5.008741
18.007082
4.041357
9.043511
19.033681
14.028884
4.013791
4.049137
4.008620
4.038384
4.014079
4.039511
9.011239
9.030365
4.018042
4.017069
14.015348
4.013197
4.032468
4.020870
4.020026
9.007003
4.007043
4.034455
4.029745
14.022080
9.013843
4.024336
4.007342
4.005750
4.005751
5.005935
3.045788
4.009533
4.022750
19.008131
9.011005
4.028975
36.004182
8.012801
8.006583
9.011681
4.007628
4.047607
4.032411
4.024000
4.010345
4.018558
4.006923
4.040570
4.046467
4.020424
9.045234
4.010737
4.037729
4.014797
4.028759
4.034887
4.020956
4.018482
4.055583
4.020761
5.023561
8.015248
10.005955
3.056952
9.026674
12.003978
6.016266
4.035303
9.011785
14.057651
4.018854
4.008535
4.037905
14.036658
4.045008
9.011211
4.049028
4.006708
4.041290
9.028306
9.008681
9.038346
9.045684
9.007489
9.020052
4.028582
9.033841
4.015487
4.036554
14.018068
19.013711
4.016694
4.014794
4.052339
4.020770
4.008375
4.043272
5.008189
33.013637
4.048494
4.048645
4.056876
19.017740
4.016082
19.018552
4.015933
5.003792
23.008421
9.044120
4.028205
4.018216
4.006663
4.020572
4.005642
4.019878
10.004202
4.016621
4.000928
3.048247
4.012005
4.039188
4.026533
4.015282
4.012103
9.033940
4.015845
4.023674
4.009887
4.024134
4.014543
4.009199
5.013677
3.045437
24.016708
4.056413
9.044268
9.022671
4.014998
6.003632
3.008149
8.009173
4.031411
9.035835
4.055075
9.042508
4.014024
4.025137
4.011205
4.009313
4.046091
9.007775
4.043985
4.025655
4.046617
9.012329
9.009181
4.019224
4.009515
9.024599
4.021344
5.004282
8.024867
9.034588
9.030651
4.031975
9.011557
4.026225
4.023148
4.016668
4.030073
4.016748
9.009911
5.020192
3.012903
4.016182
4.011911
9.041269
4.019712
4.032273
34.012203
9.015356
4.006905
4.020950
4.028209
4.013309
4.031136
4.011339
4.010427
4.005510
4.059312
4.032654
9.013152
4.040792
5.000928
8.044819
4.021972
19.016243
19.025721
4.013229
4.036606
5.003792
8.013967
6.003290
12.029252
14.023503
5.010050
3.025419
4.033948
4.028005
4.041618
9.021230
4.037756
4.066948
4.026047
4.012271
9.006543
4.011173
4.025649
14.032942
14.031573
4.046930
9.052716
9.024648
4.008121
4.006509
4.039166
9.039236
4.048647
4.030383
4.011737
4.037018
4.039066
4.040931
9.013883
14.025772
4.017040
4.009095
5.004306
14.009289
3.027749
9.047619
4.017179
4.029284
4.032523
4.038170
4.007342
4.025294
4.046285
9.017000
9.012891
9.029541
19.013066
4.038304
4.034424
9.008235
9.033565
14.056843
10.004731
3.025307
4.034788
9.036610
9.006765
4.027837
9.044791
14.005496
4.022522
4.045143
9.015941
10.002426
8.018724
14.031772
14.021106
9.012597
5.010287
4.009115
8.027105
34.008855
4.010901
9.010127
4.048862
4.032878
9.044208
4.043660
14.036772
9.005390
4.040893
19.010299
5.003753
5.006916
8.000928
8.012533
10.010316
9.004442
3.052109
4.033957
19.022095
9.042022
4.018346
4.051593
9.045647
7.004363
13.003532
8.002300
8.043671
9.008749
4.036412
4.060075
10.013117
8.025957
4.033867
5.010593
14.004622
3.039960
5.025627
8.025510
19.051878
4.029700
4.054737
15.000928
13.008655
9.012832
14.037833
4.037928
19.036681
9.031951
4.026548
4.025473
19.031342
4.064656
9.038945
4.013615
9.023342
6.003672
12.036931
14.002220
9.018274
14.022688
