3.005813
3.000928
3.000928
3.000928
93.004218
2.069152
2.023104
23.002440
2.045185
2.048705
12.002500
2.082163
8.010001
2.044896
2.078481
6.002620
2.034451
6.002580
2.081211
2.067700
2.073857
2.091084
7.002220
2.029889
6.002660
2.079437
8.012451
6.022776
2.074827
8.033349
2.055581
2.016994
7.000928
2.028057
1.038353
2.024687
11.009169
5.041146
2.077691
2.076491
2.016717
2.078142
21.002440
2.073899
11.002440
2.064315
16.004278
2.022068
7.061574
2.035138
2.088382
7.000928
2.092166
10.016235
2.037696
2.011019
2.037569
7.042387
2.058984
2.039794
12.005650
2.021902
13.010161
7.002540
2.054742
10.027546
6.010261
2.101308
11.043784
2.034193
2.066134
6.036154
2.082898
2.043964
2.037850
9.008129
6.024189
2.087019
6.000928
2.036630
3.009189
2.034079
2.048540
11.008189
2.045522
7.010287
2.105662
2.078621
2.028339
2.081319
11.034441
2.085813
11.000928
2.019506
11.002500
2.088456
16.000928
2.053609
11.027432
15.042336
2.062732
2.085158
2.025528
2.084509
7.027591
2.067989
2.071319
2.067920
2.025978
6.000928
2.039652
6.000928
2.092913
11.000928
2.084612
21.000928
2.019138
12.011259
2.053571
2.073426
2.017562
2.062348
7.011173
2.030235
2.040232
17.000928
2.033528
6.008089
9.000928
2.051989
20.016980
2.012317
7.002660
2.037724
7.021896
2.031870
2.075553
2.037085
2.080562
2.012839
2.103608
2.024766
12.002340
2.056255
2.035232
2.033541
2.078917
7.000928
2.051737
11.006596
2.083609
11.003348
2.080218
2.069791
2.046410
2.066029
7.002780
2.086222
2.010041
2.069971
2.076046
7.002280
2.051659
2.028557
2.051843
2.037432
2.045130
2.026039
20.008575
2.045440
2.032770
2.027185
6.012145
2.027745
16.003958
2.020590
21.000928
2.014875
15.010227
2.080811
2.030412
2.077830
6.024620
2.080658
6.004038
2.084635
2.011539
2.037770
2.077764
12.002520
2.057698
3.009781
7.000928
2.033625
11.003958
2.083647
11.008870
2.056701
15.017580
2.092507
2.063759
2.036910
2.010021
2.049179
2.017348
17.000928
2.081563
5.020417
2.086643
7.002660
2.025991
6.002840
2.085136
9.010361
11.002620
2.014976
31.002400
2.037072
15.028162
2.068876
7.000928
2.023942
11.002720
2.055804
10.037749
2.014304
2.021450
2.050690
16.000928
2.017580
2.052429
2.111438
2.070688
12.009427
2.046840
12.002380
2.023654
35.000928
2.077897
2.009701
2.115360
2.082243
7.002600
2.086570
6.006897
2.035471
2.010347
2.050493
2.091774
2.021476
2.078345
6.000928
2.064606
12.044078
2.044031
2.056652
3.005570
2.071606
2.033445
17.002420
3.013771
2.047187
6.012531
2.050899
6.032101
2.030009
3.005350
3.004012
2.038962
12.000928
7.009054
3.004258
2.034787
2.038868
2.023960
6.018756
26.000928
3.000928
2.035146
8.007497
3.004518
2.030041
4.022455
19.011696
4.027100
15.003798
9.002620
4.005934
24.003738
3.016720
9.005730
11.003878
2.060878
30.002460
3.019612
9.022276
9.017367
4.005290
4.005696
9.009313
14.019029
45.002380
3.018940
9.022516
14.012777
4.016499
10.002580
3.015135
14.008307
10.004243
18.026716
14.016933
12.012145
2.011259
3.013423
9.010012
11.000928
2.036452
9.015675
19.026133
11.004603
3.005310
3.010859
4.024268
9.018880
9.002220
9.016475
9.029422
29.005170
4.005230
15.002280
3.009846
9.007108
4.011145
4.011785
9.013829
9.016527
4.017165
22.008875
6.027177
14.029703
14.009959
4.023296
25.007253
3.009967
4.017459
6.009941
3.000928
4.004643
19.004402
7.000928
5.032657
25.002460
3.010805
4.011639
4.023618
4.016753
9.019032
13.004538
16.007057
3.019658
14.008561
4.015545
4.014403
19.015055
14.012457
4.030798
14.007682
4.017813
19.012613
35.000928
3.019854
16.008329
4.000928
28.000928
3.019458
4.008022
4.021570
11.004358
3.000928
3.015130
4.014577
4.008415
14.032051
4.005336
9.016685
29.023176
9.019643
14.028038
4.013741
4.015342
11.006877
2.075037
9.005150
4.028312
60.000928
3.034018
24.013817
4.026226
13.000928
15.011985
4.009845
4.017635
14.024236
32.006797
6.018340
9.027344
9.019211
14.019732
4.017753
24.024209
9.011171
15.003938
3.009553
4.029778
4.025988
16.004633
2.020298
4.008334
9.011937
14.014097
7.007117
6.012471
4.011399
4.043137
24.023920
6.005245
2.085133
9.025108
8.000928
5.014617
9.007941
4.015401
15.002660
3.007674
4.024336
5.021890
3.021119
17.006877
12.002800
3.008435
4.029617
9.016535
21.003992
4.006341
13.032407
3.022816
20.011653
3.009414
4.026280
10.002620
3.012477
9.013523
19.015895
4.021195
19.027784
4.025310
34.009807
4.025263
9.019812
4.025400
15.000928
3.015855
19.012371
12.007617
17.002520
3.033546
9.023867
9.028256
8.003998
15.014883
4.005696
4.022629
8.004378
26.002260
3.021644
13.000928
10.012411
26.000928
2.100965
19.014195
4.022397
14.025957
14.020816
8.000928
13.006937
6.019912
19.005210
4.020197
9.021804
6.009307
3.004058
3.019125
9.008741
4.013151
14.005810
14.015575
9.020444
24.019942
5.002800
3.007103
4.016913
10.002760
4.005715
18.008634
4.032739
4.011345
4.009507
18.002840
21.002380
3.010799
15.000928
3.012331
30.002520
3.010127
14.005350
4.007263
9.025282
9.012039
4.027314
9.012191
4.019825
25.000928
3.029521
6.006676
3.004038
4.002560
3.029477
11.005915
13.000928
4.002580
3.014663
12.000928
6.041101
7.003938
2.007561
4.000928
3.013669
4.017993
31.004438
12.015801
10.002520
3.012059
60.004032
3.017206
8.000928
11.002220
9.004462
4.000928
3.024328
9.009567
7.002911
7.006094
7.000928
18.005104
22.003672
3.036081
4.032069
14.014243
20.000928
3.013703
15.002300
8.016807
19.021494
16.000928
12.029716
4.021243
4.013843
17.000928
7.000928
3.025028
14.017573
11.002580
2.043761
44.011099
4.016109
30.004052
3.009393
9.010939
14.006682
20.002600
3.012491
15.003933
13.029764
19.011059
4.021024
10.006380
7.000928
11.002440
3.053919
14.006562
5.011063
3.028866
11.000928
2.042924
8.002360
26.002240
9.000928
3.029080
31.011407
3.004018
9.002620
4.002600
3.023870
9.005170
4.007874
4.026655
24.005350
4.015135
9.017227
10.002220
8.013843
4.009553
20.002740
3.015615
19.003798
4.019606
9.016687
10.002700
3.012691
4.009953
15.000928
3.033909
12.002340
6.011449
10.020300
14.002780
3.031457
5.002500
3.032282
35.002740
3.046000
4.022789
4.014795
10.002680
3.023774
19.012791
6.004138
3.003932
3.036296
5.004523
3.018275
4.014103
14.014189
10.002560
3.033747
14.005130
25.002660
3.033149
4.044000
19.005570
22.002340
4.000928
6.017817
4.020111
41.002740
2.053667
16.007102
7.011025
4.014049
4.006822
4.011139
4.011540
11.000928
3.002400
3.014819
8.004338
20.009647
5.000928
3.021844
4.024889
34.008755
4.023773
31.002540
3.000928
3.015787
11.000928
7.022696
5.003572
3.025144
15.002520
3.017287
4.015375
5.002340
3.019112
15.012475
3.011697
39.024116
4.015929
9.016907
4.008181
9.008034
25.004498
8.018488
4.014423
4.031433
9.027468
6.005710
2.047016
6.005990
7.015839
6.020930
2.049446
19.009207
9.022084
5.010221
23.031340
4.007043
6.000928
3.000928
3.014691
19.020176
4.018598
14.018092
4.071364
5.002400
4.006676
3.025842
9.030106
14.016881
4.008035
22.002380
8.006976
7.033723
4.020398
4.005650
10.003612
3.032287
10.006275
3.009967
16.000928
3.000928
3.029875
20.002320
3.016767
19.006529
11.000928
3.000928
3.016053
4.009587
4.022834
9.006922
8.008765
11.014437
30.000928
7.015641
5.002620
3.035227
8.000928
5.012171
6.006996
3.002620
3.011578
25.002480
3.023814
30.002380
3.023064
24.022124
4.041841
5.032019
13.019716
9.031468
14.010307
15.000928
3.057236
14.016981
23.000928
28.005185
7.009021
3.023288
5.000928
4.021522
8.020572
9.021113
19.020106
8.000928
7.006476
24.002720
3.006510
8.011178
24.007363
4.009898
15.004676
8.024064
16.002260
13.002640
5.003918
28.008250
21.005110
23.002360
12.015875
10.003818
8.022007
4.012951
4.005430
11.000928
3.004132
3.016159
8.002780
11.002820
3.023310
6.011153
4.002400
7.012497
4.011159
4.019412
4.023698
10.002820
5.004622
7.012351
55.002840
4.002640
8.029100
10.002500
3.032075
12.002440
7.007891
3.034942
20.006236
3.033709
9.019691
4.026396
4.016161
19.015003
31.002240
4.002840
4.002220
9.000928
7.015907
11.000928
4.000928
24.000928
3.002386
8.009847
4.018347
10.007847
3.018477
4.017087
4.022168
30.002740
14.003892
4.002320
3.031168
4.009807
4.019377
4.011339
4.017247
5.004643
3.014617
9.015775
27.002780
8.002420
7.019466
4.026782
4.021384
9.012817
4.029002
6.002400
4.004542
3.000928
3.026487
9.026836
20.003598
3.025228
64.036725
11.002440
7.028236
4.025244
5.008699
5.002260
13.003992
9.002660
3.032528
5.005950
4.002580
9.000928
4.000928
8.029739
5.002320
8.034731
9.020860
4.022728
5.000928
5.004322
22.016894
5.002580
3.034190
20.004178
3.041803
5.003692
8.008341
20.006549
4.000928
3.032266
12.000928
27.000928
4.000928
19.000928
5.002380
5.015695
16.012179
5.000928
7.002840
16.002620
3.035927
4.016335
4.045844
15.002660
4.002400
4.000928
3.026918
30.005170
3.020770
24.014549
26.009030
8.002380
18.013485
4.027702
17.002680
11.013415
5.006497
4.002320
3.022504
4.009367
11.002560
9.002720
7.014964
4.013969
5.000928
3.039692
15.004498
9.002240
3.053308
9.024102
5.002260
3.030484
4.017447
5.002720
9.002400
8.029092
4.022421
7.000928
6.008106
4.030553
4.022594
30.002400
4.002280
4.000928
4.000928
4.002500
10.003798
3.002620
3.023516
4.023142
4.027430
16.002560
3.002580
34.002380
4.005210
3.030576
10.002260
3.026880
4.027482
4.013723
15.000928
8.015153
5.002460
8.011039
4.020178
31.008267
7.025052
26.000928
8.000928
3.027898
4.017833
4.012597
16.002720
34.002660
7.012191
4.008066
4.028629
25.000928
3.027606
4.023532
10.017117
7.002580
16.002600
15.002760
8.010369
4.002600
9.002240
10.002820
7.011539
10.000928
8.006318
14.014759
4.019971
9.022712
21.002520
7.015775
4.026714
9.026266
44.018219
9.025028
7.002320
17.000928
3.035350
4.034879
12.002826
27.002780
8.009527
4.028008
16.002520
4.002620
3.003592
3.050725
5.006116
3.016035
6.006214
14.002460
33.002460
3.032841
5.010057
3.016931
9.014049
4.031719
29.011185
4.030808
7.000928
18.002540
7.009121
4.016833
27.002540
7.000928
4.006781
3.019604
11.002800
7.016367
9.012717
31.000928
7.014821
8.000928
5.010127
21.002600
7.023792
4.017353
19.026143
10.009913
8.032734
5.002660
3.009887
4.020178
20.002280
4.000928
3.016242
4.022474
5.002360
9.007447
3.043975
14.024960
4.016547
5.000928
9.002400
3.019733
6.007789
7.012493
9.038761
36.011270
7.009567
10.010790
3.021725
16.002220
7.016523
4.015361
4.028750
27.002320
7.002640
4.004032
9.002580
14.004602
8.012811
10.007467
13.025672
20.002760
10.002460
7.019444
4.015295
25.002220
14.000928
8.020035
4.015342
21.002260
18.002680
6.003672
6.012839
10.002840
8.015155
21.002660
3.002740
6.000928
23.007627
14.002300
5.002640
13.002660
7.011046
19.011219
8.005250
61.002440
10.010091
7.028012
9.032582
5.011566
14.002380
3.031966
5.007262
8.027752
40.000928
38.022336
4.029166
10.000928
4.000928
13.004178
25.002540
8.019376
25.002220
10.002560
7.034194
9.014243
10.002480
15.002560
11.002600
46.000928
8.017700
4.043591
11.002660
7.008601
4.033980
5.000928
23.020333
10.002520
4.000928
8.009493
15.000928
13.012531
8.000928
25.011079
10.002780
9.002580
10.000928
12.008335
4.027740
5.011515
8.016847
4.014935
4.018911
24.029380
4.016903
15.002240
3.015136
24.045996
16.009050
12.015205
6.009020
27.025946
9.019425
20.002820
15.002580
32.006823
21.002440
10.003898
8.010911
13.004198
20.002580
4.002760
28.002480
8.034256
5.015364
13.009967
11.002800
13.000928
3.039247
25.009145
8.017217
9.036518
20.002360
20.002760
8.009048
14.000928
3.030335
30.002700
4.005970
10.002500
4.002600
23.002580
9.000928
5.002620
4.023588
47.011559
30.002780
24.002640
8.028025
5.002700
8.023160
4.028771
