4.014556
17.005997
4.011765
4.007703
4.007729
4.010287
4.008109
4.006861
4.035031
4.010419
4.007669
4.006829
4.007789
4.019839
4.031090
4.011373
4.008321
4.023174
4.006130
4.005791
4.005711
4.005510
4.003050
4.013097
4.003678
4.007283
4.010731
4.008595
4.017292
4.006031
4.005771
4.007561
4.007169
4.008101
4.006571
4.008201
4.012005
4.008475
4.006863
4.007163
4.008195
4.003938
4.005657
4.048433
4.007635
4.003958
4.027657
4.004144
4.008515
4.007189
4.034600
4.012837
4.016764
4.024462
4.010321
4.019838
4.006863
4.006857
4.010247
4.006963
4.007643
4.009753
4.005696
4.021026
4.005791
4.007683
4.006583
4.011765
4.011219
4.006863
4.006403
4.024374
4.007196
4.007835
4.003938
4.020430
4.005771
4.006863
4.007809
4.007209
4.017331
4.021252
4.005377
4.031678
4.030785
4.027414
4.009315
4.008887
4.008467
4.009887
4.008175
4.010373
4.011819
4.004198
4.005356
4.027659
12.000928
8.000928
4.000928
8.000928
4.000928
8.029832
4.009375
4.006943
4.005591
4.005377
4.006963
4.038244
4.006689
4.007623
4.005150
4.007149
4.009035
4.009707
4.009867
4.005991
4.024623
4.012625
4.002826
4.006011
4.005831
4.003598
4.008535
4.005490
4.010453
4.006168
4.007343
4.009255
4.005856
4.012971
4.007003
4.007535
4.009365
4.004058
4.018241
4.006129
4.006277
4.010657
4.005371
4.005610
4.005771
4.020846
4.006709
4.019194
4.014375
4.007289
4.019003
4.006483
4.023704
4.006869
4.008515
4.022856
4.005976
4.005991
4.006151
4.006136
4.005691
4.005691
4.006823
4.005010
4.007454
4.009071
4.009741
4.010035
4.006709
7.010582
8.003832
17.021198
4.023296
4.007069
4.008855
4.007763
4.008792
4.003918
4.016660
4.008195
4.024710
4.005671
4.008101
4.003718
4.020372
4.009621
4.010347
4.009513
4.008895
4.020716
4.020693
4.042250
4.009167
4.006989
4.005871
4.010599
4.036017
4.004258
4.005851
4.005636
4.016191
4.007961
4.007043
4.005597
4.005936
4.039019
4.041213
4.040417
4.031123
4.011665
4.011217
4.007503
4.033001
4.009727
4.009193
4.015112
4.052111
4.007683
4.006809
4.007249
4.007409
4.020513
4.007923
4.019066
4.009547
4.003718
4.006769
4.007309
4.010227
4.008089
4.003898
4.009181
4.005250
4.009293
4.014911
4.003918
4.008775
14.009789
4.004438
4.002526
4.005631
4.005417
4.005776
4.006769
4.035799
4.006317
4.009113
4.005376
4.005737
4.008328
4.006395
4.034917
4.003778
4.007283
4.031045
4.007023
4.007869
4.007647
4.011271
4.012649
4.011459
4.013459
4.042874
4.008023
4.009655
4.005511
4.030913
4.006763
4.033341
4.009301
4.006050
4.007023
4.006729
4.003818
4.008027
4.016947
4.033444
4.007763
4.012331
4.009401
4.010515
4.003798
4.013079
4.029857
4.016468
19.017120
4.017161
4.005511
4.004084
9.014515
4.003126
5.000928
4.000928
4.000928
8.011713
5.000928
4.000928
8.004038
4.037041
4.005471
4.005591
4.009855
4.020232
4.007135
4.002666
4.011377
4.017852
4.013927
4.008481
4.007443
4.005411
5.000928
13.005617
4.007043
4.008495
4.007723
4.012177
4.015817
5.000928
8.005850
9.035143
5.000928
3.022776
4.007209
4.033215
4.008575
6.008277
4.000928
15.000928
3.000928
17.021742
4.007303
4.004058
4.006729
4.007963
5.000928
8.006491
4.022064
4.016982
5.000928
8.006995
36.019246
4.000928
4.000928
4.000928
7.005670
4.006291
4.012912
4.007895
4.010027
4.009279
4.008915
4.011285
4.005291
4.012712
4.003598
4.008201
4.009013
5.000928
5.000928
8.019642
8.008661
4.012931
4.012523
6.000928
17.013111
4.037236
4.009859
4.003738
4.007815
4.008743
4.014430
4.021882
4.014111
9.022236
4.005251
4.006629
4.011087
4.008081
6.007207
22.004398
4.007103
4.018414
6.000928
4.000928
13.000928
8.008621
4.007643
4.005811
4.006729
4.008095
4.005577
4.007509
4.009761
4.006863
4.029616
4.004118
4.025138
4.005290
4.007783
4.028882
4.006743
4.008161
4.052258
4.006683
4.026558
4.005811
24.042300
4.010019
4.003938
4.010173
4.007795
4.026285
87.000928
4.000928
10.000928
13.000928
3.000928
8.000928
8.014651
4.006451
4.009095
4.015100
4.007023
4.019204
4.007231
6.003090
7.013823
4.013505
4.006002
4.006463
4.011085
4.011413
4.015353
4.009907
4.021506
4.008689
4.005530
4.011479
4.005750
17.000928
8.004132
13.000928
8.028674
12.000928
6.004358
4.007149
9.005391
4.019512
6.000928
17.008781
4.008367
4.005256
4.005410
10.000928
9.004583
5.008579
12.033361
4.009807
5.005405
4.000928
3.031309
4.020164
4.006903
4.006723
4.007323
4.005171
6.000928
8.000928
4.000928
8.033329
4.012311
6.000928
4.000928
13.002986
8.005630
5.000928
8.016826
4.009761
4.002346
4.007789
6.000928
3.000928
5.000928
12.005190
4.005991
9.007783
4.022252
9.017607
4.014427
6.000928
13.008999
8.020370
4.003618
6.000928
4.000928
7.028688
6.000928
12.005710
4.011213
4.007483
4.008195
11.000928
4.000928
4.000928
4.000928
13.000928
8.010033
4.014168
6.000928
3.000928
8.042152
4.013684
4.009141
4.004598
4.006743
4.007369
4.025037
4.003718
4.008461
4.008223
4.007435
4.006643
4.005531
4.019277
4.009347
4.003978
9.029356
4.009739
4.016348
4.006237
4.025435
4.009119
4.005456
4.006909
20.000928
4.000928
8.035559
4.009781
4.014871
4.005371
4.030059
9.042003
4.008123
4.019202
4.052019
4.005711
4.009587
4.028702
4.008323
9.024661
4.010723
15.000928
8.017515
4.006077
4.004118
4.012763
4.009293
4.044925
4.036017
4.008521
20.000928
5.000928
7.018394
6.000928
4.000928
18.000928
6.000928
4.000928
4.000928
6.011793
4.010493
4.008329
4.023309
9.031228
9.017394
4.005931
4.007468
4.019906
4.005331
4.009867
4.016423
6.000928
4.000928
117.012799
6.000928
7.010293
6.000928
7.013959
4.009847
9.005510
4.020855
4.017926
6.000928
7.015116
4.010281
4.009661
4.007475
4.007555
4.005430
4.023081
4.007143
4.005710
4.010533
10.000928
4.000928
5.000928
12.008875
4.014696
4.006809
4.018666
4.022952
4.009827
6.000928
4.000928
4.000928
4.000928
7.008741
6.000928
4.000928
12.012318
4.008701
6.009270
7.011337
9.045675
6.000928
5.000928
4.000928
14.000928
11.029416
4.002446
7.000928
4.000928
9.000928
11.019433
11.000928
7.014057
4.008521
11.000928
22.012401
5.000928
8.007014
4.036876
4.009847
11.000928
8.000928
3.028445
4.025514
4.013591
10.000928
15.000928
4.000928
7.021924
4.016535
4.015015
4.030125
4.050524
4.020424
4.014098
10.003873
8.010467
4.012639
4.021118
4.009467
11.000928
5.000928
8.000928
4.000928
4.014798
7.027821
19.014544
4.007449
4.024155
6.000928
13.000928
8.010747
4.033738
4.011487
4.010361
6.000928
4.000928
4.000928
17.008129
4.022042
14.018426
4.005910
4.035362
4.017328
4.006909
5.012053
8.005791
16.000928
7.037428
4.003738
4.009407
4.031017
14.011599
4.038603
4.008947
4.007123
4.018026
4.011913
4.039415
4.008673
4.007303
4.043019
4.014370
4.048641
19.017345
4.003858
4.005191
4.020444
6.000928
7.026590
4.017515
6.000928
12.034564
10.009219
4.000928
5.000928
13.000928
8.012245
5.000928
13.008041
6.000928
7.016691
4.044186
4.007235
5.024128
8.011071
6.000928
18.000928
13.019404
4.040092
5.003912
3.028707
6.000928
14.000928
4.000928
8.004945
9.003913
8.010121
4.004598
4.012319
4.009513
9.017711
9.030405
4.045211
4.012843
4.036153
9.033889
4.007183
4.006923
6.000928
4.000928
8.000928
10.000928
4.000928
4.000928
12.016908
4.005971
9.017867
5.003592
8.012251
9.027440
4.022271
6.000928
4.000928
12.015585
21.000928
18.000928
8.032103
4.034084
4.028496
4.031569
4.029377
4.005231
5.000928
8.013681
4.011619
4.019429
4.020858
4.008723
4.008441
14.005810
4.017427
6.000928
4.000928
9.000928
4.000928
7.026566
9.013845
9.005191
6.000928
4.000928
7.015569
4.021656
4.028693
4.039769
4.008469
4.028143
4.029065
4.022274
9.020878
6.000928
4.000928
9.000928
7.027869
4.022138
4.010087
10.000928
8.011115
5.000928
10.000928
7.022830
4.049562
4.007515
4.010805
4.026533
4.056614
4.017740
5.009255
9.000928
8.005631
4.006563
5.000928
8.006031
6.000928
12.022156
4.039645
4.040326
9.010553
4.032153
4.028269
14.038473
9.009047
9.010033
59.013337
4.020222
4.013271
9.018394
4.025003
9.005130
4.036999
9.013643
9.018606
4.024035
4.019718
5.003772
8.031945
4.014676
4.011179
11.000928
12.008621
5.003992
8.040762
11.012110
4.000928
22.009188
5.005905
8.009867
4.039309
4.005876
5.000928
9.000928
8.031900
9.032635
4.019734
4.010267
20.000928
8.013311
6.000928
3.000928
8.018974
6.000928
7.005671
9.009653
5.000928
8.025352
5.000928
5.000928
8.003772
4.000928
4.005025
8.007843
9.025480
4.027241
19.017862
9.009787
5.000928
5.000928
12.013651
4.020810
4.004118
4.047784
4.003738
6.000928
9.000928
10.000928
6.008561
5.003972
5.000928
8.000928
4.015025
5.000928
12.009593
5.000928
13.008541
22.009085
8.005425
7.028287
4.034981
4.030458
5.003552
4.000928
4.000928
18.005210
9.038375
5.003532
8.009833
4.004058
11.000928
13.000928
8.024981
4.017652
4.017154
4.035398
4.008821
14.023392
4.018826
11.002770
8.000928
13.011119
4.021794
5.005425
8.018478
4.031427
4.014377
9.023350
4.020818
4.005531
4.008435
4.043813
10.004422
8.044196
4.006943
5.002546
18.005331
10.003792
4.000928
8.036402
4.008741
9.010871
4.028796
4.036299
4.012019
14.021012
4.022051
5.005918
18.006829
5.010421
3.042304
14.006596
14.013337
10.000928
8.007023
10.005585
7.000928
21.000928
8.014997
4.029644
19.019944
9.010153
16.000928
17.015567
56.004503
9.000928
12.028160
5.003532
8.010167
7.005145
5.000928
10.036609
10.002326
14.000928
13.041631
4.036540
4.029618
10.004363
8.029791
9.035318
9.028164
4.040725
9.005391
6.000928
7.012283
4.011199
4.009959
9.010327
9.025316
5.000928
8.045411
15.006413
13.015151
9.010847
11.000928
9.000928
4.000928
9.000928
12.015762
19.021054
4.009669
4.027753
5.004053
4.014565
8.011265
7.000928
3.008023
9.008950
5.000928
13.000928
4.009967
12.029045
19.013451
9.014344
9.006903
4.009973
5.003692
14.000928
8.007309
9.032959
9.021424
4.015504
9.010779
6.000928
19.000928
4.000928
4.000928
12.013391
4.024014
6.000928
12.007563
9.025023
6.000928
7.003744
24.032245
4.014390
14.037768
9.054428
4.007289
10.005385
5.000928
12.028821
6.000928
4.000928
8.000928
8.017768
9.005571
9.028840
4.009553
4.012459
11.000928
4.000928
8.000928
3.021199
6.000928
9.000928
4.000928
8.005505
5.000928
4.002506
4.000928
4.000928
7.018712
14.010135
4.011357
6.000928
7.018854
9.015981
4.017460
4.012131
9.029887
11.000928
9.000928
13.000928
5.000928
9.000928
22.027792
6.000928
7.004576
4.015787
4.030817
5.003772
13.011439
6.000928
12.019900
4.014653
7.000928
17.000928
8.019798
5.000928
8.015489
14.005336
9.008109
4.009655
4.008841
7.000928
9.005445
7.013137
9.000928
3.049453
15.004103
15.015278
12.024216
9.020550
9.009769
19.011866
5.002386
8.008427
5.003792
4.000928
9.000928
8.009801
14.008448
9.023054
5.003712
8.012631
15.000928
14.000928
18.031366
9.007108
9.021852
5.000928
8.012997
10.000928
23.025226
4.035368
4.017714
9.009113
5.000928
8.023346
4.041334
4.014809
29.017786
9.045988
4.049601
11.000928
7.011685
21.000928
12.005512
5.005751
8.009573
9.026666
9.010179
14.008855
4.011559
10.000928
9.000928
8.011527
6.002280
5.000928
16.007809
5.003652
5.002890
7.005710
5.000928
8.015325
4.028874
14.029764
4.038750
5.003952
14.000928
3.051743
4.025893
10.006095
19.000928
4.003572
4.000928
23.009708
4.038390
6.010413
22.005271
9.017282
14.006502
10.004132
14.000928
9.000928
14.003992
4.006079
14.000928
6.003170
16.005131
9.022204
9.053369
9.012779
25.002560
4.000928
8.021584
4.027459
34.023347
5.003752
4.000928
25.000928
7.021352
14.011139
15.000928
4.000928
4.000928
13.028525
5.000928
8.015075
9.032157
5.004032
13.020852
4.024277
47.001862
5.000928
13.005165
11.004478
5.005735
10.000928
13.000928
