8.000928
3.009393
2.023196
7.012071
2.025093
10.019171
3.006296
12.018520
6.014323
12.007137
2.031399
2.020679
8.003532
2.037415
3.000928
5.021756
3.000928
9.012405
10.049353
16.005962
2.057666
3.000928
10.040959
2.072248
12.000928
4.000928
2.040444
11.014950
12.015329
6.018400
3.015715
3.000928
8.007929
11.034521
15.023700
13.013013
2.015449
3.009481
2.026371
2.042650
2.019152
3.042177
2.064042
3.011299
12.012977
3.009941
5.029514
9.015607
7.009481
3.000928
3.009261
2.069311
2.012491
9.025604
2.040849
2.025141
3.000928
7.031381
9.032285
14.033849
7.000928
2.039430
2.035104
5.022422
9.015613
2.056416
6.020389
2.015270
6.032268
2.006937
2.033013
3.024466
2.055379
3.009601
2.048502
4.040313
2.032654
20.006957
5.020063
12.010753
4.020178
4.011733
21.016047
3.024720
10.016599
16.028902
4.009781
13.004662
8.021200
3.022710
5.024978
3.027608
5.033999
3.010141
7.006563
2.057046
2.021788
6.034313
3.000928
17.027850
12.036993
29.041339
3.000928
11.014141
3.008960
3.012310
12.017580
14.010833
28.008967
2.029852
12.000928
12.036666
2.031481
2.038962
2.045542
10.032401
7.009801
12.007048
2.015922
5.028330
10.015950
8.036263
14.019738
3.000928
10.008847
9.028110
3.009521
2.029716
2.070540
2.014810
3.010753
2.057679
3.009921
2.021370
17.019146
3.000928
10.019878
2.034916
6.036497
3.000928
10.028615
6.046891
12.033919
5.013489
3.008494
3.000928
5.025612
13.026464
7.011113
4.037842
7.015275
3.005345
10.011039
6.047798
2.030137
3.000928
3.013825
4.014037
5.008309
5.019236
14.027396
3.010281
2.015135
7.028102
11.027439
10.020010
3.009621
2.040112
2.029295
3.000928
2.021534
3.000928
3.014523
9.009881
7.000928
2.023726
13.032941
6.009773
7.012845
11.044171
6.022830
3.009341
2.014047
10.012805
3.009501
5.011379
2.008529
3.000928
7.027318
2.081723
3.010973
2.088656
2.030750
3.014887
2.039346
6.013897
2.084631
2.019112
2.023230
2.046973
10.023528
17.006497
11.018011
2.034405
3.000928
3.000928
3.005230
4.025261
3.009821
2.012365
7.019535
2.016900
3.000928
3.000928
2.019542
3.000928
6.023432
2.026830
9.008689
2.029501
7.011333
5.030902
11.021732
7.036354
16.029430
3.009941
4.000928
3.016613
4.007714
4.021190
3.008549
3.000928
3.015395
7.036958
3.012031
5.015633
3.002926
8.004502
3.000928
7.043068
2.023310
11.024980
3.000928
5.026897
23.012505
5.022376
16.030695
3.000928
2.007915
9.029097
6.012318
3.035273
3.000928
39.029352
5.043637
14.014855
4.007866
3.009701
5.025074
10.003672
3.031260
3.005584
11.027904
5.011499
2.048634
3.014465
5.028082
2.031110
4.008369
7.000928
3.059205
4.043637
10.005205
3.029151
3.019885
4.018566
13.011613
17.004098
9.004422
3.032521
4.016016
3.030084
27.005184
3.000928
3.027278
3.028164
13.008169
3.010553
2.088023
9.019351
3.021630
9.022870
10.021242
3.021258
5.030265
19.024646
3.022364
10.023460
17.008649
11.026245
9.038174
19.033583
4.023528
4.023343
14.015035
4.027772
4.016161
4.030017
9.006902
9.009273
5.009493
5.007297
7.029708
9.019053
4.031928
9.017333
10.004102
3.033345
4.023122
9.014197
6.006350
4.013457
8.005674
8.041291
9.027924
6.006516
3.000928
3.029642
20.007794
3.052229
14.061176
4.012943
4.035199
14.064316
4.044753
9.035679
4.020736
4.015561
4.031546
7.002286
6.013903
4.022122
4.014943
9.015659
4.032595
4.018151
9.027098
9.003618
9.009547
4.029055
4.018972
21.003632
12.030330
10.000928
8.024922
9.016115
4.012537
10.016748
5.023124
6.011199
5.032907
22.004032
3.004570
4.004032
3.000928
8.012091
4.014289
4.012837
16.008409
2.063312
4.043217
9.030492
9.016787
9.022018
4.026180
4.028771
16.016167
15.000928
11.025621
4.037327
4.047513
9.005470
4.014049
19.017966
4.015019
4.027376
4.018085
4.019065
29.024600
4.039535
14.029111
4.049753
4.006254
7.004198
6.018460
21.019676
12.032117
4.044490
9.021409
4.008355
9.008360
4.028756
4.016913
4.028062
4.041398
14.009671
4.024093
14.024310
4.041227
4.043377
4.021230
4.032283
9.021250
9.020326
14.026144
9.033657
22.000928
6.018211
9.037025
10.005955
3.052369
5.000928
8.003904
4.019610
4.028965
4.020541
6.019807
7.034599
20.009721
8.022514
4.009606
4.018591
25.015237
3.035429
4.030523
14.008055
19.009847
4.019978
4.012531
4.024448
4.010487
7.005484
7.005085
3.054467
4.053106
19.029542
4.016951
14.032663
9.016653
4.022434
4.043489
9.044245
4.021858
4.054617
4.023759
29.027220
4.030585
4.046170
19.020796
5.008309
3.032885
4.013749
4.024989
4.028696
9.027044
9.032939
24.019820
9.011219
4.024262
4.024296
4.026292
4.032758
9.018167
4.036229
14.030827
4.047316
14.033776
4.034483
9.028838
4.043625
4.028410
9.023620
4.020236
4.018976
4.018177
5.000928
3.021295
14.021104
4.025693
4.037309
9.022174
4.015593
19.028122
4.038507
4.034348
4.023039
4.021296
4.012271
4.006868
4.011219
4.022441
4.034652
4.019790
4.022742
4.003904
4.011305
4.037785
9.027950
4.030260
4.022489
4.030500
6.029411
4.006577
17.029608
4.017500
5.007400
3.031847
17.007769
6.014846
4.029856
9.034101
4.036919
12.003772
6.046135
4.028358
4.019346
9.012078
4.015567
4.016659
4.047922
5.009387
4.011273
3.026572
4.038329
4.017886
9.009533
15.000928
3.028887
4.070501
4.040430
4.030083
9.020504
4.014023
9.026188
4.009853
4.015197
4.034343
4.030834
4.060267
4.046028
4.020604
5.002280
3.024809
9.048856
9.019037
4.012343
9.016988
9.020862
4.048822
4.030000
9.027140
4.010841
4.010659
4.016393
9.037805
9.049980
9.035391
10.006596
9.014020
15.004238
7.019757
14.025175
6.017316
13.011277
3.064094
9.040958
4.012463
4.013729
4.036866
19.011305
4.021670
4.028608
9.024632
4.047293
4.026786
9.053828
4.025232
4.037867
4.019117
9.005336
5.005304
3.034013
4.016819
9.013575
4.025236
4.017643
4.013975
9.009833
4.032900
5.004622
8.032698
4.013585
4.034939
29.015673
24.026332
14.015577
9.010259
4.012289
4.008194
6.000928
3.012431
3.039711
4.020012
4.039097
7.008169
16.010905
4.030257
4.015988
9.022902
4.034027
4.020664
4.011705
4.014249
4.051500
15.014301
8.028781
19.022448
4.019357
9.022670
9.005250
10.014103
8.014035
14.003698
10.009601
8.017626
5.009901
6.009041
8.005544
7.027091
4.021561
4.028917
4.007262
4.029671
9.020709
4.019560
9.011585
26.009561
3.002720
3.042731
4.030509
4.014044
4.031581
19.026438
5.027494
4.000928
3.034323
4.065935
9.041955
4.032392
9.016894
14.039291
10.003812
3.042345
9.043899
19.035474
5.007117
13.031830
4.046800
9.035495
4.026106
14.035549
4.014683
4.014855
14.012611
4.022981
14.030454
9.025300
9.021096
4.030630
9.029244
4.033850
14.026002
4.037488
9.035054
19.014919
4.025500
9.013083
4.028791
4.025378
19.027744
9.011637
4.030160
4.035134
9.029123
4.030734
9.019360
9.010859
9.023666
4.027890
9.010212
4.021397
4.032019
14.031075
4.038227
4.040238
4.028122
9.011904
9.019906
4.038515
14.011341
11.007935
7.026702
4.032417
4.008235
4.014667
4.053976
14.028032
9.015675
14.035211
4.035716
29.018326
4.019095
9.044395
9.032305
9.015895
14.018026
5.014181
4.000928
3.046914
9.012411
14.037148
9.025014
14.020041
17.006357
11.037941
5.005940
8.034332
14.048733
6.008901
2.043446
4.006502
14.011311
4.042196
4.035274
9.024894
9.027650
14.034429
4.022784
4.016819
4.016375
5.018102
8.057227
5.012117
3.046858
4.025636
9.021094
4.013181
4.018477
14.031852
9.033628
9.046780
4.036828
4.028296
9.027358
4.041769
4.024594
19.018560
4.033912
4.014175
5.000928
3.045209
9.029802
9.033450
4.028044
14.022142
4.024766
4.017587
9.027550
9.023602
29.015581
14.016027
29.026546
4.042966
4.016122
4.026905
4.024478
6.009161
7.011099
14.008840
9.011123
9.030095
4.020053
4.024840
4.048651
9.036899
9.019660
4.040631
4.024742
4.025059
9.017220
4.028255
9.019498
34.014369
9.021383
9.013969
4.032949
4.012249
4.034957
4.026698
4.032967
9.035401
4.048536
14.037071
9.015639
4.035433
4.028830
4.032014
8.003592
10.010569
5.000928
13.014251
4.033789
14.031092
14.022170
4.031408
24.016182
14.011235
4.014439
19.007035
4.045803
29.030319
4.030100
4.026533
9.030355
10.005470
3.056469
9.024927
4.019412
4.014489
4.036513
14.037176
6.009547
7.021350
4.035117
4.032427
14.015681
4.044645
10.013615
8.027526
5.017274
3.042362
4.040063
9.027152
4.061091
9.021823
9.021370
14.031432
9.039363
9.023846
9.037839
9.019358
9.020730
4.037456
9.023894
9.016674
4.060663
4.039528
4.029960
4.027019
4.028458
14.012157
29.020898
5.000928
3.035857
9.016793
10.015241
8.027664
9.011519
4.014776
9.016553
12.000928
11.019018
4.026642
14.031441
11.003752
7.019851
19.024114
4.030769
9.030285
9.032022
14.039702
19.020492
4.047872
11.004342
19.002300
7.008823
5.000928
8.014355
4.019153
5.008521
23.020790
9.014617
19.006562
9.026456
9.021110
4.036091
9.024380
9.021932
9.031701
4.052800
4.027496
9.015213
5.002220
8.026468
9.022490
4.038244
9.020271
20.008583
8.052985
9.013924
14.005430
9.024602
9.017273
19.012901
4.034413
5.003932
8.036524
6.003952
12.033491
9.029516
4.043875
4.016874
4.046457
4.028450
4.024986
12.006802
6.032676
14.022356
9.039105
24.018355
5.003732
13.002220
5.015688
10.000928
17.019666
5.005406
23.011079
14.020746
14.016153
4.022421
4.022722
25.015021
9.006977
8.046990
19.023802
14.009733
9.008054
14.018241
5.010297
4.005324
4.008275
8.037892
