2.034293
2.027212
6.018774
2.022957
3.017800
2.050680
2.051928
7.011053
2.035566
4.000928
3.000928
3.013831
2.032703
2.022622
3.000928
2.028342
2.035492
2.021758
3.034356
2.023395
8.014223
2.035490
2.043427
4.008949
2.005685
2.020252
2.005505
2.032360
6.003652
2.051785
2.027805
3.000928
3.008639
3.008575
3.000928
2.010161
3.000928
3.004198
3.000928
3.005005
7.012030
3.014275
3.000928
3.006737
3.002640
7.028392
3.000928
7.000928
7.005670
3.000928
9.004052
3.002220
6.045875
2.032659
6.032258
3.000928
8.003988
6.023658
2.036968
6.008434
2.041996
2.055242
2.030235
8.004098
2.048461
2.056528
5.016587
4.024268
2.059527
6.014123
2.045357
16.014343
2.032441
3.000928
2.072696
9.024609
2.029037
3.000928
7.008735
4.020942
2.052179
6.047720
2.053676
7.010167
2.031908
13.005165
6.021147
2.053086
3.000928
2.041226
4.026152
2.051088
4.008269
2.008995
2.025047
8.010751
6.026666
2.061338
6.010733
2.035200
3.014563
2.032595
2.030489
2.053331
3.010933
2.031954
6.005090
4.016854
2.021970
6.006721
2.029649
6.015144
2.027999
6.015487
2.053400
2.009415
2.034710
5.005751
2.042940
2.026990
2.059394
3.011013
6.011139
2.037045
3.000928
2.035686
4.008281
2.040594
8.000928
2.046366
4.020322
2.047987
6.023625
2.048935
6.015275
4.008947
4.013423
2.036975
3.000928
2.038830
2.021784
2.029909
2.036184
20.032464
2.027751
3.000928
2.035625
2.021163
2.013277
2.038176
7.014771
2.031593
4.007368
2.037685
6.009899
2.038594
19.003652
12.008200
2.064948
5.006842
2.030030
3.013683
2.041258
2.060243
3.000928
2.035973
2.028143
3.000928
2.047383
2.038050
2.019414
2.026339
7.018300
2.047929
2.027372
6.007749
2.056707
2.028379
2.040328
2.000928
2.036044
2.016628
6.008441
4.017835
2.015787
6.053698
2.039404
6.008375
2.033188
2.026307
10.011885
2.049353
4.013883
2.032127
4.008169
6.006010
2.027039
2.040657
2.062548
5.006569
2.039880
3.000928
2.036344
2.040389
6.053137
2.048996
6.020429
2.030827
6.004164
3.005405
25.015395
2.031743
6.022776
2.024821
3.008209
2.039500
2.044383
7.000928
2.051505
11.025048
3.017307
2.048308
3.015855
2.037199
2.022937
3.000928
2.068818
2.037188
6.032573
4.041530
2.061037
3.018935
2.103031
2.027733
2.031679
2.052207
7.003532
2.026931
6.000928
2.052492
2.019040
2.034280
2.051760
6.017713
8.010439
4.022530
2.035106
3.000928
2.038726
4.017206
2.031473
6.010709
2.022517
2.028592
2.022777
15.031081
4.025679
2.065989
6.002220
10.002220
3.005751
2.030134
3.000928
2.043956
2.023295
2.022416
3.014310
2.044811
3.008474
2.053871
2.025273
6.011217
2.053326
2.027875
2.062006
5.010751
4.027549
2.024504
2.016243
3.010227
2.020784
6.013192
2.019192
2.022225
2.022156
9.002440
2.013837
2.039568
4.025686
2.062970
3.007062
2.076025
2.017282
2.016080
2.054916
8.007949
2.025973
3.036384
4.011165
4.027146
3.000928
10.005936
2.040861
2.043375
2.047024
7.008123
2.062363
2.051097
6.011177
2.050476
6.014656
2.040307
7.000928
2.054375
16.013245
10.010573
2.039207
2.064533
6.029898
2.031407
3.000928
7.015988
4.018539
2.046109
6.014011
2.044898
2.035193
2.025899
10.008501
2.041175
6.021530
3.009681
13.008129
3.006877
7.018089
3.005005
8.004524
3.019822
2.041545
3.007949
3.009409
2.026472
3.012025
4.047843
3.013523
9.003592
8.008069
6.008054
4.036208
3.009341
15.008907
3.008355
3.019094
3.009501
2.066889
3.012991
3.014343
6.024136
3.017669
10.010107
3.009601
17.010419
2.072481
3.010081
8.010347
6.024288
3.009541
13.016467
3.009573
7.031124
3.012737
20.012299
9.013891
3.009621
3.021412
6.055995
3.008895
3.007895
3.012871
2.043171
3.007809
8.018511
6.030159
3.015056
9.003572
10.010045
4.017219
3.008629
8.017469
6.012446
3.009761
7.034858
7.015075
3.008659
9.003792
2.012179
3.019422
3.015861
3.015986
3.012797
6.007229
3.012145
7.030747
2.059731
3.008089
31.007037
3.009927
3.012185
3.009967
4.008529
3.007835
3.006997
3.035119
9.030230
3.006877
15.016135
3.011599
30.011477
3.009721
17.019026
2.073013
3.009207
8.014990
2.000928
3.021038
3.010081
10.010281
3.014909
3.003752
4.012931
6.015957
3.010081
10.031740
3.008435
3.027845
3.009941
2.077972
3.008927
6.012799
3.013769
3.012651
5.025241
4.021156
9.017553
3.017648
3.029237
3.014896
2.041094
3.009641
8.006717
6.013241
4.009867
3.011763
3.012039
3.012951
3.009401
3.014089
3.009941
9.004032
7.040447
5.011405
6.024242
3.009921
3.015595
3.010919
3.000928
3.013755
3.012931
15.017921
4.022776
4.020020
5.005915
3.021154
9.022430
3.004052
3.000928
2.007697
3.018786
3.005305
3.013293
3.004678
8.006437
3.021262
3.006922
3.012493
6.029783
3.006917
8.015950
5.006616
8.019035
3.000928
3.000928
3.008109
3.005005
13.003592
6.009513
3.015835
20.022783
9.014915
3.014509
3.009961
4.008229
3.011925
2.079456
3.009701
8.030280
7.000928
3.031375
3.007929
5.019872
7.018997
3.014517
2.056167
3.013565
8.004298
6.032541
3.015146
4.004012
3.008389
12.010667
3.012811
3.012397
12.020878
7.032799
10.013763
3.018926
3.015596
4.006537
11.000928
5.007097
2.035638
4.008492
4.026387
4.028932
3.005205
9.013617
7.015615
12.037795
3.018007
10.026153
7.015070
6.009807
3.009501
2.010481
2.048207
3.008309
3.011539
6.029899
4.018931
3.010041
5.009293
4.028082
9.023758
5.002726
3.027842
5.000928
3.020885
3.012386
13.008041
6.035702
3.011933
2.009355
2.064167
4.024906
4.029164
4.011519
3.012071
5.007980
4.024189
3.009787
9.003812
3.013579
2.019413
3.025873
5.000928
3.018884
3.015236
6.009039
11.010531
2.026138
3.027854
3.016860
18.019024
3.007137
3.000928
3.017048
3.011439
8.016782
4.007949
2.019662
3.051672
3.008649
12.020807
3.000928
3.016873
3.016314
12.006197
19.009927
7.023812
4.008515
3.008835
9.005365
5.007082
3.015683
13.009107
6.015023
3.006283
5.014043
3.008835
5.027092
6.018700
3.000928
3.015642
3.005185
9.008981
4.004032
3.004344
11.026384
4.002220
5.009441
3.027067
3.007627
3.009427
6.023298
3.010167
7.015970
16.010925
9.003752
2.028311
8.000928
3.046076
3.012911
3.019529
6.028959
3.018406
8.007721
7.004363
3.021530
3.013507
10.006090
3.018782
3.007323
2.007855
3.022735
3.013897
7.007077
8.006496
3.033457
3.009567
9.007829
6.000928
4.000928
3.033739
3.009881
5.002220
4.024542
3.011219
8.015835
6.010773
3.006437
3.029355
7.003632
3.020914
17.016994
4.009961
6.039873
4.012137
3.008109
4.008049
4.003552
8.024613
6.032132
3.007357
11.014069
13.028029
9.027832
7.006090
16.020378
2.010607
7.015915
3.014029
5.003932
3.019298
3.020343
20.037571
3.006557
13.016762
6.024150
3.007483
7.025211
7.020623
3.010435
8.008895
8.003892
7.002220
9.008575
3.012531
7.010559
7.024714
3.015041
7.000928
3.014585
3.026761
3.016328
8.013300
10.007589
8.003952
4.005025
6.005470
3.008895
16.014563
3.017168
3.011379
10.043791
3.017113
7.006823
10.018592
4.010211
3.014123
7.039752
4.026431
4.021412
3.021199
3.008249
7.003612
3.033794
4.011511
4.025300
4.011885
4.020110
3.006357
6.021667
6.033056
4.008029
3.009700
12.007143
3.012397
8.014875
4.009315
12.004483
4.004132
3.042596
4.009693
3.011119
5.037925
3.014257
3.020959
3.014837
5.003632
3.027326
3.009827
3.020100
3.010027
14.003632
8.006317
6.012299
9.007881
4.019212
3.011619
3.002460
11.015156
3.005805
18.005425
5.009721
3.007769
11.017268
4.021804
4.012591
3.011385
8.010943
5.008469
7.004052
3.006683
3.030122
3.010585
3.013649
5.004032
10.007129
14.026803
4.022702
3.014844
20.026234
8.003612
8.019612
5.008209
3.009313
11.043792
3.008849
18.012251
3.010553
8.004442
3.033813
4.011539
4.017161
3.014029
16.009235
12.005765
12.015204
3.009281
4.003552
3.031096
4.020878
3.016296
4.003892
6.000928
3.028402
5.009421
3.020590
4.008795
10.004082
3.026428
4.026714
9.019938
3.007869
5.009683
9.015947
3.019311
2.010685
4.009761
3.008409
3.034301
4.033071
3.023096
8.019483
3.009633
7.019946
3.024075
15.018699
8.002220
4.003592
4.002640
15.005090
4.020056
3.014385
15.005670
4.017519
4.006350
5.012677
3.021277
4.028883
4.018605
4.033459
5.009747
8.008907
4.038529
3.008129
40.005390
10.005825
3.029892
4.010419
4.005596
3.008359
9.003692
5.039716
3.017668
3.011930
7.008075
8.015629
3.022488
10.021591
6.004012
3.003952
8.007795
4.049758
4.032033
4.017058
4.018474
9.015955
10.003692
8.006743
10.004563
3.048481
5.007334
3.042168
4.023398
4.013723
4.029655
4.011253
15.004965
3.043625
4.011385
4.022936
9.006170
4.049996
4.049130
4.037973
6.000928
12.006422
4.008674
5.004032
3.025087
4.027529
14.023002
4.030770
4.043615
9.029047
4.022991
4.027711
6.012731
13.003572
3.037695
4.025839
4.012791
4.012818
4.032557
4.041590
4.025910
9.011885
4.022444
9.011227
5.003612
3.036872
12.003692
6.023864
5.018061
4.000928
3.032377
15.004563
3.037345
4.012583
4.022756
4.014515
4.014015
15.003712
3.043346
4.021630
4.017214
4.015421
8.003912
5.015641
9.027721
4.018854
4.041882
10.015317
4.000928
8.014829
6.003752
7.010167
4.018121
4.019126
4.018324
5.003812
3.035904
9.034640
9.013621
4.036215
4.014049
9.015491
4.034606
9.002220
5.000928
3.037401
4.039589
9.045443
5.004012
8.006130
8.003752
5.017582
9.007788
4.034953
4.013423
4.037035
4.030462
5.007379
3.014709
4.013683
14.008755
5.000928
3.027726
4.023422
7.003992
6.009281
4.037725
9.006010
19.006569
4.013139
4.031295
4.008575
9.002220
9.011571
5.014480
8.035932
4.012991
4.024534
5.002810
3.020292
4.017782
14.025774
4.011339
4.017987
9.018894
4.013683
5.002260
4.005385
13.013027
9.046131
5.004132
3.044802
4.013743
4.010239
6.003552
3.004132
10.003872
8.000928
4.004132
10.003672
7.019572
4.037869
9.008215
8.003592
5.027825
9.010273
4.019539
4.014444
9.005710
4.010366
4.024103
4.023960
9.007183
4.017361
19.026530
9.017788
4.026446
6.006497
7.009793
4.019625
4.031759
9.020789
14.027054
4.014241
7.005605
13.012452
19.003692
8.003672
13.008847
24.013689
19.018732
4.013571
9.011291
12.003872
6.016973
10.000928
3.018227
9.021466
14.018678
4.051922
14.012645
4.023868
4.022050
9.009359
9.011239
9.012711
10.002870
8.008014
9.003858
4.023592
19.020952
4.015727
4.018526
4.023300
5.003772
8.007509
5.002346
8.008581
9.022704
4.029471
4.029249
4.040345
4.034105
4.024502
5.003772
8.013604
15.004850
3.046058
4.033061
10.008899
14.002220
13.017926
9.046155
4.018063
5.003672
10.003852
9.004032
3.018185
7.003812
11.013900
8.048181
5.005895
3.034525
11.011013
9.004052
7.033298
4.021604
9.010439
12.004012
6.025316
7.003892
6.016828
4.016961
4.011199
6.006015
12.031075
9.030425
4.032123
4.035625
5.008799
8.014916
9.019938
9.013769
4.041201
4.034153
5.005410
8.028752
5.003632
8.031111
9.010985
11.004112
17.005336
4.019415
7.003732
6.052377
9.022949
9.024660
4.049829
9.026365
4.026881
9.016557
4.034430
9.005190
4.040811
4.025494
9.002220
9.006303
9.021691
14.023766
4.017627
4.044147
14.008166
16.003692
7.014902
4.025088
12.004112
6.030551
9.006150
14.034083
5.000928
8.030263
6.000928
7.038171
4.017249
10.005730
8.033857
9.034891
10.003692
9.003932
3.034171
4.038395
9.034007
26.003792
4.007037
4.006497
3.003752
60.002760
7.021090
4.019052
8.002660
20.021810
6.000928
32.009906
7.002820
26.018559
5.004123
4.003592
8.017585
6.006617
7.022690
9.030953
11.004072
4.006583
8.003912
8.006130
6.003572
7.010802
4.017228
8.002760
20.023328
4.021800
9.014369
6.004052
7.016962
4.034236
9.012617
4.037644
4.021665
4.016031
9.014602
10.000928
8.011566
5.003612
8.007975
14.011939
4.028550
10.003832
4.003532
4.015122
8.018912
9.029671
5.000928
8.023322
9.031361
4.045392
19.035625
4.032310
4.039172
6.002680
7.027018
5.006677
13.032567
11.003672
5.004132
12.017523
8.006010
4.019433
9.031826
14.018645
14.009102
4.021044
11.003692
7.020641
4.035880
9.008646
17.005725
11.012247
