2.033734
2.021848
2.016542
2.021336
2.016282
2.046877
2.009773
2.009927
2.016334
76.010301
2.013824
3.004583
14.026597
3.014822
11.017067
2.029649
2.021430
2.027445
3.009349
12.003572
2.022190
3.035893
2.015465
2.051765
15.014783
12.028513
6.009807
2.032108
13.003808
2.032923
2.036983
11.016372
2.055682
2.024621
2.018892
8.017794
6.027279
2.031876
11.027967
2.043285
6.014955
2.042256
6.024354
2.022276
2.018626
2.029130
8.011179
11.039011
2.050399
22.008830
2.033930
3.033779
2.010813
2.049962
10.007389
7.016681
2.021078
2.024687
3.020622
2.033021
2.025073
3.010805
2.008269
2.012791
4.011353
10.006602
2.033439
3.000928
2.048793
2.033154
2.013997
2.036784
13.008549
3.018999
2.040087
2.018946
8.002406
2.047481
2.031503
6.008420
2.027631
6.015162
2.044265
12.003792
2.027666
3.014910
6.031868
2.013424
7.003752
2.046086
5.036068
11.012425
2.035166
2.032953
2.033873
2.035538
2.029523
2.026781
2.031735
12.004263
2.043022
20.036213
2.028751
7.005736
2.034806
12.010733
2.030130
2.046755
2.016582
2.034960
8.016348
11.007542
2.041913
3.004112
2.041073
2.018026
2.018727
2.013904
10.008121
6.002666
2.078107
20.004198
2.038801
5.005030
16.025522
8.000928
2.026419
11.026607
13.012505
6.015336
4.009867
2.058990
2.036290
7.003712
2.038768
10.017800
7.012937
2.031332
2.030193
4.013395
7.026460
5.015542
6.008095
2.042327
6.016493
2.038848
3.000928
2.069939
2.016474
7.003772
2.048457
7.011433
2.080770
2.052671
7.003972
2.049621
3.036761
2.021558
2.028213
6.005994
2.048845
3.003752
8.003612
2.024720
2.042295
2.023517
2.039936
3.031801
11.017080
2.024941
2.030029
2.015056
11.004092
2.013943
3.029753
2.010667
2.020558
2.011473
2.030597
2.025759
2.024775
2.045238
2.034222
5.013037
7.003988
2.023875
3.030411
12.003652
2.036656
7.007337
2.028246
9.018272
2.021272
6.026958
2.035858
3.000928
2.033678
2.035104
2.014457
2.020610
7.020292
7.006422
11.018374
7.020657
14.043114
2.019598
11.024880
2.018051
17.003572
2.035034
2.032318
2.032109
2.023290
17.003612
2.025961
32.025232
2.036192
2.019212
4.000928
2.020326
2.037253
2.019200
2.051305
2.019892
19.003752
6.010579
2.012807
8.000928
2.024555
2.027906
2.005625
2.048035
11.009487
5.015156
2.041495
2.051715
7.005170
2.046158
10.028826
6.011345
2.078036
2.037982
7.004052
2.029873
2.020038
2.042624
2.014084
14.002886
17.003992
2.029151
10.031266
2.028091
7.003952
2.036684
12.015822
2.029609
2.016454
11.034304
2.047715
6.030195
2.022963
7.003712
2.023177
21.004132
2.039519
5.018998
2.020246
7.005670
9.003652
2.047079
17.012445
2.066777
2.030883
11.005670
2.050597
6.005850
2.012571
8.000928
2.043918
2.022197
6.033311
2.032388
7.005410
2.016408
5.002220
2.043525
2.020100
2.019158
7.017441
2.037619
2.043997
2.019598
2.013058
12.016382
2.029597
2.044381
2.003852
2.021331
4.003612
3.018619
2.018746
2.014756
3.022622
3.000928
2.037011
2.022136
2.019400
2.034632
8.015116
2.026227
2.037698
6.035273
2.024249
10.025468
4.048913
2.043942
7.003712
3.015243
3.003792
4.003932
11.012431
3.014011
3.003872
3.023214
3.000928
3.003812
3.011213
2.023309
11.028171
2.027717
3.004092
2.030363
2.011912
3.005390
2.032428
2.027497
17.003912
3.008361
2.011991
12.008868
2.024967
4.003932
15.026115
13.003632
4.008389
8.016347
7.000928
2.041494
10.013997
8.008169
2.016170
26.007223
22.007283
2.028969
3.006642
23.003652
6.018686
2.019140
2.000928
2.033374
7.007003
9.008155
2.057294
4.009387
4.033813
2.028105
6.008694
3.003792
10.002220
2.014183
2.005485
2.011991
8.008739
6.029420
3.004012
7.000928
2.027080
2.019664
11.010619
3.003892
13.012485
6.021372
3.007750
8.003912
2.014078
2.019152
3.015757
6.035014
2.029625
8.032817
10.011771
7.003752
2.016556
4.004012
5.008042
3.000928
5.021224
2.015616
22.003678
2.028796
14.003992
4.004072
4.002886
17.003692
7.052161
4.027462
3.004112
3.003808
6.039705
2.019026
6.008780
3.004092
5.024976
3.003732
3.003146
6.018380
2.029532
2.010067
2.027446
7.034513
12.005990
6.013339
2.051711
3.003932
2.015896
2.047709
3.003852
6.019192
3.028103
2.028691
22.016949
2.018810
10.012931
2.030755
7.000928
2.022122
6.017215
8.009959
3.003992
9.008509
6.003632
3.010327
21.003532
3.015986
2.012463
21.004072
2.037768
10.022237
3.003852
6.003952
2.039402
3.003578
2.013498
3.027653
3.003652
5.016834
3.003792
5.027259
3.003732
18.015769
19.018366
3.018874
7.013771
15.005605
4.004213
3.023568
3.005345
11.006557
14.004132
3.025301
3.007297
3.004053
6.015203
4.024269
9.005431
15.008429
2.041962
9.008389
3.020860
5.000928
3.008189
3.015136
2.035638
3.000928
72.003612
2.046369
2.010685
11.015101
3.003190
5.020258
14.029764
3.003832
3.009255
11.024134
4.032739
3.003692
9.003832
10.005231
4.035035
4.027421
2.026693
12.003592
3.014703
2.015135
11.016379
2.019458
11.026577
3.004112
11.002426
3.011745
2.022723
11.008395
3.004052
14.003812
15.025286
6.034072
2.045884
3.003652
4.010199
28.051430
3.009993
3.004112
3.014209
3.006803
6.003532
3.018234
3.008569
4.002726
10.011253
3.018445
3.003672
2.023783
3.020198
8.006154
5.011173
3.007083
6.017760
6.003553
6.021815
2.026919
7.004132
2.016682
6.004092
2.023883
3.003913
11.037163
3.003592
3.008229
7.004072
3.011165
2.026639
6.044137
3.003592
10.014809
12.019926
2.005885
2.015900
5.010871
2.012992
2.006777
2.034240
3.005050
3.000928
2.059886
9.012105
2.023715
17.003812
3.023162
4.031291
3.003852
7.021511
2.022608
3.003932
27.003832
2.042979
2.015316
6.038847
3.003932
9.002340
2.012346
2.063134
3.004118
5.016195
6.009675
7.018221
3.010813
3.004032
4.007849
3.010173
7.030991
5.003752
4.003672
3.031875
3.022268
3.041226
10.007197
4.003752
3.008369
11.019086
4.008194
24.018735
3.003872
3.013611
17.003652
3.007242
2.025572
11.007282
4.008047
4.021798
4.017905
3.006090
10.012784
3.000928
4.011285
4.008049
20.016999
10.002700
4.003592
3.019582
9.019072
3.021135
9.003992
5.012978
3.005028
5.006623
2.019212
12.003672
3.007003
3.003632
2.003773
2.057841
3.005190
9.017824
20.030599
2.017934
6.022403
3.003972
5.023154
3.003972
6.006279
2.009919
4.003532
2.026294
2.067424
3.004970
15.007602
9.028482
3.004198
20.007262
3.003712
4.005625
9.006870
5.025815
3.005350
12.004132
2.047745
3.004032
3.010493
6.013057
2.019840
9.005710
7.003972
3.008814
3.006577
5.018068
3.004072
12.002566
2.037030
4.051263
4.009515
10.004687
3.014223
2.021448
3.007776
3.000928
3.003718
9.012271
4.012635
5.003732
3.008834
3.004132
20.017441
4.020604
3.000928
15.015130
4.007168
4.028273
3.000928
9.004118
18.002786
7.003732
3.006943
2.011499
3.000928
7.007043
2.033490
3.003772
2.029809
3.000928
5.004198
4.031448
3.000928
6.003832
9.004112
3.008681
4.016834
2.016288
3.004072
2.027625
2.027039
3.000928
3.004012
3.009787
4.013663
4.007228
3.011025
3.007935
6.025438
7.008643
18.000928
3.002206
4.003752
3.033472
4.005271
14.003938
4.031546
3.012799
24.000928
4.005045
5.012923
14.028459
4.010553
15.003792
13.014924
2.024966
13.009941
8.003852
3.017715
3.023897
9.003612
6.003852
3.014031
3.019830
4.003572
9.007990
8.005450
6.028469
10.002566
3.017026
3.015356
13.008469
11.028154
4.010333
3.010235
4.003672
3.004068
11.019138
3.009587
5.022864
3.011619
25.012677
4.023496
4.018900
6.013097
7.032914
18.013655
4.003632
5.007242
14.031493
3.012209
10.044169
4.048421
3.020430
5.010859
5.003552
3.018600
3.008955
4.009867
3.030485
6.017924
3.007463
4.011793
4.014823
5.019293
4.012457
3.011665
8.000928
7.007117
13.007522
3.015449
4.010721
5.014657
3.008815
10.021876
7.000928
3.012819
3.022737
3.015235
3.007103
6.004032
4.003832
3.011491
5.000928
8.012977
4.011085
3.007303
7.010030
3.006597
3.020638
4.030789
14.012557
12.010605
6.006723
3.012539
4.003692
5.011635
4.017361
3.012425
6.008027
3.016740
3.011090
5.039187
4.036556
8.011985
5.009014
3.007683
4.002220
9.029407
5.028139
4.013764
4.019298
4.039870
4.028537
4.009247
5.003772
3.018746
10.000928
3.019132
5.000928
14.003912
3.014876
4.021398
3.014024
5.030202
4.026840
13.006837
4.012649
10.048921
24.007243
58.005025
15.017194
18.015558
5.029682
22.010673
3.003792
12.028236
18.006857
11.004012
4.000928
4.007447
3.017296
4.016394
17.000928
16.017195
6.000928
7.015301
3.019117
10.021750
9.047828
4.022142
6.006437
7.024712
3.009219
5.040803
5.003552
3.042110
3.007003
4.006737
14.003932
5.010567
4.034105
9.035485
6.002930
3.003206
8.010433
14.023388
4.028192
3.006723
5.031003
4.019412
5.006035
3.052600
3.018397
5.049642
4.010713
5.004622
8.025374
4.022918
4.011101
10.000928
4.015781
4.004012
3.028558
4.009587
4.021170
4.027123
4.010787
9.034879
9.028436
11.000928
3.010890
8.021296
3.009987
15.027464
5.005735
4.003146
3.034492
8.014911
7.005791
3.011589
14.012310
8.027511
10.000928
8.005770
4.038181
5.000928
9.009133
4.006661
4.007162
9.000928
4.006737
3.052973
15.007767
3.031293
9.032426
3.007763
11.003992
4.023402
3.035599
4.016268
4.012731
4.030182
9.025208
5.003532
3.013590
4.057697
19.019314
29.036223
14.039085
4.012511
4.018226
5.000928
3.034852
4.010601
4.051159
4.020438
4.024240
4.012607
5.003552
4.000928
3.047190
5.000928
4.000928
3.013944
10.003612
4.004052
3.046263
3.017971
12.003752
12.013377
4.012233
4.014204
3.021177
26.003972
3.028405
4.041458
3.017015
20.005670
10.004132
3.034425
6.010043
22.006602
9.015576
4.018120
4.013037
4.020958
4.008055
4.025747
3.006683
5.020894
20.004052
8.005790
3.009865
15.011445
9.011651
9.038723
10.000928
8.037530
3.012285
13.007077
4.002660
6.046624
6.006557
5.003612
6.021222
4.012697
3.007023
4.002680
10.042368
4.013525
12.005610
11.032227
16.006923
12.018112
10.000928
5.006577
3.005081
4.003572
4.003772
4.002760
8.011133
4.015343
9.010813
4.046846
3.013743
15.007362
5.003572
8.033796
4.034640
11.008395
18.003632
6.000928
6.020790
6.003732
2.028245
4.011047
4.049478
4.022296
4.015402
9.023422
3.014563
10.009882
8.000928
3.026515
5.007157
5.029258
3.027792
5.029911
3.014243
15.032855
4.025899
4.016488
5.003812
4.027442
3.062311
4.012351
3.009381
7.010527
3.009561
9.003592
3.023155
7.007117
7.003872
4.003852
3.021842
16.002326
7.014249
5.000928
8.018986
11.003832
3.011313
9.011190
8.041794
4.010539
4.015876
6.006297
10.000928
6.008555
10.003852
3.028869
4.016650
17.003592
6.015121
6.003892
3.002766
3.022070
19.023116
7.003632
9.004132
16.022991
25.002266
8.017207
4.014295
14.005750
6.003892
4.000928
12.003884
11.013885
5.007023
2.012671
4.011525
6.009279
5.007003
10.013257
10.003652
9.004183
3.055470
6.007277
6.003752
20.010461
10.003892
5.004072
13.008759
3.023914
5.003952
5.003898
4.000928
5.006657
7.017399
8.007102
10.003672
3.032099
14.005470
20.003792
8.007022
9.048773
9.004124
6.006937
8.003732
14.003772
8.036090
10.011186
13.006622
4.014363
4.013989
4.044641
10.010170
13.011665
6.004132
12.024633
4.004004
10.003652
9.003552
3.030232
17.003952
11.044215
4.037996
16.003852
4.004707
13.000928
3.032953
9.010727
5.004563
44.000928
15.004032
12.035063
11.000928
6.005350
31.002220
5.000928
4.007371
7.032979
14.009426
9.012505
6.000928
5.006637
12.003752
4.002680
7.003932
5.011863
9.018512
11.002766
7.003978
4.030784
4.018298
5.003086
13.005790
18.008401
4.006537
10.014524
15.000928
10.006397
12.039002
5.000928
5.000928
8.000928
3.040587
9.016956
15.004222
3.024315
6.006637
3.003286
8.020498
5.008359
4.006577
9.004092
15.006717
8.004052
14.003712
8.014375
9.044168
4.024042
14.018622
14.019478
4.016659
19.048253
14.015622
9.031380
4.011605
4.043100
6.000928
3.004032
3.054143
14.026252
11.004603
12.002220
4.027000
14.028872
14.012597
25.003552
8.011911
5.003652
18.023201
7.003366
12.000928
8.005650
5.010370
13.013203
6.000928
13.002546
3.042555
17.014987
31.014849
4.021778
7.000928
11.030292
10.004282
4.004072
8.026116
6.003592
8.000928
8.004164
