6.009939
7.011685
3.020984
3.036032
3.024735
13.032668
3.020910
4.013143
4.017694
3.030144
3.048052
3.018760
18.033820
4.034620
3.024555
3.026080
3.034297
3.017468
2.022673
4.009881
4.013463
3.007083
3.043863
3.014884
9.018994
8.020644
4.013903
5.009901
3.010861
13.027053
2.043744
3.012426
10.020018
3.014383
18.010505
4.013591
9.029244
17.016592
3.050801
3.018444
7.005225
4.009621
9.003612
3.036996
3.023715
3.025763
2.028479
4.009841
7.031560
3.018899
22.012165
7.009513
3.012698
12.020679
3.011473
3.024264
4.028636
3.028301
2.017282
3.014198
3.060464
3.018166
8.023569
2.021876
3.041281
3.018786
17.019846
5.006217
3.010913
7.020418
3.019226
3.014503
13.031342
3.014890
3.021336
3.015773
8.006597
3.012511
7.019668
3.052273
2.021272
3.018194
3.044675
3.028357
23.015035
8.033991
3.031467
3.054996
3.031315
8.014243
9.009301
4.009601
8.015110
4.005191
4.013418
3.008329
8.052224
3.029109
2.008175
3.015070
3.045243
3.013918
13.013137
4.033987
8.031847
3.023661
3.029001
4.011927
3.015489
33.007929
3.038334
3.008149
3.042750
7.025217
13.020720
4.011851
3.010407
3.034190
3.009681
11.021550
3.029619
3.035925
22.032253
4.009521
3.015401
3.044673
3.018646
7.013477
3.023689
3.029276
3.034909
13.018239
3.030439
3.006762
3.044571
3.024029
13.019027
13.010974
4.012991
3.017734
3.043919
4.021889
3.029649
9.011933
22.016328
4.003732
3.018728
3.036525
3.011431
23.024549
3.018206
3.010819
3.033498
3.037452
2.027399
3.030770
3.036916
3.037051
12.042386
9.003612
12.019812
3.031411
8.007869
3.036899
8.013613
3.035100
3.024839
7.052290
3.016783
3.040169
3.023256
18.016841
8.015110
3.007809
3.028085
3.024061
13.031168
3.026373
12.008581
3.021322
3.014330
3.033135
3.022615
3.096349
3.021790
3.008129
3.012937
3.010147
3.033605
3.017122
13.000928
2.020794
3.038075
3.037772
13.005245
8.000928
3.033282
3.054510
3.015896
3.023048
3.031995
7.019844
3.010694
3.006948
3.018786
3.009001
3.028371
3.037290
8.014509
8.024155
5.003692
4.008255
8.004543
4.007197
4.008549
3.020964
3.044190
3.026692
3.015562
13.011293
3.018520
3.028837
3.020073
18.008861
8.000928
4.009441
3.022281
3.028225
3.016076
3.012505
3.015650
4.003572
3.015809
3.027631
3.036532
40.029775
3.023435
28.012031
19.020067
3.025029
7.015672
12.012333
3.024151
3.012635
3.048857
3.017422
12.017260
7.023156
3.022708
8.027479
3.031536
3.033123
3.065167
3.027113
5.018128
3.027054
42.017222
7.055271
3.056509
8.024529
3.023364
3.011413
3.024508
3.015403
17.028572
3.024121
3.043576
3.058102
33.012126
6.017608
5.004283
3.037258
3.025175
7.023303
3.032595
3.029151
3.039184
22.009021
4.003772
7.018398
4.043766
3.011033
8.018608
8.000928
3.030084
3.031816
3.048751
10.015289
3.033840
31.011713
3.041414
3.017914
10.018552
12.028198
7.040358
3.057132
3.037024
23.009833
6.026607
3.022407
14.006537
5.005757
3.037656
8.006743
4.003732
8.013092
4.015269
3.023103
3.046617
3.016888
13.011826
4.008529
3.027698
4.005185
5.003573
11.026666
4.028904
3.029477
12.014730
4.007509
12.022858
3.030498
47.000928
4.013589
3.024775
3.052612
4.018338
3.024049
34.009839
10.031223
3.037062
10.002626
3.032918
38.019377
3.033314
7.009227
3.013757
3.019324
4.009621
8.020926
4.006657
3.009521
9.005023
8.015587
4.013348
4.032381
3.059978
3.013045
28.005065
3.008029
3.033113
3.034816
3.022230
9.000928
13.049092
3.018846
3.029369
3.023244
7.007077
7.011005
7.015670
9.003712
3.013226
3.012403
8.022498
3.030383
3.020620
6.037535
3.042691
5.014309
3.032318
11.008955
3.027751
3.024132
5.021876
3.037494
34.016328
23.005225
3.016343
7.022956
3.033348
15.022976
3.016968
18.010679
3.009261
7.024058
3.054538
2.016196
3.022714
3.089447
4.010859
3.059148
12.026584
4.006677
4.019664
7.025226
4.018360
4.017559
4.011511
4.036186
3.009207
8.023563
13.005711
4.013977
12.014996
4.017760
4.009713
3.015230
3.020731
3.013085
7.027613
3.016350
14.024328
7.018420
5.007717
3.046861
3.027853
3.020870
3.027068
3.027157
6.016977
3.015335
15.051793
4.036689
3.013632
33.016360
3.041516
3.022144
9.004562
3.036337
4.031612
3.038687
3.014817
3.014950
7.020464
3.011073
13.009447
4.007216
13.016144
7.017751
3.046763
3.012231
3.022424
4.006837
4.014124
4.019018
4.015577
4.014448
3.028234
3.072237
3.011393
3.012611
4.006075
9.006337
9.009381
5.005105
2.047633
7.014529
3.018588
15.008227
4.025299
3.005785
18.016525
3.005944
8.004442
3.046888
3.033351
7.017828
6.003912
25.012891
3.016994
28.025629
7.005385
3.054744
3.022577
16.013918
3.078835
4.033721
3.014169
5.008415
4.019970
4.019492
3.026635
2.043550
3.018570
3.039496
4.010161
4.053394
4.014583
3.013037
12.019234
3.027882
3.044550
3.008235
5.017892
4.007929
4.008115
4.015188
3.026241
3.020616
11.010105
4.015202
4.013776
4.041362
3.010795
3.027010
4.006876
4.003533
11.006703
4.026012
4.018214
4.027678
4.030615
4.033666
4.065463
9.027712
5.013669
8.008694
4.029037
4.030729
4.053765
4.021908
4.010227
5.004583
3.029022
6.017795
4.003592
12.022810
5.004623
3.022217
3.015176
8.016062
14.029264
7.007483
3.048237
3.028493
12.012931
87.054269
4.047631
10.000928
20.003673
4.005111
4.011866
3.026151
4.004032
3.023669
4.039487
4.036322
4.015016
3.011459
5.032814
3.018732
23.000928
5.006897
1.014751
4.006463
8.010853
4.009593
3.025578
28.016548
11.017380
3.007949
2.011646
7.026885
4.006963
4.027905
4.032420
4.032572
4.018895
4.006663
3.010747
10.018754
3.032047
6.006936
8.016727
3.020438
7.011353
12.008995
4.017980
3.024340
14.006909
5.024914
4.022223
3.011213
4.013238
18.003632
3.021738
5.011830
6.030417
3.018980
3.012726
4.006756
10.000928
8.013535
16.028310
4.055331
3.012571
10.016116
9.031367
3.032577
21.009881
3.030149
4.038970
4.031761
3.018906
25.031926
4.035628
4.022380
3.040098
3.014365
21.015083
4.010979
4.014895
3.008069
5.039952
4.016834
3.015036
22.016410
4.010759
13.004643
3.023388
3.035418
13.004950
13.018906
12.012531
4.008075
4.050719
4.017328
3.017468
13.012179
2.024714
8.022376
3.022888
7.010633
4.003852
4.006743
7.033293
4.012851
3.018882
15.035356
3.017082
3.021794
3.019949
5.011225
6.017333
4.013011
9.013804
4.005131
4.014570
4.020748
4.024397
4.009593
4.028163
4.014181
4.011479
3.029709
20.018048
4.052967
4.024387
3.008649
10.016520
4.018000
4.041088
4.059764
4.026721
3.034527
3.016868
4.009421
8.004092
7.020606
3.016910
14.011293
3.019424
11.022814
4.016087
3.015787
5.018280
3.011425
10.008035
3.018914
33.006603
8.019984
3.021850
9.004262
3.028656
4.055583
4.016733
3.015482
17.011745
4.005345
7.026319
4.006669
4.018708
4.016088
4.018240
4.033220
3.014850
16.008775
3.056708
3.009567
20.023812
4.034915
4.027573
4.036449
4.016988
4.021729
3.014551
13.016542
11.030642
4.034597
4.015582
3.012179
5.055580
5.007056
4.003672
3.030497
4.019160
4.053588
4.026977
4.012371
4.008015
4.035170
4.030047
4.048078
6.009019
3.013237
8.011559
4.021910
4.015627
9.028448
4.026252
4.030323
5.011073
5.006557
17.027865
4.015573
4.017240
9.030693
4.023148
4.018246
4.037745
4.002220
9.029471
4.016774
5.008299
3.035993
4.033640
4.018820
4.025215
4.037503
4.008755
4.011925
9.031070
4.015535
4.031232
4.023801
4.039329
4.019072
18.008419
4.015528
23.006997
5.012686
4.004072
19.006677
10.006823
4.040437
4.035256
4.029945
9.010079
4.017066
9.033391
4.040544
4.044779
4.029461
4.019604
4.006763
5.007814
8.018925
9.019816
9.015635
9.023542
4.044224
4.048006
9.014175
4.025255
9.033382
4.016994
9.013455
4.026281
4.015941
4.015779
5.004905
8.021147
5.007574
9.008859
18.019352
9.012885
19.021970
5.005236
13.007042
4.030599
4.034135
4.024335
4.056244
9.023664
9.056737
4.049149
4.063219
9.025408
4.063244
4.040779
4.029858
4.053513
5.006397
8.022385
4.044352
9.019878
4.056565
4.041806
19.042780
4.034315
4.024908
4.065722
4.031196
4.040010
9.052286
5.017412
8.032981
4.014603
4.030725
7.006957
16.009859
4.051016
4.049950
5.003932
3.036098
4.013809
4.017600
4.010862
4.024948
4.023112
9.039131
9.013901
4.024642
4.022101
4.045639
4.032704
4.025820
4.033174
4.034796
5.013638
8.008595
4.037840
4.024256
9.028669
9.037584
9.039667
4.025247
4.042758
4.047822
5.006797
3.038998
4.040740
9.013105
4.060853
6.004283
7.031599
9.018458
5.010361
8.010945
4.016501
9.053228
6.005955
8.008001
4.016606
8.017745
4.060675
4.029009
4.035530
4.061981
4.034646
4.032103
4.016168
10.008241
4.004052
8.022401
4.018773
4.029430
4.015496
4.021811
5.011033
8.015547
4.034860
4.012425
4.036301
4.030969
4.017754
4.009767
4.006643
4.033722
4.020784
4.047505
4.040106
4.026729
14.032366
9.008421
4.030009
5.000928
8.049445
4.033381
9.015875
4.028471
4.029841
9.017939
6.004303
10.006677
9.000928
8.004662
7.012617
4.018376
4.018288
4.042595
4.031160
4.019969
4.032861
4.028590
4.034808
4.025852
4.020750
4.031377
4.025488
4.018294
5.016256
18.047815
19.027892
9.033997
9.040095
4.019584
9.007043
4.019310
4.027958
4.027770
4.010946
19.007703
4.034949
4.020531
12.003712
8.014401
12.032801
10.004945
8.009779
9.012025
4.019304
4.025912
4.007083
7.028789
6.028837
4.033574
4.037905
4.055358
4.010931
4.044764
4.026234
4.012183
4.014975
4.018276
4.029292
9.009733
4.014210
4.010939
4.037258
9.021586
4.026047
4.044583
6.000928
4.009773
5.000928
16.025285
4.052779
4.051139
4.029293
4.015202
4.044189
4.046233
4.014597
4.060014
9.014269
4.040021
4.029005
4.043076
14.015821
4.023697
4.018532
4.035859
4.022488
9.016771
5.011599
8.008495
4.045394
4.049633
4.020424
29.009573
9.021870
4.056418
4.018100
9.023889
4.029003
9.013861
4.036654
4.032096
14.016808
9.024810
4.014809
4.009547
4.030988
5.006657
8.011671
9.016454
4.036216
5.005265
3.051780
4.046119
9.032559
5.009089
3.047153
5.006517
8.016197
9.008481
4.023657
5.000928
5.006697
18.003892
4.000928
13.025262
5.003772
13.012019
9.027482
5.004113
8.030390
4.030465
4.022271
4.023750
4.036273
6.004403
7.011959
4.019688
4.028897
4.020203
4.057939
5.007005
8.029090
4.045212
5.006917
9.004323
13.009493
5.005945
13.025633
9.009747
14.026258
4.031423
5.008479
5.006957
10.003932
7.014268
8.031239
4.026653
4.024794
9.017900
4.019412
4.025887
4.029805
4.026445
4.048423
4.034726
9.015822
9.029705
9.012763
5.003912
8.019520
9.048890
4.015628
5.005003
13.022228
4.030438
9.034397
11.008257
17.026973
9.010139
4.052063
5.000928
4.005570
8.027174
5.006717
3.032475
9.028485
14.029469
5.005425
9.009021
4.003792
8.031962
9.010561
5.013211
4.000928
4.010846
5.007863
7.013331
6.008321
12.016461
4.025014
5.000928
6.006677
11.009473
5.000928
8.017586
4.055551
6.008299
14.007077
12.034129
9.053339
9.010999
5.011413
8.015647
4.033065
9.022224
4.029721
9.017011
9.024614
9.024422
4.041063
4.023172
5.000928
8.038947
7.007017
11.027479
5.000928
8.011605
5.015458
4.005715
8.036761
9.027908
5.003732
4.000928
3.052667
10.010770
8.039287
4.056727
6.004423
9.003872
12.008947
4.033646
4.030631
9.011419
4.032994
4.037567
9.011859
9.036807
14.012323
4.059613
4.012609
4.029003
9.042998
12.004603
31.032019
29.016376
9.030505
9.017632
9.046545
5.002306
8.027471
9.014091
4.024476
10.005451
8.027413
10.006777
4.006777
8.022290
9.051452
4.012191
9.023382
5.000928
8.020338
9.032651
4.053372
4.069734
9.022274
4.039397
5.004382
4.006717
8.008761
10.006717
4.000928
