17.007142
4.009692
3.006677
12.003992
3.006877
3.011985
3.006677
13.005525
4.006677
6.009653
3.006297
4.020628
11.003732
6.011719
6.009053
4.016545
3.006617
4.003932
10.048720
3.005265
4.006397
3.037917
4.006817
6.014283
6.025676
15.007117
3.005565
4.070036
3.006517
4.003852
4.006377
3.018392
9.022834
10.011781
3.038312
3.007237
15.026281
9.014701
3.006697
13.006497
7.006737
3.017947
3.006243
5.050873
4.021716
3.007137
3.006577
4.006817
4.006837
3.024479
4.040064
7.032377
4.033940
3.009421
21.003692
3.014351
9.025396
3.004012
10.008075
9.031597
3.006597
2.008129
7.050672
9.040890
9.040802
3.007789
8.006617
2.012265
3.050692
4.027879
3.005105
1.043294
3.032170
3.009099
8.006617
4.006677
12.013380
11.005884
11.006350
4.028651
5.006517
3.056989
3.005465
15.006623
9.024451
3.006797
2.012197
7.049865
3.007017
2.026627
8.039954
11.050090
6.012431
9.018786
3.007697
9.003592
8.003933
16.024300
14.029657
9.038037
3.003612
17.003532
17.013293
6.022204
3.006957
7.039600
3.012109
2.021557
2.096860
6.006917
2.061329
5.006617
8.044162
4.032579
4.010047
3.005205
25.057112
5.002480
8.040080
6.035385
8.003672
3.011031
3.008129
12.007177
3.006637
3.008521
3.006337
10.026900
3.005165
4.006257
2.039796
3.006557
8.008335
3.005225
3.006517
3.007077
3.014038
3.026057
3.006597
3.006897
4.006597
2.024651
6.000928
21.008395
3.015089
3.007117
8.003712
5.004905
6.033989
4.011699
4.034803
4.036129
4.028522
3.005365
5.013989
3.004905
7.028527
13.003832
3.011631
4.044759
5.004052
3.017818
3.006597
4.006637
3.013246
3.006757
3.004112
3.035040
9.023080
3.006997
8.015449
6.007682
3.007197
9.006837
17.006917
3.006817
3.027138
3.028437
3.006937
3.009721
3.012453
8.047114
7.018942
6.021022
4.030243
3.003912
5.007063
4.032277
3.006477
7.010673
10.007437
7.006717
3.035267
9.041600
3.007157
6.026335
13.007242
10.004302
3.029475
4.026893
9.027385
4.023819
3.005125
7.007716
3.011193
3.013750
3.006337
19.005464
15.006723
3.006757
3.008129
3.019809
13.003872
3.008401
5.009039
3.035809
3.012151
3.034011
2.011799
3.024906
3.006977
6.004012
3.066032
4.025258
5.006697
4.006817
4.006697
3.030697
3.009342
6.004950
3.067282
3.005445
3.027604
3.007157
4.006437
3.004543
8.032531
5.006617
8.049093
3.018767
2.005844
10.019531
2.032530
8.008281
4.010593
3.004985
5.050873
4.015961
4.048858
4.008455
4.011731
3.034381
5.027693
7.006757
3.006777
7.042452
7.019612
6.030324
9.022964
3.005585
35.033322
3.004638
10.014569
24.006848
4.038223
4.008635
3.005465
8.008309
7.008329
12.006997
3.007057
6.054331
14.029159
4.050704
4.046420
3.005245
3.019028
3.005885
12.020218
3.005725
5.018606
4.054160
3.006757
9.011225
3.006917
6.009773
4.032551
4.039037
3.006777
3.006477
6.035473
4.040075
3.008389
13.006657
6.035738
3.002300
2.028406
7.035189
4.018504
3.006517
7.041119
13.003872
3.030262
3.038398
8.005205
3.023487
2.064812
3.005165
10.032855
7.006397
11.036083
17.012228
2.012666
13.008614
16.003572
7.002220
4.008495
12.007936
3.013937
3.003533
3.012925
3.003912
3.005385
10.003552
4.005676
6.006074
3.007223
4.033469
4.025900
4.009433
4.008440
4.010647
9.045935
9.016582
6.006857
7.036799
4.048881
3.006757
12.024669
3.000928
3.046084
4.009095
3.006857
13.017802
11.016268
3.006757
5.024016
3.005885
2.012704
7.048448
3.019387
7.017244
7.021016
3.002720
4.007077
7.011425
7.046297
5.003992
3.038717
3.006277
4.006737
3.018069
3.006937
4.006537
3.005445
6.009223
2.023835
22.021840
6.003532
3.057799
3.026235
3.006737
8.003952
2.067281
3.006997
11.006957
3.054467
3.020184
2.016930
3.016149
3.018474
3.006297
3.019152
11.024182
4.024001
4.050233
3.014739
5.025328
5.014679
14.007631
3.048324
3.006537
3.009493
4.006937
6.008068
4.007122
4.039262
4.027279
4.051369
9.016668
3.005425
11.004283
8.005410
9.030334
3.005505
4.006617
4.006797
7.014331
11.005645
1.015016
29.042287
3.022004
4.028985
4.020538
3.007197
13.026948
11.028318
5.006597
3.033620
3.008399
3.043344
6.053272
9.014143
5.003772
3.050562
4.037255
4.047776
3.012266
9.007057
3.018997
8.004338
3.007123
3.028568
4.046919
2.043619
4.011193
3.018889
2.046645
4.018522
3.007869
5.020312
12.003852
4.015187
4.006437
17.003752
8.023138
20.004627
4.006997
3.036337
4.049759
4.056258
4.018740
4.023506
4.028374
9.047800
5.006997
3.026201
7.020056
4.004012
3.006757
3.006257
3.013863
4.058254
3.005325
10.009095
7.011921
11.015404
6.049248
2.044035
3.003612
3.006317
4.006797
2.032085
3.057772
4.014257
4.012997
3.005205
3.004904
3.043393
12.033361
4.026836
9.016575
4.015621
4.034793
4.031629
4.030141
3.006777
10.007775
4.050121
5.004326
24.008781
3.062395
4.026525
4.049378
10.006657
3.053382
4.020558
4.051380
4.040198
4.058849
4.043593
4.039203
5.009681
3.039610
4.009939
4.014099
9.041303
11.003752
8.000928
13.029617
4.005819
4.018181
4.024158
4.041476
4.023490
4.058909
4.041496
4.019982
5.003792
4.004072
4.003912
4.003752
4.003752
3.031270
4.039221
4.028743
4.008331
3.010833
6.003632
3.042538
4.010799
5.004112
8.024260
9.008615
4.051977
9.038415
3.008209
3.006657
6.028512
7.020568
6.036178
9.013223
4.006823
4.015803
4.039346
3.009521
8.003784
11.009766
11.009921
5.007077
4.003938
21.018250
4.014835
4.031238
4.049055
4.039405
4.022991
3.036936
4.004112
18.006357
13.005445
4.006777
3.006857
3.015627
3.024560
5.008589
4.016434
4.017174
4.016331
3.007911
3.003772
3.002560
5.003952
4.003892
4.004092
4.006645
4.002480
5.003652
2.004945
13.022437
3.012545
4.011119
3.005751
5.051174
3.012045
5.042381
4.005451
4.058077
4.034785
4.003838
5.003952
3.036091
4.015633
4.006923
4.006742
4.012312
10.005999
5.006877
8.009163
6.004905
3.012445
7.028013
14.033799
4.030324
7.005510
3.051549
4.006537
13.006417
4.003972
6.015729
6.011745
5.003992
3.017240
4.011511
4.022736
4.018932
4.013830
4.032751
4.037350
14.043289
4.047265
4.016241
5.009367
8.027162
4.024861
4.017480
4.010207
3.015450
12.012593
4.006937
8.007017
5.006897
3.006577
3.057949
4.028239
16.009533
17.039249
7.006597
3.018029
7.029209
12.002600
14.006563
3.032721
8.013011
13.018266
4.050591
5.005085
3.066868
5.005185
5.007037
4.007177
3.012993
3.062833
6.006917
3.005545
3.022516
3.039997
17.005425
8.008229
3.044981
22.003852
2.010933
11.005436
8.003932
6.007177
10.023974
5.005125
4.006697
3.037985
10.009477
14.013884
5.002320
12.030063
5.004112
9.004072
5.006597
7.042468
9.023338
4.034254
11.003612
18.005345
4.045436
3.036558
5.003952
4.005125
13.011985
3.021998
5.026066
9.013057
10.005805
23.024544
9.036501
9.017700
5.011593
8.035021
9.046063
4.042128
10.006597
9.006777
4.014718
13.008635
6.003972
12.018345
11.004243
8.009617
14.003532
8.008455
14.027723
10.018221
8.046495
6.003712
22.019131
10.002380
13.020214
4.029036
24.027788
5.008949
14.005585
24.003732
10.004112
18.013251
11.006617
11.013883
5.003612
4.004072
3.070910
5.003672
4.012653
4.008409
4.003532
3.044853
6.022251
7.033839
4.049173
10.003612
4.008009
3.063276
4.029124
10.003732
4.034427
4.003532
5.004965
7.028950
5.010392
8.027498
9.032942
19.043714
6.005695
7.027597
14.016821
10.004112
8.011066
5.005530
8.018426
14.030367
11.003972
13.007077
3.048523
9.022786
5.003572
4.003872
5.003692
22.040908
3.042382
11.003784
4.011979
3.045861
10.005005
8.018047
4.059018
5.004887
3.036972
10.003732
9.006817
4.026892
9.003912
3.062533
14.035841
14.019328
10.003792
8.011199
3.034109
20.007955
9.013783
14.017234
5.007237
12.003732
8.002320
3.038704
17.049005
14.026969
14.025872
9.038125
11.011931
13.012107
4.006837
8.007948
14.008495
10.004342
13.029961
5.005985
18.028152
9.039268
9.012129
9.007403
15.004103
4.003952
9.006359
8.009067
4.061092
11.003992
7.013357
4.020378
8.006977
21.003912
8.038159
10.006977
8.048242
10.006617
3.035552
24.012982
5.025577
8.016501
10.006937
4.003852
14.010231
3.050591
10.010015
4.003652
14.005869
3.059733
9.049937
5.021218
14.006717
13.019257
10.003972
9.006357
13.040651
9.028266
5.003852
3.066894
9.042994
15.007257
3.040252
9.030403
4.027593
9.037886
8.000928
5.027317
9.040551
14.005530
3.026597
15.044698
5.010453
4.005225
14.004112
9.003692
6.007137
7.012973
8.006723
10.003832
4.003912
8.015576
4.039892
15.007277
13.038614
6.004052
12.050726
9.018066
13.006275
16.006015
18.028359
15.003872
4.003592
4.003612
13.048883
10.003952
9.004052
13.011299
11.006537
4.008639
12.014023
10.004052
8.036426
10.003792
8.009253
5.007988
4.009639
5.003592
12.044188
4.046626
11.011886
5.004073
11.037892
12.003632
6.026731
19.005402
14.041128
9.025475
25.017284
3.019362
9.034996
4.012612
4.025750
5.016596
4.008528
14.006139
8.006968
15.008989
14.003592
8.028651
14.014143
10.003592
5.003912
8.017031
4.008148
3.026793
14.039034
5.006677
9.005385
4.015670
9.020049
13.011239
9.019072
14.021276
9.021658
5.026878
4.045424
8.053792
4.017881
9.042511
10.003110
9.006457
4.014781
4.004032
14.006537
8.036613
4.052282
19.048835
9.058506
9.029633
9.025646
4.057493
14.012727
9.027578
14.012179
9.023437
10.004132
23.041740
10.009849
8.050380
9.030257
7.006457
17.005675
8.036311
5.006377
4.008129
18.039792
4.047582
5.016509
19.003572
24.007785
8.020177
9.010339
24.012997
9.009466
9.039177
5.007017
10.004132
17.020390
14.014347
9.027961
9.015508
9.014701
9.021922
3.025640
6.014451
