5.000928
5.000928
17.000928
9.000928
5.000928
4.000928
14.000928
4.000928
19.000928
5.000928
5.007043
9.005210
5.000928
9.000928
3.018549
9.019204
5.000928
18.010633
9.017229
9.006090
5.000928
8.011771
9.005316
5.000928
9.000928
13.010487
9.005490
5.000928
5.000928
9.000928
5.000928
9.000928
19.000928
28.000928
14.000928
5.000928
9.000928
9.000928
9.000928
8.000928
5.000928
5.000928
13.000928
9.000928
24.000928
28.007350
5.000928
9.000928
19.000928
9.000928
19.000928
9.000928
4.000928
5.000928
4.000928
8.000928
16.021227
5.014188
5.000928
14.000928
29.000928
5.000928
5.000928
20.005916
9.007882
9.006010
9.007448
9.014939
12.000928
4.000928
41.012751
5.000928
5.000928
5.000928
4.000928
14.000928
5.000928
10.009587
5.000928
5.000928
9.000928
5.000928
4.000928
29.000928
4.000928
9.000928
4.000928
34.000928
10.008070
5.005836
5.000928
5.000928
5.000928
13.000928
5.000928
19.000928
18.000928
9.000928
9.000928
5.000928
4.000928
4.000928
9.000928
5.000928
5.005691
9.020593
5.000928
8.010033
9.016269
9.007683
9.017583
9.009125
5.000928
5.000928
5.000928
9.000928
5.000928
5.005390
4.019029
5.000928
13.014957
4.015687
5.000928
18.010247
9.005070
9.007821
5.000928
14.000928
9.000928
26.000928
9.000928
4.000928
9.000928
9.000928
29.000928
14.000928
16.015989
5.000928
14.004562
9.000928
5.000928
9.000928
5.000928
19.000928
5.000928
5.010313
9.007388
9.007428
5.000928
14.000928
18.013987
9.009807
5.000928
18.008915
5.000928
9.000928
5.000928
12.012091
5.000928
9.000928
5.000928
19.000928
5.010190
6.002220
9.013263
9.006803
7.000928
4.000928
44.000928
4.000928
5.000928
4.000928
5.007774
5.000928
5.000928
5.000928
5.000928
30.006849
4.026793
5.000928
18.012379
9.010393
5.000928
5.000928
5.000928
4.000928
9.000928
9.000928
4.000928
6.002220
4.013130
9.016345
5.000928
5.000928
5.000928
9.000928
4.000928
9.000928
5.000928
11.013397
8.008295
9.013705
5.000928
24.000928
23.016753
9.006689
7.000928
4.000928
14.000928
19.000928
16.008935
9.007123
5.000928
14.000928
8.018081
9.009086
9.005516
5.000928
9.000928
13.006948
5.000928
13.010187
5.000928
6.000928
9.000928
24.000928
56.007349
5.000928
14.000928
8.014889
9.026955
9.011282
5.000928
10.000928
5.000928
4.000928
5.000928
8.000928
5.000928
3.000928
4.000928
14.000928
19.000928
13.000928
29.000928
5.000928
24.000928
14.000928
13.000928
5.000928
5.000928
10.006643
16.008350
5.000928
8.000928
5.000928
13.000928
20.000928
14.000928
14.000928
9.000928
9.000928
24.000928
5.000928
14.000928
5.003978
9.016123
17.000928
6.020577
15.015587
14.000928
5.000928
9.000928
5.005955
9.000928
41.012017
9.007669
5.000928
5.000928
5.000928
5.000928
22.000928
5.000928
6.027326
17.000928
25.000928
5.008861
5.000928
24.000928
9.000928
14.000928
5.000928
5.000928
5.000928
16.006697
21.000928
7.000928
11.000928
14.000928
8.000928
19.000928
5.000928
9.008290
14.000928
23.000928
14.000928
5.000928
5.000928
10.008475
9.009035
12.000928
14.000928
14.000928
9.000928
4.000928
29.000928
5.000928
5.005496
5.000928
19.000928
6.000928
9.000928
9.000928
24.000928
4.000928
6.021890
29.018949
5.000928
5.000928
9.000928
15.000928
5.000928
27.000928
5.000928
14.000928
6.009473
26.000928
5.000928
34.000928
5.000928
33.000928
14.000928
13.000928
5.000928
16.007363
17.000928
34.000928
6.008740
5.002566
9.000928
5.000928
9.000928
5.000928
9.000928
15.000928
10.005956
5.000928
13.022115
9.008315
22.000928
9.000928
8.000928
5.000928
14.000928
6.002220
4.010746
4.011745
7.000928
5.000928
13.000928
41.009195
5.000928
5.000928
27.009727
13.000928
4.000928
45.005911
23.000928
5.005710
21.000928
5.000928
9.000928
29.000928
36.020548
4.013542
9.007796
12.000928
31.006463
5.000928
5.000928
5.000928
6.020312
8.000928
20.014275
65.000928
8.005916
4.013905
9.016455
9.007348
21.000928
10.000928
19.000928
9.000928
5.000928
10.003918
9.007383
9.014683
7.000928
33.010870
20.000928
5.000928
5.010187
7.000928
9.000928
6.026424
14.019455
8.000928
13.000928
6.008021
14.011165
21.000928
15.000928
9.000928
33.000928
6.000928
13.000928
8.000928
5.000928
27.006897
5.000928
9.000928
10.000928
13.000928
20.000928
7.000928
21.000928
8.000928
5.005575
19.000928
9.000928
11.014877
17.000928
9.000928
9.000928
11.007362
39.005770
10.004502
25.000928
19.000928
21.000928
22.000928
5.000928
23.000928
15.000928
19.000928
9.000928
34.000928
8.000928
5.000928
14.000928
6.005750
5.002506
5.000928
9.000928
5.000928
7.000928
20.000928
8.000928
9.000928
6.000928
6.016179
5.000928
13.009279
12.000928
4.000928
6.011665
12.000928
13.000928
12.009927
7.000928
20.000928
8.000928
5.000928
10.003978
4.018548
5.000928
11.000928
8.000928
5.000928
9.000928
19.000928
9.000928
6.011025
9.007523
5.000928
5.000928
10.000928
14.000928
5.000928
5.009467
12.000928
6.006862
4.024494
21.000928
5.000928
9.000928
9.000928
53.000928
34.000928
15.000928
6.005011
12.000928
11.004478
12.000928
4.005635
10.000928
15.020477
6.000928
39.000928
14.000928
5.000928
15.000928
10.016535
19.008315
9.024724
17.000928
4.000928
34.000928
9.000928
19.000928
9.000928
8.000928
15.000928
7.002340
15.000928
5.000928
8.000928
10.000928
9.000928
26.005750
21.000928
7.023050
111.000928
19.000928
14.000928
63.000928
11.005970
9.000928
9.000928
29.000928
9.000928
19.000928
14.000928
6.008135
30.004402
18.010691
22.000928
14.000928
6.007149
5.000928
5.000928
5.000928
9.000928
9.000928
13.000928
7.023635
7.000928
28.000928
9.000928
5.000928
9.000928
6.005591
7.000928
14.000928
11.018211
4.030828
14.002560
9.008427
97.009950
14.000928
6.012491
20.000928
13.013273
9.006336
9.012098
7.000928
18.000928
7.012191
13.000928
12.000928
5.000928
24.000928
9.000928
4.000928
8.000928
4.000928
5.000928
5.000928
15.015581
9.006894
12.000928
24.000928
8.000928
19.000928
5.000928
8.000928
10.000928
23.000928
9.000928
16.000928
5.010092
14.020662
22.000928
4.000928
7.004383
8.021870
9.027008
17.000928
10.000928
20.014143
7.000928
14.000928
6.005131
20.000928
10.000928
9.000928
18.000928
11.000928
19.000928
10.000928
17.000928
5.000928
14.000928
8.000928
14.000928
10.000928
9.000928
9.000928
19.000928
6.022856
26.000928
10.000928
6.025359
17.000928
6.022148
17.000928
19.006315
6.013397
19.011127
4.014715
9.007243
4.019379
21.000928
9.000928
9.000928
9.000928
15.000928
23.000928
7.008223
9.006523
12.000928
28.000928
10.000928
13.000928
7.021764
9.020771
17.000928
31.005750
11.000928
20.000928
29.000928
7.019635
16.000928
23.000928
19.000928
14.000928
10.000928
51.011179
6.000928
5.000928
21.014091
25.000928
5.000928
5.000928
23.000928
10.000928
14.000928
37.000928
33.016429
10.000928
31.000928
6.007223
14.027357
17.000928
14.000928
23.000928
20.000928
36.007762
7.000928
9.000928
14.000928
6.013291
7.000928
11.016531
7.000928
6.015965
15.000928
19.000928
7.000928
22.000928
12.005430
9.003758
4.019552
9.024060
19.016673
22.000928
29.000928
4.000928
24.000928
61.007803
22.000928
19.000928
9.000928
6.022490
10.013791
11.000928
14.000928
9.000928
6.015455
32.000928
11.018305
19.011579
11.000928
10.000928
24.000928
6.017859
26.000928
6.000928
18.000928
14.000928
23.000928
11.000928
23.000928
6.007563
17.000928
11.010779
7.000928
14.000928
14.000928
9.000928
18.000928
14.000928
10.000928
9.010990
12.000928
6.000928
11.012591
12.000928
14.000928
112.000928
11.000928
9.000928
29.000928
14.000928
4.006295
14.000928
9.000928
14.000928
14.000928
21.005196
10.000928
6.000928
9.000928
6.024930
14.007561
14.005756
6.000928
10.000928
6.028642
12.000928
9.000928
39.000928
19.000928
14.000928
19.000928
9.000928
9.000928
13.000928
10.000928
8.000928
22.014909
9.027846
14.021775
11.000928
5.000928
36.013178
12.000928
14.000928
20.000928
13.000928
6.007623
17.000928
29.000928
4.000928
7.011840
8.017794
7.000928
6.008442
12.000928
17.000928
44.000928
10.000928
15.000928
6.020610
19.007103
12.000928
16.009015
7.000928
34.000928
5.000928
8.000928
6.023974
14.022183
18.000928
10.017719
12.000928
6.018019
5.000928
16.000928
5.000928
14.000928
12.000928
9.000928
14.000928
29.000928
17.012265
6.000928
9.000928
10.000928
13.000928
20.000928
9.000928
14.000928
8.000928
7.018159
22.000928
38.000928
5.000928
23.000928
37.011405
17.000928
24.000928
9.000928
9.000928
9.000928
23.000928
29.000928
47.015289
12.000928
28.000928
10.005855
14.000928
6.025995
7.000928
58.000928
10.000928
19.000928
9.000928
23.000928
20.000928
23.000928
15.000928
24.000928
14.000928
20.000928
10.020863
34.027308
26.000928
7.015195
5.006645
9.000928
10.000928
15.000928
9.000928
9.000928
29.000928
4.000928
19.000928
11.018770
9.022920
17.000928
11.020646
7.000928
54.000928
8.000928
19.000928
40.000928
36.016689
17.000928
11.018011
12.000928
6.026400
33.000928
17.000928
17.009926
16.000928
25.012090
18.000928
10.000928
25.000928
20.022426
42.000928
33.000928
20.000928
24.000928
9.000928
34.000928
24.000928
21.008335
12.000928
25.000928
45.007962
9.023256
7.000928
16.018007
12.000928
14.000928
6.006908
13.000928
13.000928
14.000928
19.000928
6.015733
9.015961
26.000928
19.000928
12.013663
108.000928
5.012491
