3.011291
5.000928
2.068782
2.043138
17.000928
2.025335
13.000928
16.009407
2.024209
4.008769
4.000928
2.019652
2.019618
9.000928
7.000928
2.105661
2.049546
3.000928
2.026025
2.033459
3.012697
2.062460
6.002500
16.003992
7.024734
7.030057
2.081178
2.000928
2.084716
6.003952
25.017574
2.060084
2.071873
2.014963
2.087586
9.011533
11.008669
2.104033
11.025605
5.048013
2.100511
2.037902
4.003932
2.026579
2.023116
10.009447
2.029811
3.005284
2.062815
2.045677
7.000928
2.049700
12.042035
2.116204
2.073895
2.000928
2.034738
3.008661
4.000928
4.003832
2.009673
2.022662
16.019994
2.037208
9.014799
17.041260
2.060603
2.036032
3.017554
2.112949
2.059672
3.010673
2.042967
2.061020
4.003672
3.010913
2.093961
2.080830
2.027174
2.077638
8.003692
2.030243
2.058419
7.016309
2.065839
2.061786
2.022600
2.023849
12.015492
2.071338
2.045237
2.005305
2.051971
2.011879
2.044931
2.024674
6.010985
7.019046
2.000928
2.027113
20.035133
41.036699
2.059473
2.025713
3.003632
2.058884
2.096446
2.010943
2.075888
7.024854
2.064919
2.012351
4.000928
6.030098
2.017540
7.016787
15.005464
9.023902
4.028824
19.014647
4.041460
10.000928
4.000928
2.031634
3.025886
2.027520
23.010121
4.053913
2.055574
2.050625
4.003552
2.032833
2.051764
26.012045
6.000928
2.035673
2.070888
7.009561
2.106433
2.087114
2.037751
2.045525
3.006796
3.010427
2.067702
2.086106
3.012682
2.033452
2.054979
2.003692
2.087242
12.030789
2.032665
2.080184
11.013471
2.056082
4.000928
2.044430
2.038623
1.021540
2.080348
27.000928
2.096923
2.047460
2.027617
2.037948
2.050314
2.085902
2.088411
11.007128
2.064677
3.004132
2.058460
22.006696
2.034207
2.066585
13.000928
2.008994
2.081398
2.009381
2.094445
2.071274
2.065065
2.076606
7.004012
2.047092
2.062015
3.009371
2.110345
2.076438
2.049450
2.042899
3.021068
6.032122
2.020031
2.031478
2.008287
10.033861
2.075586
2.066341
2.076332
3.004072
8.003812
2.086261
2.030369
2.034473
2.023629
3.009061
3.012845
2.109467
2.021654
6.026550
2.030122
3.017714
2.104841
2.038649
2.000928
2.031281
2.071151
2.105543
2.073447
6.019660
2.030415
1.050162
2.080244
4.003672
2.040887
2.026299
12.012471
2.089496
2.030401
2.026192
2.079903
11.000928
2.030567
17.052680
2.097853
2.031848
3.005590
2.098284
2.080674
2.017702
2.055663
11.012479
15.014556
2.038670
17.020708
2.028719
2.084276
10.046041
2.034483
4.003792
6.017174
2.082075
3.006677
2.054661
2.053144
2.047746
2.080795
6.023784
2.050918
6.019374
21.009907
2.023068
2.040320
7.018214
5.003962
11.044157
2.022812
4.009621
35.004112
12.008175
7.036268
2.052155
2.035079
6.005225
16.021752
3.007163
2.019090
2.094259
2.048511
5.000928
6.000928
2.062554
2.025286
2.050481
4.016848
2.050955
3.005624
8.017362
5.030184
7.012517
3.009687
2.008261
7.018200
5.000928
3.051547
4.020064
4.021290
3.018580
13.035530
3.011813
2.054938
3.015483
19.018727
4.003872
7.028425
3.011753
3.027820
3.011153
7.014112
7.019226
4.017499
4.029336
4.018783
4.015676
4.012899
3.036398
8.006316
6.021362
4.050580
3.000928
4.003932
10.044087
3.039674
18.020463
6.029562
3.029526
11.027356
18.007748
4.034333
14.057804
4.057543
4.013515
4.009587
4.020616
4.028948
5.000928
3.025918
4.009367
3.023742
5.021898
3.009201
6.013559
3.024940
4.032239
4.041966
4.042974
4.012937
3.009539
15.037903
10.000928
3.011131
3.015113
25.013849
6.016071
5.019601
3.028518
2.081060
3.012033
16.017318
3.030168
3.014459
10.042616
12.006437
6.048283
3.019695
7.058485
7.023662
5.009401
30.013741
2.074620
3.017449
7.013929
7.020324
4.018613
4.026600
4.044111
11.000928
7.027572
4.036345
4.040813
3.010733
8.011705
11.034485
3.027761
3.016622
6.031965
4.026839
4.031823
3.000928
2.000928
7.023813
4.015847
5.000928
3.040368
3.012779
8.007174
11.028864
3.020215
14.006597
10.018746
9.031069
3.035692
11.004543
3.016807
4.029755
5.002266
3.019344
4.038087
4.037736
4.013677
9.002220
4.026352
9.015580
3.006357
7.011159
7.016421
3.004112
11.000928
3.037249
3.003952
7.006563
7.030404
3.005304
15.039933
3.010213
23.024462
3.011773
7.013283
3.023335
17.038667
2.056906
4.029995
6.032089
7.008001
3.011533
15.019123
4.019498
4.048386
4.020977
3.030565
3.008089
3.018127
7.021550
3.037503
7.020766
7.018068
4.002220
4.015516
4.048008
4.016669
3.017113
16.034614
15.015182
7.029324
3.033099
4.007117
4.005817
15.016952
4.018571
3.018575
8.007237
6.040646
9.011125
4.024742
4.005530
4.006210
3.019475
8.008401
2.006528
3.029583
3.017954
9.007097
20.029008
4.032431
3.016403
11.010361
3.014059
4.016873
3.019017
19.016157
41.006316
3.031534
3.015443
17.018029
7.048030
3.008135
14.044198
18.006808
6.034925
4.030071
3.014919
4.004092
10.026444
4.015695
4.012763
4.009053
4.002220
4.057549
4.052245
4.026079
5.000928
4.006983
3.011971
4.054399
5.000928
3.050231
4.024246
4.019402
4.017247
4.024201
4.055722
4.026298
9.028453
3.016909
19.007202
7.004338
7.013257
4.040055
3.012757
15.020911
3.005504
7.011019
2.072715
3.046705
3.017408
4.000928
7.000928
3.046974
3.021730
7.034431
7.031769
3.019120
2.027040
7.011373
3.020468
5.022462
3.014811
6.017726
3.013470
9.015682
4.024838
3.016004
22.000928
8.010911
8.026222
4.011311
3.015231
5.030617
4.032416
3.045141
15.009993
3.054862
10.031159
6.015397
6.016363
5.020998
3.008241
2.008189
2.059260
13.007979
3.020825
4.009870
6.035782
3.028147
3.018333
3.008429
7.009993
4.022622
3.012533
8.005065
12.010845
3.036613
4.037855
9.008134
4.018260
3.010533
6.004263
3.021470
10.006996
3.020685
3.011455
17.002680
3.004112
14.003992
3.054723
3.003832
4.003792
3.003832
3.009867
5.003993
16.019698
3.010386
15.017174
4.019624
4.029204
3.007177
11.006537
3.021504
9.014547
9.057056
4.035269
3.013225
8.013667
5.004012
10.022529
9.013837
9.012248
5.000928
4.000928
4.010899
3.007975
4.014975
4.036830
5.021298
3.056586
4.018752
9.032050
4.011319
3.016711
15.040234
3.026249
10.006915
4.015215
4.019497
3.030552
20.039303
3.012385
5.006555
4.038688
3.032018
2.026689
12.010971
4.052735
6.000928
7.024892
14.030493
4.025508
4.027872
9.031249
4.023222
4.035069
3.037799
12.028674
3.013680
5.004865
16.006917
16.014941
3.053620
9.053205
14.010273
19.013011
5.000928
3.040651
16.003832
7.023846
3.008335
15.018832
34.019919
7.008075
6.033446
17.002266
3.011159
8.004242
3.055145
4.020532
4.026258
3.016931
11.014192
5.012611
7.014241
3.010207
6.002366
3.043693
4.027474
4.021663
4.034344
3.018513
11.008721
3.016787
9.013803
4.064285
4.023087
4.015515
3.026483
6.009241
3.014610
3.016191
10.021523
9.040341
9.022082
4.044383
4.050138
8.006457
17.014340
3.000928
5.004052
2.070576
5.000928
3.057074
4.039416
4.041070
4.040456
9.019984
4.046040
3.021390
10.029289
17.016085
7.000928
3.028278
5.015643
3.031980
14.005616
3.028799
6.002646
3.058679
14.030279
5.000928
3.038273
3.011546
3.005064
16.036377
14.036727
3.013065
15.055072
4.041682
4.008475
5.006777
3.059248
3.025034
5.034726
29.043608
4.044053
4.042572
4.023775
3.028330
7.046242
3.000928
4.000928
3.026044
5.000928
3.055785
4.056803
4.038633
4.024439
3.031878
5.023644
4.018526
4.048004
4.015316
4.018385
11.007351
7.012611
6.005450
4.000928
5.000928
5.013385
15.021271
4.022036
5.000928
3.063879
3.028512
2.007715
3.008297
4.031976
3.046565
8.004944
5.024968
4.019828
4.033434
9.030377
7.004562
3.019569
3.023029
3.034675
4.011121
9.038290
5.000928
8.023048
3.018596
8.000928
11.014853
3.022062
27.012771
2.036751
12.018100
12.004092
18.029162
3.013543
30.028131
14.005390
4.009545
4.032255
5.004052
9.006091
4.026573
18.064326
6.004442
7.030936
9.007687
3.048823
6.000928
8.012711
9.040714
3.011104
20.012831
9.026544
5.000928
18.024048
4.013257
3.018100
6.003572
4.003506
10.000928
12.039557
4.046107
4.029674
4.035079
40.008959
8.022546
4.032155
9.039227
14.021683
9.031903
4.008361
3.008539
15.046026
4.037069
3.013431
15.029789
4.035728
4.003698
4.021245
3.012871
11.007067
3.030390
9.053419
9.025013
13.006657
19.003086
14.003612
10.036833
4.009687
4.031258
4.011359
19.047208
24.060310
4.007349
4.006902
4.022509
9.045326
4.058764
4.038104
9.039579
4.025574
5.000928
8.026982
4.013131
5.007703
8.036613
4.025280
9.022296
3.010771
15.025499
5.004603
8.005310
4.010347
4.003712
4.016328
4.029579
4.009806
3.008169
4.004112
10.037827
4.057049
4.016447
4.059306
4.029480
14.022224
4.033304
9.018180
5.006556
3.049173
13.008680
26.021949
4.005950
4.007949
3.028763
15.000928
3.034581
4.021566
4.052380
9.037884
11.000928
7.022594
5.009469
8.026785
4.015403
3.010739
10.015423
3.036383
11.000928
13.019933
4.022470
22.000928
13.004303
7.012351
4.006643
5.008859
4.004012
3.031670
4.020662
6.006577
7.011259
4.011271
4.022078
11.006817
7.033843
4.027249
14.051005
5.000928
4.018037
4.000928
3.032361
19.014243
4.013717
4.039857
6.004132
7.037590
19.004911
4.006863
4.005750
4.031371
11.000928
3.000928
4.003758
3.032653
5.006636
13.034234
9.042090
4.025707
5.009987
3.051494
14.042274
24.023590
9.024908
24.042621
19.014283
9.051672
9.051321
4.020752
4.036215
5.003466
4.011593
4.007517
8.032748
4.026815
9.028890
9.018332
9.017204
14.012928
3.017814
4.006837
6.006536
18.025038
5.006648
4.000928
3.039926
4.006914
4.035813
39.026982
4.012855
10.012221
3.045128
4.035941
4.032223
9.006882
9.022062
15.000928
8.007401
5.007227
4.014253
3.036395
14.032342
4.030397
10.016916
8.023187
5.024921
9.000928
4.017063
8.016095
5.020967
23.030992
15.000928
4.012311
18.024856
5.000928
3.064614
4.022064
5.007157
5.000928
7.019160
9.010939
4.057026
14.005770
14.024515
19.018160
4.034845
5.012373
8.014549
4.013925
7.000928
7.009771
5.003852
7.030607
4.012650
4.033506
4.020016
4.039256
4.023834
4.017207
4.017565
3.010839
11.000928
4.008655
4.003872
13.025256
4.015008
4.044253
9.042405
4.047066
9.030153
5.004184
9.000928
13.016615
9.015196
9.007895
20.016347
3.033138
24.019212
6.007323
7.023968
4.070300
10.003812
8.021490
4.012105
4.034729
19.046073
14.045332
24.022978
24.006864
4.016956
9.037056
4.019966
4.015555
14.016320
4.006963
4.009327
24.019373
4.032227
9.005890
