3.023072
8.016941
3.002540
20.019737
3.002720
11.000928
3.035884
3.005405
7.005265
3.002540
3.021677
14.038102
25.004643
3.030491
3.015022
13.008075
13.007103
5.003772
13.003972
3.015077
3.022883
3.013623
6.012385
3.022203
3.006808
8.003672
4.003852
8.005450
7.011699
3.006397
10.018142
4.004038
4.010452
3.006969
3.011459
3.006562
3.011319
3.017505
3.006469
14.003972
3.007137
8.005350
4.003812
7.012931
3.012145
3.010087
8.002746
3.004990
3.019752
4.014323
3.008515
3.018074
3.008075
7.026499
5.007591
3.018622
3.005330
13.011819
3.009601
5.003612
7.012873
3.020040
4.006669
3.012457
3.006617
3.009387
4.006777
3.012971
3.016382
3.006949
7.010733
3.010007
3.018726
3.009613
13.003812
12.000928
3.014412
3.025861
3.006309
12.004618
4.002706
3.014163
4.003972
3.033675
3.008095
3.011359
7.013877
3.011857
3.005305
3.007023
9.003892
3.003532
7.005410
3.009679
7.000928
3.009088
3.028204
3.012849
8.030968
4.004132
8.004458
7.048646
3.008286
6.008375
3.017908
3.005825
13.009913
3.005776
3.012706
3.025446
3.011899
8.007388
7.010893
3.020344
3.007914
8.007291
3.012371
7.022592
3.008695
3.014705
21.053154
3.009881
3.008520
22.005405
3.015569
3.006829
3.003692
8.012217
3.007828
3.018918
3.005790
15.019281
7.016619
14.014251
31.026616
3.013831
4.003712
3.014739
12.012245
3.019025
3.006903
3.016099
3.011013
7.041500
3.004158
18.014893
9.000928
12.020192
3.032487
3.004965
11.006451
3.026744
3.007183
3.009181
3.012799
4.000928
3.011253
3.033752
3.015256
13.005225
8.005330
3.006957
3.016734
3.011293
4.003912
9.004112
8.005001
23.000928
3.007203
4.004012
3.021464
3.007382
6.015447
3.025617
3.011345
39.004092
8.005245
3.014083
7.025774
3.003658
13.015755
3.003632
4.005084
4.014707
3.010867
3.028470
3.009847
3.006843
8.007408
3.010979
3.037452
3.012005
18.008035
5.005650
3.010447
3.003818
3.008829
3.041339
3.014347
25.023553
7.005425
7.007983
3.021344
3.010113
32.005365
8.008189
3.021707
3.007289
7.017439
7.014877
3.005270
3.006683
3.014257
3.025959
3.027451
3.004976
3.006757
4.004072
13.003014
3.012166
3.033428
3.009961
7.008849
3.010041
3.023188
3.011545
22.018318
7.026940
3.008746
12.010893
3.011445
3.023314
4.007391
3.008561
3.018881
8.005430
5.003952
14.003532
9.004132
4.005904
4.003912
13.009847
3.012393
3.028478
3.012717
3.016453
18.003952
7.014607
3.007229
7.005550
3.008155
3.017387
3.007337
23.011853
7.011633
3.016948
3.008521
13.005725
13.002246
3.003852
3.017565
3.005610
5.043167
4.011021
3.007177
6.006522
8.038019
4.029714
4.011765
4.041181
4.025862
4.023557
3.021472
7.028236
9.007089
3.013937
3.017715
3.009941
8.005210
22.016691
3.026127
4.022960
4.022112
4.009912
14.042191
5.003952
3.013869
3.016834
8.009687
19.010567
22.005070
3.036498
3.010773
2.007502
3.012923
3.055032
4.013497
3.008235
33.016507
18.030452
4.003832
4.009521
4.000928
3.008295
3.038541
4.024228
3.012293
8.008329
13.013383
3.011705
3.021323
4.012431
3.018345
9.005285
7.005096
3.013021
3.013804
4.023922
3.007097
17.017118
7.022835
3.010813
3.007329
3.005325
3.011059
3.035851
3.011567
8.012233
2.012605
3.057213
3.012005
6.008349
3.022542
3.010939
6.002220
5.013271
4.010107
4.000928
7.049543
3.012853
3.008023
7.002520
3.027666
4.017086
3.014283
11.009647
4.006816
3.024114
4.056673
3.008381
4.008095
12.008229
3.006748
3.016333
4.014203
3.012617
15.011157
12.003778
18.003692
3.007419
13.011613
3.005230
8.015535
8.027520
4.003792
3.006857
8.024814
3.012005
11.007747
3.032453
4.022508
4.020970
3.006963
21.002220
4.003852
3.033267
4.026831
3.012705
7.012345
6.004012
8.003692
3.008189
14.003952
3.019698
3.031515
3.018398
9.033032
3.007169
14.006857
8.029640
9.024520
4.018604
3.012373
3.042024
3.007077
8.008155
3.025611
4.011453
3.010001
3.013243
3.007602
13.009741
6.008461
3.024416
21.014470
4.007709
3.043891
4.020483
4.029690
5.007156
3.019385
3.023326
2.007668
3.007037
3.024966
4.045470
3.005470
10.008460
3.011161
7.016448
4.005064
13.004132
4.003652
3.024475
3.002480
11.036845
3.030193
3.013491
3.011433
9.000928
3.003752
4.008109
4.014287
3.013743
8.025792
3.016531
21.013817
3.042253
3.008395
8.004092
11.028955
4.008515
9.010573
3.016691
3.006110
5.000928
4.005204
8.009427
14.004012
11.014963
3.010853
12.005776
4.005324
4.007989
3.008600
3.042091
3.007223
9.005724
3.004052
11.032524
3.005710
17.013655
3.021384
3.011639
3.012039
13.013757
3.025834
3.009017
3.050655
3.013871
8.003832
4.003992
8.014240
4.008489
3.015256
8.011711
4.026629
4.016663
4.027712
4.006923
3.011213
3.015940
8.004558
4.005090
12.012083
4.009407
3.005305
16.024742
3.038124
3.013684
3.016331
6.011979
4.011205
9.029694
4.008695
3.013971
7.026945
19.000928
5.000928
9.000928
4.003992
3.007503
7.019317
3.008209
9.002626
13.005685
4.010673
8.010527
4.008529
7.008567
3.009487
3.014039
3.013423
3.016542
3.030518
3.011465
18.005611
4.007218
3.011459
8.017203
10.003912
13.000928
3.010147
3.017399
4.004905
8.003552
4.010873
8.005331
5.003572
4.008029
9.006717
3.003818
5.003812
3.002280
3.012705
4.006816
3.029240
3.009265
3.004052
7.012645
18.019951
4.013685
4.006683
4.040676
4.027790
3.007955
36.003632
3.018591
4.013895
3.009381
4.028961
14.003892
2.030260
7.011073
4.044799
4.016705
4.005170
3.012333
3.003772
9.002500
18.005224
5.003592
3.003732
4.008409
4.008129
3.008835
4.015705
3.035175
3.017040
13.005424
13.010985
7.007069
4.015721
4.046948
3.012645
3.005005
9.004132
5.002560
7.011075
3.007568
5.005365
7.012931
4.043242
4.018638
3.006557
4.005344
38.000928
5.015616
23.002620
38.005165
4.004138
5.004032
22.020585
4.006877
4.008529
4.000928
5.005385
3.005265
9.003572
4.006296
13.006983
9.031584
8.003532
3.005484
7.009841
4.005344
5.006597
3.005165
4.000928
3.030636
9.033566
4.009553
4.025972
3.007217
11.010267
10.004112
12.029820
3.008309
4.008435
10.015341
3.007169
3.008229
9.006437
3.026923
3.007603
4.006316
3.024895
5.004012
4.005644
8.021223
4.013764
3.003593
12.002320
3.011093
3.012551
4.026952
4.042066
3.017120
17.002400
14.004158
4.011073
3.011093
9.008215
5.005265
9.002746
5.003852
9.003772
5.004092
5.012191
4.044561
17.008815
24.003672
16.020153
6.008475
9.004033
3.008169
3.022922
4.009553
4.025186
4.020864
3.012123
2.009927
3.005105
8.024615
3.005085
14.013031
4.021443
12.006297
5.011910
8.004324
6.003672
7.009801
3.017052
8.011447
4.009833
4.013584
4.045242
9.016129
3.012597
12.003812
5.003892
4.003652
3.012633
4.003932
3.006549
6.003732
28.006217
13.007023
8.011959
3.015136
18.011059
4.010993
4.005531
8.000928
7.029286
4.023148
4.020843
4.033965
4.020218
4.014623
4.051975
4.018261
4.025681
4.008181
4.045022
4.012945
4.048252
4.016848
3.015809
5.052540
7.003872
3.036813
4.029074
6.009079
3.010433
15.004032
2.015195
4.014277
4.006777
3.012311
5.003672
4.005770
4.011190
3.005530
4.007553
4.017754
3.015801
3.006059
5.011291
3.002580
15.016156
4.047691
4.030704
10.004092
4.002680
8.017834
8.003792
4.006697
3.014499
6.021389
3.006883
10.006642
7.013756
9.004587
21.031833
4.034552
4.013889
9.010413
5.003952
9.004092
5.002320
7.013137
9.031496
22.004132
4.013859
8.002720
3.018845
3.010287
4.024754
4.026092
4.009827
4.026529
3.012073
8.005425
3.005545
5.005505
12.006929
3.013403
4.047536
4.013631
10.000928
3.034377
3.006968
13.003872
13.005815
2.055852
4.034938
4.009507
5.006676
4.003752
13.024268
5.007017
3.029693
5.003732
8.010359
4.042759
4.017008
4.022662
4.025818
5.000928
3.032859
4.023868
4.016041
4.018831
4.014829
4.041774
4.018666
4.008574
4.013451
6.002240
9.019898
5.005345
4.005490
8.008929
3.011853
8.026114
4.054750
22.000928
5.021624
8.003752
5.005785
9.012587
21.007507
13.023563
9.013803
4.017247
6.003532
3.004965
9.005745
3.029454
9.011619
5.005565
5.002360
5.005765
4.005625
7.008695
5.032739
5.002360
13.010301
3.009967
4.002680
13.022883
5.003612
6.003912
13.005445
3.004012
4.011573
5.033791
3.008983
9.003532
3.033655
10.003532
11.010910
7.004642
8.017047
24.019733
4.021929
3.011465
7.000928
5.006557
8.031532
5.005165
8.000928
5.003972
34.002320
4.011767
17.006817
5.021248
4.004112
5.010230
13.002320
4.033605
4.010987
4.005685
4.030506
9.003792
5.002840
21.013271
6.012499
12.013796
10.003812
4.003718
3.029722
9.024371
3.005070
4.010487
5.015191
4.031203
5.010333
4.000928
3.047030
4.016428
10.006967
4.002386
9.002720
4.012985
14.003912
6.003752
5.002440
17.010887
3.012313
4.011199
8.011365
5.003592
10.000928
7.017667
3.007023
7.027019
8.005065
4.038285
3.020071
3.011735
15.023857
4.034309
7.003274
13.012205
19.003932
9.005145
12.006536
9.011451
25.008089
4.013825
11.007907
16.032206
12.004132
4.005525
4.005605
8.008508
3.003918
4.003752
3.021596
4.015562
9.014523
5.003712
9.004293
13.033746
4.020776
11.009547
3.004925
8.021363
5.002780
4.006297
9.003712
11.005265
16.015175
4.064918
14.008561
5.005390
4.002280
4.009443
4.000928
10.002560
3.008921
9.003812
3.056729
9.011865
14.011164
9.016629
3.012955
5.027063
13.006677
8.008827
9.004092
7.000928
5.002420
8.000928
4.004012
3.031595
4.039121
7.005202
4.005954
7.016036
3.048429
4.022496
4.043257
4.018834
7.004072
16.015255
12.002640
4.008249
6.027859
3.008375
17.033735
4.014223
4.009707
5.005465
26.011911
5.021384
3.026232
9.026667
5.003558
5.004886
18.023474
3.047175
3.010681
3.002400
8.012267
4.000928
18.003632
28.025837
4.011559
4.029845
4.031414
4.020123
7.003552
11.026190
5.005370
6.005585
9.002780
5.006437
7.004012
13.013093
6.006034
4.011507
16.046765
4.051431
9.021298
6.003952
4.005465
17.017492
4.020330
9.018539
5.005385
3.038236
10.000928
4.000928
8.018712
5.002680
4.009120
4.005665
13.021851
4.027436
5.011670
4.004112
9.004052
9.002440
3.050316
9.029041
5.004012
5.000928
3.017274
18.002220
14.023172
4.047874
9.017101
6.002700
12.028756
6.003632
3.009215
13.031656
3.005010
10.013151
10.005425
4.006343
16.005525
17.010991
6.004032
15.003672
6.005651
4.005805
6.004604
21.019063
4.023836
5.000928
9.006190
5.002320
8.003752
18.035325
6.003612
4.000928
5.002546
11.040333
6.008455
3.016331
4.002320
4.011927
4.002760
9.002560
6.003992
9.003972
9.003732
12.003818
8.007103
6.000928
12.015847
8.003752
14.000928
39.003692
35.036917
9.049498
5.003712
5.010351
5.005685
2.008515
9.016589
25.005590
7.027958
4.024118
5.008495
7.000928
11.000928
8.044571
9.008735
10.003066
28.038170
15.006257
8.020291
9.022707
4.024418
5.000928
9.002700
8.013663
6.017045
4.017907
7.008255
5.003773
10.004873
8.015445
24.006743
4.007655
6.000928
21.010132
5.004072
7.000928
21.002840
6.002700
16.014269
7.000928
12.016603
4.003752
28.026440
8.003532
7.014628
5.002540
19.003898
12.002740
33.035068
11.002800
23.002326
4.010693
4.019091
5.000928
5.004072
12.010830
4.009075
5.005445
7.013885
11.000928
14.005365
4.002526
12.012651
10.005665
5.004052
12.008521
11.006964
13.000928
5.002300
5.005790
11.011359
10.004642
4.002360
5.003752
3.006803
11.010790
26.042076
7.003872
8.000928
13.004078
10.005305
7.027534
9.013719
5.003992
16.003692
12.003573
9.005685
17.004112
16.011033
19.005245
10.000928
