2.029957
2.017332
3.000928
2.018140
2.011199
7.009235
2.042142
7.007237
2.028311
2.017012
3.010267
2.026239
2.048446
3.007277
2.023795
2.022394
6.030243
2.015342
2.008795
2.008295
7.005470
2.039477
2.017140
2.007177
2.011605
3.000928
7.017534
2.059565
2.024309
2.054748
2.029109
3.031430
4.007969
2.065455
2.015884
2.027111
2.031582
2.021025
2.022243
2.032240
11.007642
2.037908
11.011131
2.041973
2.029019
2.056360
7.028825
2.081926
2.053239
3.005744
2.042092
2.052532
11.035149
2.023674
2.017173
2.021072
16.000928
2.056160
5.011119
11.003832
2.096087
2.066621
3.014013
2.050211
2.063965
2.040709
2.019393
12.029131
2.069559
2.046289
11.008501
2.026945
2.008489
2.051650
12.016242
4.009459
2.055283
2.018320
2.021044
2.024088
7.013985
2.081749
2.041905
3.005604
2.030086
2.031528
16.013729
2.034147
7.007989
2.051838
17.030507
2.029745
2.041127
2.018299
2.057367
6.003632
2.028958
7.015583
2.067139
2.040663
2.007891
2.031350
13.006768
2.005805
2.026183
16.006977
2.026414
2.010867
2.045829
2.026812
7.006457
2.061762
7.008629
2.042919
2.053273
2.020523
2.049248
10.010997
7.005204
7.013118
2.026434
4.016342
15.028990
2.049182
2.019504
20.053577
2.053874
2.041907
2.037904
2.041995
6.007869
2.033787
2.044735
9.015562
2.040802
2.030016
26.006742
2.048874
6.032735
2.017594
6.025587
2.030908
7.007242
2.042801
3.012675
3.011790
2.030107
2.022357
12.003508
2.020763
21.010453
2.036696
3.009101
2.040576
2.052413
3.010514
13.033791
2.041598
2.027032
6.024574
2.048734
6.042295
2.019033
7.006476
2.018308
11.028626
20.010261
2.029643
2.040073
11.011567
2.036736
2.021898
2.022708
7.008469
2.042597
2.050419
2.048107
2.024343
7.024042
2.029395
2.051039
12.003892
2.016700
2.013818
2.023269
2.024541
2.045375
2.040515
2.024841
2.037704
2.021468
6.044720
2.028303
6.028532
2.033633
6.026224
2.045009
6.027879
2.056621
7.005364
2.028057
38.023063
3.022831
2.032790
2.049499
6.028964
2.056204
7.010007
2.033595
12.005345
24.012271
2.025893
9.018348
6.022542
2.035592
2.025347
3.014645
2.096149
2.027651
6.023496
2.044358
2.044031
2.036064
2.019546
2.051558
2.051774
7.006777
2.043099
2.022996
8.039857
2.051387
7.013932
4.009638
2.068026
2.012399
2.031699
2.066456
7.012312
2.078438
2.021511
7.006617
2.022428
6.027790
10.008749
2.079540
2.028017
6.011119
2.020491
7.011259
2.048721
2.030553
2.072098
2.051296
7.022473
2.049433
8.005996
6.034295
2.058445
6.050622
2.016948
2.044430
2.053950
6.008899
6.013238
2.030462
2.049325
2.023726
2.081625
2.027139
2.011213
2.023588
8.006697
2.037677
2.040178
46.012159
2.029111
5.058220
2.053426
12.006977
2.020831
18.018336
8.009693
2.047841
2.054866
2.027274
2.053891
11.019139
2.034506
2.019012
2.058422
2.052788
2.015395
2.028704
2.017980
2.073066
2.052777
6.010187
2.038598
6.041502
3.015085
2.014772
7.010899
3.012433
6.009621
2.064032
7.023683
2.041479
15.005585
2.030970
5.035722
2.021025
2.013937
2.055826
2.017222
2.053882
2.032442
7.023717
2.018066
7.005384
2.085586
3.016935
24.011073
10.046139
3.011985
14.003692
26.014444
23.011285
7.006442
7.006657
3.011639
2.027639
7.015697
3.012291
2.049585
2.024214
2.054686
8.006257
2.027115
2.022183
5.009593
6.016827
4.018014
2.048135
2.024841
2.015991
2.049339
5.019778
6.026181
2.072435
2.026899
6.033521
2.045697
12.009261
2.015322
2.026451
2.051327
2.050831
7.008489
2.021021
8.015197
6.028760
2.025334
1.033616
4.024814
2.021824
17.007011
3.013770
2.052001
16.007349
2.030575
6.019838
2.019338
12.006024
2.027059
25.012031
34.021490
2.020633
21.026696
7.003732
3.005565
7.011745
3.012579
2.031916
7.013930
2.030469
6.020697
3.006776
8.003872
3.006936
2.085112
3.012305
8.032021
2.021503
2.022482
5.031838
6.017472
2.033562
3.011733
10.026380
2.012629
2.011363
3.006343
2.042439
6.021684
2.041434
6.037833
2.017940
2.020046
2.015908
2.037492
2.021351
2.034573
2.025416
3.024686
2.029917
3.010095
3.003952
2.028894
8.008189
2.028488
3.044075
2.021884
6.013571
2.018326
11.011993
3.019015
16.008089
3.019372
3.004132
32.013941
2.066946
4.019397
2.045531
7.003672
2.058331
8.009687
7.016851
2.053967
12.008269
2.033248
4.014024
3.012473
3.005044
2.030929
2.017634
10.009907
2.020032
2.008815
3.012391
2.019118
3.008129
2.035122
3.018901
5.014189
16.008009
2.043173
6.024390
3.006516
2.039223
2.025755
2.071700
2.050486
2.018300
2.055246
11.004072
2.012259
5.029286
4.014529
4.012611
2.031410
17.004904
3.006849
2.021090
2.016529
3.016509
2.051687
11.009867
3.003992
10.021132
6.016633
2.040940
2.048455
3.016927
3.000928
3.014297
2.050075
7.004944
2.058142
2.012905
2.037908
3.000928
5.005770
2.042341
2.035148
2.050865
5.009707
3.003692
5.014241
3.012625
10.026867
19.026208
3.003752
2.016812
2.046235
2.052573
3.000928
2.038288
2.024160
2.025181
2.049089
30.011645
2.041429
2.020895
3.009547
3.005204
3.011219
2.037570
2.026059
27.007057
2.088549
2.026013
3.005425
2.030909
10.007949
3.056978
2.051796
3.008109
2.059839
3.004686
6.030592
3.007083
2.043559
6.019330
2.039496
6.011559
2.017780
2.021145
2.029123
11.027986
2.021136
20.017028
2.045003
11.026471
3.005005
10.020070
2.043943
2.007925
2.046096
16.009667
3.020546
2.012092
6.016368
2.051357
7.015047
2.024315
10.021584
9.021324
11.027996
2.053044
3.020581
8.005245
3.015097
2.075508
2.026963
3.019685
2.034298
3.009786
11.013804
3.012251
3.010839
16.005105
21.022567
26.022204
3.021718
2.031346
3.016542
3.034215
3.029960
16.016668
3.070909
3.008263
3.005504
7.009115
2.037943
8.006577
6.010247
2.044653
6.011359
3.015939
5.013243
4.010067
2.018132
3.010141
2.069827
2.034352
7.016182
3.006983
3.026707
2.015196
2.034711
4.038816
4.016016
3.024367
3.005624
2.020094
3.025344
9.041008
6.003933
8.008315
3.011145
3.013413
13.004052
7.013821
2.038209
6.017872
3.013203
2.028798
6.032508
3.006657
8.003632
6.019325
3.020731
1.058437
2.043037
6.031039
2.023475
10.023644
6.012039
7.016827
14.016718
6.015264
2.068317
2.031354
11.022856
4.025354
2.014270
11.020292
3.009881
8.004093
11.029394
3.013113
2.014196
2.085808
2.052047
2.029150
3.009473
4.012651
2.046839
7.010487
3.046298
3.023165
11.008549
2.039252
5.031625
26.009095
7.018459
3.029571
30.013103
9.012631
4.013817
3.009787
14.018013
3.019743
3.015662
2.041512
4.036309
3.005125
10.026213
3.009055
3.008009
12.008189
3.058587
7.033696
6.049316
4.032953
16.004905
23.007949
3.031937
12.043334
6.010066
5.019738
3.035345
11.042191
2.038229
15.006377
3.033100
14.007975
10.012119
3.030074
9.016888
7.017877
3.008899
7.002220
5.011961
9.015221
28.022370
12.006537
6.032092
9.015023
4.024148
16.005405
2.042785
7.021380
6.027873
9.028663
9.015067
14.015901
15.007197
4.004423
39.012491
3.016508
4.057402
44.030052
4.025941
12.029379
7.003972
3.025314
9.008494
6.008509
7.041317
4.010187
24.035121
4.015043
10.006963
3.023410
42.006997
7.010979
3.012891
10.008369
3.057741
34.004990
4.030051
4.038252
9.019664
9.016808
18.016645
10.018663
10.003572
3.068984
16.013517
3.015801
3.011019
9.020712
14.007302
4.021032
27.017787
6.050408
30.010087
8.024765
20.005445
3.010467
4.016628
14.015211
4.028326
8.007128
15.015461
4.042392
6.011213
2.021125
10.003732
3.037156
11.027313
2.036786
4.010213
14.008915
4.017089
21.006757
2.065825
5.020063
5.010141
2.031710
14.039959
9.027373
9.006843
4.041379
8.003852
11.004825
3.019632
9.022976
9.025852
15.005814
8.011639
4.005151
27.007257
7.006677
3.049693
29.017953
9.037228
4.007422
29.031481
31.007023
7.005790
5.004302
7.009145
10.021488
8.005510
16.010625
3.067221
4.052282
19.026824
25.005264
3.062546
11.019219
2.032663
20.005465
3.020411
19.011019
13.006797
7.009421
3.029210
3.036756
20.009041
3.064672
9.022210
31.005225
2.049163
30.007097
4.008361
13.011479
4.046666
6.029300
3.013319
3.060232
9.015856
4.014996
24.024382
4.031010
11.005225
7.005370
4.045133
9.032648
20.012645
3.027713
7.003992
11.016361
4.052769
9.008094
4.020579
9.040171
7.022881
6.010257
4.007182
34.005510
4.030143
8.005224
16.003712
13.039476
4.007308
9.006010
4.013523
14.026035
9.052806
32.005975
6.002220
4.029384
19.016734
14.006803
4.015595
9.033015
11.012235
3.013487
8.022743
19.008474
4.018240
29.018380
4.039120
25.005565
3.071623
15.010021
3.058581
15.005345
3.019792
25.013275
3.029725
14.010355
4.014423
4.022251
9.012911
6.011761
2.034358
9.025880
25.008129
4.014459
3.050695
29.010639
4.061293
24.028791
4.023297
19.029558
4.047261
11.002460
8.004012
3.051823
24.013983
4.059011
14.021678
4.030120
10.014437
3.013691
9.017061
4.032997
12.006997
11.006708
4.032403
15.003006
3.051511
10.013817
3.056196
10.011713
3.025256
24.032612
14.025360
4.031755
9.020507
10.006823
3.033546
19.009507
4.024498
20.003632
3.016848
8.005465
11.012945
3.014409
7.014519
7.006897
3.030813
44.012079
4.019984
4.032423
24.022656
4.020424
9.022024
24.021116
4.032785
39.019390
4.053499
9.008535
4.044622
29.027419
14.008355
5.028565
13.021278
4.008455
8.014005
7.006517
7.023509
4.026540
36.006616
7.008575
10.004423
4.003798
8.005330
4.036228
9.020624
6.005205
3.024814
9.004072
5.008441
9.003592
7.028165
4.005970
4.005270
14.010527
4.043117
4.033567
9.006522
14.006742
4.030907
5.008809
32.005065
20.018248
4.048379
29.021084
4.028390
10.008029
10.006697
2.041798
4.024309
4.038232
9.021076
14.024826
4.036247
4.041817
11.009641
7.022718
4.039058
29.016348
9.016301
4.028927
34.024844
14.008200
4.012252
4.023826
4.037328
15.012905
18.046485
24.010925
21.003652
9.000928
7.016931
4.007762
14.031878
24.008694
4.020899
9.033654
4.042592
14.059828
4.031795
5.004483
8.026033
4.012503
