5.002066
4.011479
3.010067
3.008289
3.021029
3.010933
12.005345
3.016368
3.014891
3.010999
67.009727
8.015972
3.034510
4.016941
3.006308
3.014743
4.005370
2.006603
3.033781
3.005205
17.010159
12.012357
4.028940
3.015290
13.004944
4.012251
7.002240
3.041550
3.013723
13.024845
4.014566
3.010327
3.002840
3.017720
3.010021
17.033991
3.019286
3.012431
3.010321
30.021804
3.012825
17.017070
3.009401
3.031839
3.021097
18.026130
12.000928
3.025199
3.015309
3.003612
4.009947
4.011333
3.009741
3.003752
3.021228
3.013958
26.035625
3.024313
3.009621
17.015824
3.025815
3.016067
3.010041
8.002166
59.002346
4.004278
9.013703
3.031455
4.020484
4.023144
5.011699
18.022910
19.015350
8.000928
3.042767
3.015667
3.014629
4.002640
3.012911
3.008295
3.023828
3.015381
12.018074
18.000928
3.023628
3.006145
1.016718
3.034497
3.019184
17.008549
3.000928
3.025453
3.012191
12.022968
3.009281
3.034199
3.017682
42.015595
3.019052
3.046829
3.018374
8.000928
4.014557
3.010241
3.013145
3.034405
3.010477
2.029051
4.025074
8.012063
3.017848
3.010027
11.005430
3.027505
3.021931
7.034445
3.010101
3.024841
3.011153
22.012431
3.011393
3.032565
3.010601
27.033256
9.018612
3.009807
3.027313
3.007037
11.020693
3.019564
3.013343
28.000928
3.009387
3.000928
3.028216
14.016385
3.013423
7.011379
3.009461
3.018059
3.025505
17.019718
3.005025
3.035769
3.010301
18.000928
7.016762
3.040628
3.011333
6.020010
3.028305
3.009781
7.023574
3.010467
3.032967
3.018874
2.039966
8.009787
3.027275
3.011965
3.017534
3.017417
3.000928
3.048151
3.024620
43.003612
3.008275
3.018694
3.025871
3.013757
12.018906
3.003732
3.019191
3.013743
3.000928
3.010113
3.003972
3.016250
3.009119
7.016147
13.000928
3.026634
3.018333
27.017554
7.017587
3.019206
12.008429
3.013411
3.012343
3.011353
12.024420
23.026835
4.000928
4.000928
3.065593
3.044888
3.029863
29.004653
3.036764
4.009381
7.012531
3.034839
3.000928
18.005205
13.011393
3.017786
3.019512
7.029951
3.019466
3.017139
3.020320
12.026338
7.015661
3.013145
22.021616
3.016187
3.054288
3.005265
17.024894
3.018781
3.021304
3.021933
37.014083
8.000928
3.015722
3.020098
18.002220
3.014930
3.002760
3.025661
3.027784
3.003778
4.000928
9.003678
3.017601
13.003892
3.034595
5.011169
3.019100
3.007537
3.006403
3.006917
3.005405
3.039070
3.019950
2.013703
3.008229
3.012117
10.002400
3.023868
3.014810
18.006557
4.002686
4.002760
8.006937
3.000928
3.037895
3.018692
26.004886
3.026028
3.032158
7.063819
7.032285
3.019992
23.002720
3.029284
3.002280
3.028609
3.014263
11.007317
3.024400
3.029885
24.002260
6.020393
3.014927
3.041342
8.083919
3.011093
4.011333
22.051095
5.002820
9.004072
3.034755
4.012492
4.046703
4.020996
4.010899
4.043338
4.009167
4.039653
4.013844
4.007815
4.019772
4.032321
15.002626
3.021052
4.026582
4.012511
4.010759
4.043844
4.037333
4.030476
4.017800
4.018240
4.041526
5.004382
8.034944
4.014389
9.020272
4.038397
4.035841
4.013649
4.013851
4.036124
4.002286
4.035941
4.018311
10.004303
3.063861
5.014381
8.034029
4.023216
4.035213
4.036663
4.022622
4.006623
5.004262
3.053192
4.037379
4.021956
5.000928
3.034098
4.011479
4.018086
4.009467
4.017108
4.033795
4.011125
4.014003
4.022962
4.012251
4.032126
4.040134
5.002360
4.004263
4.003938
3.045664
4.021024
5.002840
3.036285
4.010585
4.036109
4.029986
4.040482
4.023434
4.012111
4.010819
4.041839
12.011439
4.031264
8.042035
4.010281
4.022114
4.023472
8.015041
3.016627
4.030733
4.034622
4.016541
6.023842
3.002440
3.015681
5.002540
3.022436
4.015736
4.028698
4.015477
4.043741
4.015301
4.030525
4.050076
4.025439
4.006463
9.027628
4.005151
4.025180
4.008521
4.039285
4.014894
4.035877
4.021616
4.043999
4.028111
4.018884
5.002280
8.032835
4.021936
4.026025
4.021389
4.005450
4.030399
4.030469
4.046217
4.037458
9.015981
5.025029
3.032581
4.011505
4.020858
4.005711
4.018046
4.015262
4.022530
4.030843
4.033247
5.000928
4.000928
8.026118
4.010273
4.013043
4.029523
4.021110
4.011085
6.012901
3.000928
3.055035
5.008549
3.015568
4.025341
4.022222
4.025214
4.038284
4.017733
4.012431
4.027577
4.029803
4.054226
4.011439
4.026805
4.038695
4.037515
4.016928
4.005736
4.035299
4.033199
4.022872
4.023724
4.025047
6.013563
4.000928
8.002360
3.022268
4.028710
4.008801
4.039206
4.029477
4.023828
4.030711
4.040642
4.018627
4.067160
4.009547
4.006823
4.021004
4.030079
4.011085
6.016247
8.000928
3.051816
4.018292
4.037848
4.020344
4.008015
4.030961
5.009847
8.011279
4.031261
4.014543
4.021554
9.014063
5.005865
8.027847
4.040961
4.018826
4.019665
4.042738
4.012763
6.000928
4.004118
7.030422
4.038058
4.021964
4.045052
9.007901
4.031029
6.016409
5.020367
8.009807
3.009841
4.002520
5.004598
2.063842
5.003978
5.000928
7.009287
4.027188
4.022708
4.033180
4.031470
4.026810
4.005790
4.025601
4.027090
4.019226
4.047014
9.035390
4.026012
4.026167
4.035419
4.027285
4.009647
4.022531
9.027121
4.021262
4.038722
4.035156
4.032739
4.018180
4.005310
4.019052
4.005191
4.024962
4.017740
4.011165
4.032098
4.028354
4.028545
4.033696
4.010965
5.009259
3.031107
4.010599
4.020158
4.013291
4.011499
4.015615
4.048980
4.052192
4.030201
4.007967
5.002800
3.048698
4.029918
4.020664
5.002840
3.038920
10.002440
3.037582
4.019564
5.002260
4.004458
3.037401
4.032593
5.000928
3.055739
7.016634
4.009347
5.012351
11.000928
3.020649
4.027898
4.014875
4.038496
4.025347
4.027285
4.043000
15.003592
8.008821
4.022523
5.020243
3.013351
4.025362
5.004642
15.004438
7.013617
4.031050
4.008333
4.018353
6.026222
12.013683
4.008221
4.033473
5.005505
3.040870
4.009507
5.007017
3.052577
4.015495
4.009767
4.015496
4.028138
4.017938
4.031638
4.015522
4.018240
4.007179
4.015156
4.042699
5.013563
3.023880
4.015588
5.008299
3.044705
4.008755
4.025251
11.000928
4.021204
4.010081
7.031401
29.028897
7.012303
7.005550
4.004082
5.005344
4.002380
7.016954
4.017487
5.005471
4.000928
8.016680
4.016900
4.029254
4.005170
4.015241
4.019123
4.034584
6.018499
8.002600
8.007737
4.033821
4.016360
4.015755
4.031913
9.003538
4.014105
10.011041
3.027671
4.009287
4.020352
4.018100
4.006603
4.040969
4.015036
4.033457
4.028124
4.029641
4.027420
4.034241
4.013970
5.006777
3.032333
4.030185
9.049058
4.016144
4.029745
4.025350
11.017561
3.005805
4.005081
4.008249
3.033743
4.031315
12.010301
7.003938
3.047229
4.043057
40.002260
3.024003
4.011985
4.011245
4.035302
9.010511
4.042194
7.008155
6.007183
6.008815
9.011239
13.010865
3.029877
4.018326
4.034121
4.023142
4.018247
5.002460
13.012151
4.009507
4.021910
5.007297
3.030707
4.065809
4.033961
4.024554
4.054847
4.028525
4.009707
4.051519
4.023108
4.036291
5.000928
8.014009
4.026553
9.016065
4.039040
4.029861
4.024094
4.028800
9.026730
4.009227
4.022076
4.005650
4.013229
4.032167
4.016548
5.006277
3.050193
5.003938
4.007975
4.000928
8.005430
4.026333
5.007429
4.008669
6.020197
10.009941
3.017334
2.005510
3.078847
4.036609
4.025060
4.013523
4.055471
4.039719
6.009221
4.006716
4.010631
3.027840
4.007457
9.007809
4.000928
8.015227
9.024222
5.015221
3.052859
4.026187
4.024570
5.005190
8.011439
4.023547
4.021838
10.004987
3.055018
4.053928
4.043534
5.012726
4.005345
3.051243
4.012877
4.028023
5.005565
8.016273
9.015155
14.015001
8.018719
13.012505
3.000928
4.018459
7.022430
4.006943
4.017427
4.030361
15.006636
3.064137
4.025761
4.021230
4.023244
4.040746
4.024312
4.005151
4.019872
4.033093
4.030489
14.043276
5.002620
13.014249
4.022868
4.028913
4.016930
14.026378
9.040704
14.020488
4.018918
4.029277
4.018000
6.008095
9.003952
7.025200
4.021510
7.016357
11.024206
5.005745
3.066064
4.020507
10.000928
8.019451
9.032142
10.005271
8.024262
4.038619
5.011739
10.000928
7.021866
5.008041
8.018560
4.012951
4.046595
4.027993
9.012353
9.028264
4.013391
9.012391
9.027380
4.031691
4.039097
5.002600
4.004253
8.022856
4.040075
14.007302
14.010087
4.026179
4.047463
4.033812
4.030395
4.035763
9.040055
4.015215
14.010007
4.011479
9.026032
4.055291
4.016514
9.021669
4.032427
4.069203
4.033253
4.039870
4.028875
4.059780
15.006565
5.012341
7.039894
4.020272
4.032806
4.006443
4.028443
4.016450
4.031745
4.032923
4.013883
4.030609
4.019952
10.000928
4.005651
9.003898
8.017299
4.035190
4.016108
4.035825
4.030454
9.012917
11.009061
7.017261
4.044760
10.004113
3.060789
5.016976
9.000928
8.006889
4.011331
4.010453
4.036765
4.031324
4.026832
4.031355
4.021010
5.014768
3.041140
7.000928
6.024995
14.008295
9.022429
4.020550
4.028043
4.039902
10.006070
8.015835
4.041215
4.040540
19.025260
9.016720
19.011045
4.046097
4.039728
6.000928
4.008939
12.010479
4.029397
4.023204
14.015162
14.014557
9.027184
4.024892
5.000928
3.025633
9.008507
9.031267
4.008815
7.000928
7.000928
8.041326
4.030887
6.009789
3.003832
4.003552
4.002560
8.025394
9.003678
14.011305
5.000928
4.000928
8.025347
4.021702
9.021072
10.004058
8.027994
4.016836
4.021337
4.022624
4.027985
9.031955
4.026147
5.002840
8.006703
4.045765
4.039440
4.029104
9.027271
4.049928
5.014424
13.027342
4.005450
10.002220
3.015685
9.028009
4.018305
9.020661
9.014549
4.012787
4.024412
4.019704
4.028685
9.009627
4.019254
5.004463
13.020552
14.030429
9.015087
9.021110
4.027565
4.018100
4.041434
4.021244
4.026734
4.026918
14.007835
4.014457
4.039618
4.027129
26.003852
7.016221
6.000928
9.002620
7.042982
11.004178
7.012043
4.063061
9.021405
9.014683
4.037773
4.016879
9.021068
9.005550
35.009681
3.050523
4.031749
9.017851
4.025745
4.052725
9.036901
4.043841
4.029995
4.026659
9.014983
6.000928
7.003758
9.030445
4.029107
10.000928
8.008455
4.016714
5.000928
4.007383
8.022616
4.029407
14.024334
9.006843
5.000928
5.005690
12.016833
5.002820
3.042398
4.024349
5.002320
8.036683
4.025120
9.044561
5.002340
8.028084
4.049833
6.000928
7.010919
4.027792
9.025610
9.014614
14.015982
6.003972
7.032485
5.000928
8.008395
9.034215
5.002800
8.035955
6.003732
7.032755
9.036002
6.000928
9.000928
13.003532
3.042090
14.037430
4.035180
9.015802
24.028626
14.019202
9.048058
6.003532
4.003632
12.019486
6.002810
4.000928
7.059078
9.008535
5.013141
9.000928
3.036112
7.000928
7.012915
18.040526
7.000928
12.004363
4.000928
8.010645
10.003612
9.012193
4.004012
3.026734
9.008335
9.027553
9.008215
5.003090
8.007049
4.054664
5.000928
8.016480
4.047090
12.004583
6.025541
10.000928
4.003812
8.009647
4.013709
9.011305
14.036165
10.004132
6.004032
11.043300
4.022427
4.032141
9.038011
14.025646
9.007861
10.005576
3.013995
6.000928
12.015567
9.006603
