5.000928
9.000928
12.003912
5.000928
14.000928
7.014669
5.000928
13.005596
4.017021
4.017243
9.005356
9.014333
9.017369
9.013073
9.008474
5.000928
9.000928
8.010980
5.000928
4.000928
4.000928
9.000928
33.006242
9.005010
4.009587
4.014952
9.005964
4.013019
4.011419
9.006010
5.000928
9.000928
8.020178
5.000928
5.000928
5.000928
5.000928
10.010333
9.022291
9.005190
5.000928
9.000928
5.003030
9.000928
5.000928
28.000928
7.005350
9.009921
5.000928
9.000928
9.000928
5.000928
7.017233
9.005910
5.004342
5.000928
59.000928
5.000928
6.008975
9.006868
9.010633
9.009188
5.000928
10.000928
10.000928
14.000928
14.000928
29.000928
18.000928
7.006030
9.009420
5.000928
5.004162
5.000928
8.000928
5.000928
13.000928
7.007083
9.013318
9.014803
9.008301
5.000928
5.000928
7.007463
5.000928
8.009759
5.000928
10.000928
15.000928
8.003952
7.028208
4.013018
9.006748
9.005902
5.000928
5.000928
9.000928
7.025277
9.005990
5.000928
8.017560
9.022162
5.000928
5.000928
7.005910
9.005910
9.009686
9.015958
4.016776
9.007782
9.018828
9.005650
9.009987
5.000928
18.017249
4.016125
4.017535
5.000928
5.000928
9.000928
7.006862
5.000928
23.007342
4.014605
5.000928
9.000928
18.013225
9.008182
5.002866
38.005750
9.012097
9.005390
9.014278
9.015377
5.000928
28.009347
9.014011
9.007288
5.000928
8.007346
9.007860
9.005570
9.014921
4.014903
9.015761
9.013478
4.011799
4.030184
5.000928
13.011447
4.016151
5.000928
5.000928
17.005410
5.000928
18.012351
5.000928
5.000928
9.000928
24.000928
9.000928
5.000928
13.000928
7.006883
5.000928
13.007202
4.013691
9.005690
5.000928
18.006708
5.000928
13.010020
5.000928
5.000928
5.000928
13.000928
7.009979
9.013358
9.010053
9.008660
9.007562
5.000928
9.000928
14.000928
18.011405
9.005350
9.011165
4.015387
5.000928
13.017953
9.011119
9.011945
4.016129
9.007028
9.011079
5.000928
8.007422
9.006236
4.014977
5.000928
13.014043
5.002686
4.000928
9.000928
23.012935
5.000928
5.000928
5.000928
5.000928
4.000928
4.000928
5.003838
9.011212
9.005930
9.007502
5.000928
9.002766
6.000928
5.000928
5.004458
4.015445
5.000928
8.007582
4.015065
5.000928
14.000928
5.000928
5.000928
14.000928
5.000928
18.008290
12.005910
8.011629
9.006030
9.007602
5.000928
5.000928
5.000928
24.000928
5.000928
3.000928
5.000928
5.007322
5.000928
5.000928
7.007503
5.000928
23.022471
4.024707
4.010863
9.013418
4.020626
9.008868
5.000928
5.000928
24.000928
9.000928
27.015337
5.000928
5.000928
14.000928
5.000928
6.005370
9.014937
5.000928
5.000928
5.000928
28.006290
7.009167
5.000928
14.000928
18.008354
4.009867
5.000928
9.000928
8.013133
5.000928
43.007022
5.000928
5.000928
9.000928
5.000928
9.000928
14.000928
4.000928
5.000928
17.000928
7.027040
4.014245
4.014407
9.014137
9.017583
10.004442
13.006762
5.003130
33.010053
4.007762
5.000928
13.008035
5.000928
5.000928
28.000928
5.000928
20.000928
14.000928
29.000928
28.000928
5.000928
21.015457
9.012779
9.017313
5.000928
5.000928
7.008075
9.007183
5.000928
5.000928
5.000928
17.003972
5.000928
9.000928
5.000928
12.004072
19.000928
13.017328
4.019251
9.021845
4.023867
5.000928
5.000928
7.007183
24.011381
5.000928
5.000928
14.000928
12.007522
5.003130
9.000928
13.008641
9.009766
9.006236
4.011505
5.000928
8.008408
9.017123
9.006628
4.014657
9.008103
9.009166
9.006090
9.005890
9.011879
5.000928
14.000928
14.000928
18.009247
9.016116
9.010734
9.006924
4.021889
5.000928
8.016983
9.011779
5.000928
13.012499
9.005890
9.007608
4.016381
5.000928
13.015095
4.016071
4.013711
9.012869
9.006470
9.011685
4.012551
9.005290
9.002220
4.023335
5.000928
5.000928
44.000928
24.000928
9.000928
7.007503
9.008814
9.005850
9.007262
4.006462
9.019115
5.000928
5.000928
5.000928
24.000928
5.011030
10.008474
21.000928
9.000928
5.000928
18.000928
5.000928
9.000928
21.024788
5.000928
5.000928
9.000928
14.000928
5.000928
20.000928
5.007022
9.005190
9.012425
9.007422
9.012603
5.000928
5.000928
14.005930
14.000928
7.006131
9.014309
9.007548
9.005190
5.000928
5.000928
7.012086
9.016847
9.012857
9.007921
5.000928
5.000928
5.009050
17.004052
5.000928
7.008703
4.015983
9.005990
9.010387
9.009055
5.000928
18.009193
9.011205
4.013579
9.008595
4.038246
5.000928
5.000928
19.000928
7.014715
5.000928
9.000928
8.016696
5.000928
5.000928
5.000928
13.000928
5.000928
9.000928
16.007043
5.000928
5.000928
14.000928
10.000928
6.008761
4.015946
9.008935
9.016987
9.007442
9.005410
5.000928
5.000928
123.013660
5.000928
22.004970
5.000928
5.000928
5.000928
32.003912
5.000928
14.000928
7.007263
9.006030
9.007502
4.021193
9.010347
4.014557
9.006031
9.018261
5.000928
5.000928
7.007363
5.000928
14.000928
5.000928
18.000928
4.000928
5.000928
5.000928
16.008540
9.007168
9.009068
4.018920
5.000928
28.009080
5.000928
18.010193
5.000928
8.019349
9.006002
9.007543
9.014995
6.000928
9.000928
7.007683
9.008615
5.000928
20.000928
33.012260
18.008820
4.017701
5.000928
8.008981
9.008262
4.016769
4.018415
5.000928
5.000928
5.000928
11.022453
9.016135
9.007288
5.000928
5.011950
14.000928
14.000928
18.000928
18.008875
20.003652
5.000928
7.006563
5.000928
8.006090
4.034591
17.000928
11.007623
5.000928
11.000928
11.022066
5.000928
9.000928
5.000928
14.000928
19.000928
12.017377
32.000928
9.000928
38.000928
5.000928
24.000928
17.003652
14.000928
5.000928
17.009062
5.000928
11.000928
5.000928
14.000928
114.000928
14.000928
5.019119
20.000928
6.000928
22.000928
6.000928
5.000928
5.003638
9.013280
9.012279
4.016449
5.000928
5.000928
14.003952
15.000928
14.000928
22.003592
5.000928
7.006130
9.008141
9.005870
7.000928
5.000928
16.004112
14.000928
25.000928
5.000928
36.009200
5.000928
24.000928
6.000928
29.005834
6.025989
7.000928
6.006943
9.005730
10.003772
6.000928
5.000928
17.000928
9.000928
7.005630
7.000928
33.000928
20.000928
48.000928
7.030728
26.000928
7.006430
12.000928
9.000928
22.003852
11.000928
11.027079
5.000928
17.000928
16.003652
13.005570
7.000928
9.000928
32.000928
5.000928
9.000928
9.000928
5.000928
15.000928
21.003852
6.000928
18.000928
20.000928
62.004622
5.000928
17.010713
5.000928
9.000928
6.000928
14.000928
14.000928
33.000928
31.000928
20.007989
4.018067
29.007203
7.000928
18.000928
10.000928
28.000928
5.000928
11.028893
19.007183
12.000928
16.006030
7.000928
16.005470
9.015596
5.000928
6.000928
27.003672
19.000928
18.010898
45.003712
15.000928
7.011686
29.005550
35.003952
8.008435
19.008394
5.003732
13.024000
8.000928
17.004052
33.000928
34.000928
5.000928
9.000928
34.000928
5.000928
17.002220
13.010827
9.015349
10.003652
11.000928
17.002220
5.009890
7.034878
9.007408
17.000928
9.000928
34.000928
6.007623
9.002220
9.012219
5.000928
14.000928
18.016167
5.000928
10.003692
4.000928
19.000928
19.000928
5.000928
9.000928
18.005950
14.000928
7.006743
4.017603
5.002640
11.000928
12.003752
18.024714
10.003552
8.011919
9.006050
21.000928
7.007368
25.000928
9.007910
5.000928
15.000928
28.000928
32.005350
7.000928
19.000928
13.003972
7.005230
22.000928
5.000928
15.005810
14.007543
9.012005
9.007362
12.000928
4.000928
11.017043
4.011087
4.014153
9.006908
7.000928
18.000928
14.000928
7.007043
5.005994
23.013126
7.000928
33.000928
17.011373
7.000928
11.027914
5.004382
4.000928
13.014877
16.000928
14.000928
7.005990
5.000928
19.000928
5.000928
32.012229
9.020019
10.003872
5.000928
14.000928
34.000928
14.000928
9.000928
8.000928
5.000928
7.006010
9.013421
7.000928
7.003872
13.015178
12.000928
21.005470
5.000928
8.005496
10.003572
44.003992
23.005710
113.000928
10.010967
5.006175
13.017501
9.008675
24.005350
59.029029
17.000928
5.000928
11.000928
11.000928
11.007988
5.004132
8.008695
4.009922
30.003532
13.005970
10.011030
15.000928
7.013643
16.000928
5.000928
11.006983
7.000928
24.000928
11.019572
9.010505
12.000928
4.000928
9.000928
19.000928
26.008243
5.003672
5.008190
9.000928
7.007329
22.000928
14.000928
6.004158
20.003532
6.000928
24.000928
16.029327
9.009281
9.005970
9.006908
25.000928
15.000928
10.000928
13.000928
10.000928
9.000928
23.000928
14.000928
24.000928
7.009101
15.000928
23.007003
14.007029
5.000928
11.000928
11.027372
9.007520
20.003872
5.000928
7.009603
9.028755
9.007543
10.004562
6.000928
16.007383
17.000928
9.000928
21.019891
16.000928
24.000928
15.010910
16.022771
5.003872
13.010998
9.009640
12.000928
19.000928
14.000928
7.003792
5.000928
12.007888
15.003932
5.000928
10.000928
36.005970
11.004132
7.027285
9.012937
9.005516
12.000928
14.000928
14.000928
9.000928
18.000928
15.000928
21.007463
17.000928
14.000928
16.005870
27.000928
28.000928
20.000928
14.000928
24.000928
6.004298
13.000928
15.011923
5.000928
16.000928
34.000928
11.006030
7.000928
11.009414
9.035009
8.000928
13.000928
11.007863
9.005510
12.000928
7.003752
11.000928
6.005490
21.000928
10.000928
9.000928
37.000928
16.000928
13.003612
7.024802
4.018059
5.003732
5.000928
10.000928
10.000928
6.003712
50.000928
7.007449
9.007488
7.000928
11.009547
14.016035
9.015925
9.006351
7.000928
21.005750
11.000928
22.005550
5.000928
13.012562
10.002220
19.000928
11.000928
14.000928
19.000928
7.003732
13.007507
5.004092
15.007910
14.000928
15.000928
26.006410
15.003812
9.004112
26.000928
13.000928
9.000928
7.005470
5.000928
6.000928
16.023241
9.007508
7.000928
11.005590
9.005170
12.000928
17.004032
14.003692
18.009634
17.000928
5.000928
11.003612
18.035073
14.015661
7.000928
12.003652
21.000928
6.016553
9.005810
7.000928
12.000928
8.006608
9.035546
10.000928
6.000928
18.000928
5.005790
19.000928
18.000928
9.000928
5.000928
7.002560
13.005057
9.005676
12.000928
23.000928
17.005296
21.000928
24.000928
29.000928
10.000928
16.004198
15.003972
19.000928
6.000928
12.003772
9.003692
24.003732
5.000928
29.003672
7.005930
19.009319
19.019581
9.007368
30.003652
9.003912
9.000928
34.003832
23.010146
9.026196
7.000928
33.003872
14.008850
14.000928
5.000928
11.007668
21.000928
9.000928
5.000928
6.019598
15.000928
44.000928
11.000928
23.000928
5.000928
18.000928
35.000928
4.000928
33.000928
8.003552
26.000928
29.000928
10.000928
13.000928
12.003592
14.000928
11.000928
26.010387
9.007123
21.000928
14.000928
5.000928
12.004112
25.000928
9.000928
27.015269
19.005311
36.000928
7.020607
9.006794
10.003812
23.041973
25.003532
13.010059
33.000928
8.000928
23.000928
13.003772
6.000928
22.003952
11.000928
17.004112
8.030735
26.003532
14.000928
7.010659
12.000928
23.000928
10.000928
18.013673
13.003532
6.000928
14.000928
9.000928
14.000928
16.005331
12.000928
14.000928
12.003812
24.003832
6.000928
12.003872
9.003692
35.000928
7.007243
12.000928
21.005516
7.000928
14.000928
8.000928
5.000928
7.003692
18.007123
7.000928
16.010127
14.007463
22.000928
7.002260
6.000928
14.000928
14.000928
14.000928
14.000928
19.000928
17.003572
12.000928
43.000928
19.000928
9.000928
18.000928
5.000928
9.011250
17.003972
25.000928
7.007203
7.000928
47.003892
6.000928
9.000928
31.028222
12.000928
18.000928
43.000928
6.000928
22.003792
6.000928
19.000928
6.028500
26.000928
7.007263
14.024023
15.010190
14.000928
18.005610
26.004112
5.000928
24.000928
22.003872
16.000928
16.005231
14.003938
22.000928
22.004032
18.010265
16.008330
13.003952
6.000928
17.004663
10.000928
24.000928
12.010015
25.004012
14.003932
13.006196
10.000928
6.000928
26.007789
7.000928
