3.006529
3.025475
3.008080
4.015115
22.000928
3.006916
3.012737
3.005404
2.012872
3.007036
3.012431
3.008529
18.015788
3.021224
2.054243
3.013903
4.008409
2.025782
7.022962
11.007691
5.016148
4.024028
3.018400
3.009301
3.032375
3.007949
10.048968
3.009621
5.027851
3.008389
10.021964
7.009301
3.015602
2.068454
3.008369
1.044491
8.019851
14.031350
3.016258
11.014695
3.029743
3.009241
7.015029
9.017447
3.009721
13.026958
3.009961
2.011533
2.096825
3.010993
8.016023
7.008729
3.014269
3.020590
17.008249
3.010161
3.043879
3.023070
7.007561
3.009881
3.046659
3.008229
8.007640
7.009721
3.013703
4.010267
4.036783
4.027598
4.037443
3.009521
20.032313
11.020885
5.009773
7.006837
3.013683
3.006896
10.022406
12.006636
4.009541
3.011823
3.009681
3.008560
4.038033
3.017880
20.022130
3.016462
2.051594
19.011133
3.012245
3.031656
3.013963
7.012583
4.010101
3.010041
3.027348
3.009541
10.046371
7.007183
12.012377
3.030197
3.008649
3.008529
3.021989
3.008569
3.029964
5.008729
14.009301
3.017386
3.015430
3.009461
8.016193
3.007849
3.027884
3.007789
4.009601
6.011825
3.031907
3.008009
5.013490
6.007449
7.016341
3.010593
17.010653
7.014729
3.010041
3.009581
3.016622
13.014103
3.030523
3.018319
8.021912
6.021396
3.016990
12.012021
12.010169
4.033290
3.009181
6.014715
3.021564
4.016160
3.011173
3.016921
7.027386
3.009853
3.022921
8.017660
10.009861
6.011545
3.033978
3.009641
10.037920
3.010793
2.025301
7.010453
3.011173
3.017115
4.014313
6.036523
3.008169
8.018095
11.029228
3.010061
5.016955
3.021010
5.019200
9.020152
3.011513
9.020293
3.014517
4.009541
3.010141
7.029497
3.008149
6.027212
3.042809
7.007969
3.010101
8.011281
3.028343
4.011159
3.016502
3.021940
4.011013
3.026073
7.026427
3.011853
11.026567
3.033594
3.009341
5.036735
3.008329
3.018273
3.019558
3.016621
3.035183
3.005164
10.022204
11.035728
2.091822
4.016798
3.011173
8.030698
4.008109
7.010799
3.041824
3.017834
3.059939
7.011259
3.026414
3.011439
2.025587
2.049134
3.011073
3.028097
13.009321
2.050489
3.008229
3.035893
3.010001
7.006263
5.013863
3.040058
3.019366
13.023534
7.010593
4.012445
3.029843
4.021756
3.009721
7.032351
5.010713
12.013943
3.016967
3.011733
8.009861
11.043311
6.017782
3.008869
3.028385
3.011953
3.010445
9.014543
3.008969
3.009941
3.046188
3.013818
2.014850
3.009941
3.023569
3.008169
11.031229
13.034765
9.018039
9.032711
32.022532
3.013621
2.090966
3.005664
3.010953
7.005024
3.022974
3.010813
12.024360
5.011133
3.008169
3.018154
3.023821
3.008049
2.024879
5.010973
8.017754
3.011093
3.033713
4.038757
4.017101
5.012045
8.023516
5.011845
3.017711
3.010993
8.008349
3.003793
5.024996
2.019979
13.017608
14.027893
6.012565
4.008335
3.020205
3.017452
4.030615
4.020432
4.013984
4.016594
3.008249
18.055986
4.020817
6.032971
19.020624
7.013735
14.013657
6.014004
3.030044
2.013577
3.012535
3.017460
3.017294
14.009161
5.007282
4.022648
3.005824
8.018720
4.011373
7.004164
3.022260
4.033231
3.018274
6.013889
3.055394
4.014942
3.010919
5.056746
5.008389
3.026972
4.023428
4.010760
3.015390
25.021883
4.019998
4.031237
3.012285
5.031031
3.008963
17.012481
13.012285
6.020115
16.007308
3.012519
3.020979
12.000928
3.045456
4.020704
4.010087
3.010893
3.008169
8.010161
4.016403
2.036704
3.012505
13.024985
6.042870
7.009721
2.021110
19.008243
3.059062
4.020032
3.017534
3.009861
3.021265
2.044678
3.010833
2.008549
2.085750
4.023296
4.027434
4.022670
4.011151
3.009861
5.012851
4.027050
3.012445
2.020290
12.018728
3.017133
3.028351
6.008875
7.053733
3.005590
9.004602
2.046317
3.020126
3.008569
11.031894
4.014549
9.023122
3.009581
5.011405
3.022151
1.009521
5.009847
12.018899
3.008189
5.011339
9.028006
3.021804
8.011991
13.018259
4.009601
3.011393
3.022336
4.009587
3.009361
10.018614
4.021098
3.016367
10.012471
10.009981
3.064234
3.008249
11.004423
3.014073
4.031583
4.032749
3.017754
3.010733
6.012269
3.017979
3.040845
11.023157
8.009387
4.009981
12.009581
4.010001
12.006582
3.022745
3.009401
6.019718
7.046024
5.024740
3.005404
7.004662
3.025582
4.010599
4.009507
4.049201
3.033439
3.027096
4.033901
13.022681
22.037221
12.024028
12.006737
3.020652
4.011359
5.014287
3.025930
4.042239
9.038946
4.010899
3.028885
18.008509
4.007869
6.018108
3.008169
3.014017
3.016383
8.009261
8.021296
4.032321
4.009607
4.025001
3.008149
14.018355
4.018725
3.021470
4.006976
11.014817
4.012449
5.016007
3.023836
4.021557
4.052900
4.023228
3.008909
10.012871
9.017685
3.009487
3.017261
15.006257
8.022202
9.013405
14.006776
7.025540
3.044156
4.033946
4.025614
3.011293
4.009601
4.009661
8.008369
8.028444
2.038606
3.009767
3.030792
9.033078
5.007949
6.004262
12.019206
8.020826
6.014969
4.016310
4.018806
5.004502
3.022894
4.019683
5.008489
3.048508
4.011525
3.011533
18.021864
3.018320
3.009201
3.036252
3.019266
9.009801
6.014949
3.057797
4.014023
3.028896
5.034390
3.016873
3.007929
7.020841
3.019832
3.037770
8.007949
11.011465
3.027841
3.008169
6.017820
3.023348
11.027639
3.020100
4.004910
4.022042
3.029536
3.018886
7.011073
3.041846
3.010773
5.026071
9.019073
4.021844
4.036208
4.010433
3.032806
3.008151
2.005405
9.004956
3.029893
4.023516
4.026558
4.023283
3.012385
4.018613
3.015589
11.026072
4.016188
4.037484
3.009287
4.026681
5.021365
4.025453
6.010081
3.016078
3.049727
9.049828
5.019762
4.017840
3.017245
4.012571
4.028230
9.026911
5.004583
5.009781
3.007649
3.026174
3.009421
9.015549
5.034171
4.028157
12.021896
4.011313
4.030895
13.012567
7.015716
4.031117
4.034353
4.025640
3.029055
15.051962
4.023776
3.007929
11.011479
9.007909
3.029279
3.010207
5.045188
3.032141
3.008209
11.009193
4.015661
3.008295
5.018327
3.017361
6.009323
3.041034
4.030188
5.009901
3.021084
19.014075
9.018226
3.008449
5.007189
4.019802
3.027785
3.023814
9.009541
4.008029
4.016841
7.004582
13.018970
19.019038
4.023776
4.021537
4.019498
9.036101
9.040011
12.015481
6.004192
19.018245
9.025549
8.009747
15.009853
9.040075
14.028973
4.033562
4.045212
9.036586
19.009953
4.035837
14.027239
12.015552
6.028665
19.057949
15.048576
13.014166
4.011079
4.016868
4.034571
3.010353
14.005176
20.015123
5.007056
3.039501
4.006442
4.018560
4.021902
4.028173
9.012807
23.008569
5.016449
4.014103
4.025765
4.034173
4.020982
10.009627
3.031089
4.035194
14.022848
14.057550
9.011819
4.032413
9.017783
5.008209
3.028685
25.009209
5.009401
3.013185
8.026936
4.010267
14.005810
20.009707
8.023624
4.019813
9.021250
3.038066
11.009263
3.053573
14.006883
4.030497
4.019820
5.009687
3.059589
19.025341
4.045336
4.041162
9.014833
4.032181
4.031441
14.049490
4.022520
9.008101
4.013631
9.018711
4.009847
4.034419
4.041808
9.016603
4.013763
4.029834
14.012231
9.022202
9.033691
11.018182
7.030317
4.023736
14.032803
4.037785
10.000928
8.033300
4.024132
9.008780
4.028491
9.043850
14.028332
9.018860
4.035166
15.004243
8.028852
14.012251
5.004382
8.011843
4.026502
9.049334
4.023097
5.018473
8.015701
4.019898
4.022970
19.026307
19.023952
9.017880
14.031049
4.019389
19.018305
24.019880
9.015235
4.031542
29.019814
4.057595
10.005610
8.034389
4.055835
9.040185
10.017464
8.024092
4.033371
4.028597
14.026070
4.007169
9.039071
9.006542
9.047722
4.035329
14.021439
4.029957
9.011965
4.022756
9.053133
4.046033
9.023426
9.028955
14.019318
5.007037
8.032224
4.030335
9.017374
19.021146
4.010013
4.040926
29.016418
9.055610
4.037411
9.014043
9.008421
9.018095
4.014184
4.025391
14.030638
9.007781
4.039284
14.049549
10.019723
3.042237
44.007422
4.030459
16.004582
12.017142
4.012851
14.015881
14.029098
4.019200
14.012691
10.015115
3.036322
10.016584
3.030157
14.006322
4.033409
4.023815
17.004363
16.012877
4.027954
4.018712
4.025181
9.011571
14.023588
20.008120
3.017240
14.020408
4.021006
6.006337
7.029752
4.014110
4.040672
4.009493
9.008075
6.004483
3.006857
3.069248
29.020814
4.019627
4.026186
4.025864
4.033504
4.035938
4.038114
14.043448
6.011741
7.051056
5.015187
3.051963
4.029657
9.024479
9.030644
24.008074
9.029739
4.019006
9.006783
9.035632
14.037997
10.014403
4.008075
3.035706
4.041880
4.026200
4.021270
9.006882
4.038442
14.035706
9.011365
9.011745
9.031307
14.046103
4.033734
14.048945
6.004663
12.012417
5.006296
38.037752
9.011099
14.002220
14.024241
14.018156
24.018592
4.039085
4.030625
9.041093
9.014081
9.013643
9.048543
14.021970
4.029003
9.017633
14.026594
4.028302
4.047473
4.023396
14.024477
4.023254
19.019797
9.023740
4.044923
14.034000
9.029997
5.007929
3.033137
14.016311
4.044448
19.030293
30.007045
8.014403
4.030098
20.003832
8.035999
14.019343
10.020970
8.005190
4.051484
10.004442
8.011519
4.020870
14.038240
9.010659
4.024011
19.027419
9.007928
4.047405
14.035651
14.008714
4.026759
4.031156
4.036391
9.010687
9.006703
4.030757
4.021286
4.029583
9.042182
4.017158
24.009129
4.023696
14.017154
4.024021
9.013497
20.012901
18.005396
24.018152
5.000928
4.011273
4.000928
3.031107
9.010321
9.014535
4.013231
6.003912
3.005185
13.022160
