2.037275
20.016358
2.019170
5.014529
2.018299
4.000928
2.024740
2.024043
7.014789
2.039562
2.014331
2.028105
2.029201
4.000928
8.006416
2.026939
2.022042
11.000928
2.034199
8.002780
3.007849
2.089058
2.042828
2.030190
2.031280
2.056841
2.042829
2.018279
2.010933
2.077526
2.071912
2.053391
2.015475
7.007849
2.015561
2.019872
7.000928
2.022062
2.015475
2.027059
2.052099
2.038544
2.020981
8.003978
5.004884
2.021218
4.045857
2.031195
2.011859
2.007788
2.013531
10.012592
2.071073
3.000928
2.027797
10.004384
5.025368
5.017287
2.007583
2.048121
2.009501
2.093613
2.028802
2.016389
2.013983
10.038467
2.054977
6.016635
2.024709
2.010321
4.003632
2.046674
8.000928
11.010959
2.057785
7.004945
2.053134
12.011257
5.002600
8.027656
9.034827
2.069763
2.012697
6.029778
19.016561
10.005490
9.000928
6.007217
3.021390
4.007177
2.093314
2.035586
7.000928
2.064524
7.046524
4.007889
4.028385
16.000928
3.000928
2.045989
2.069358
5.032921
10.000928
2.029699
3.006597
3.014183
4.029495
8.015867
2.036015
3.000928
4.000928
7.004642
2.022144
2.006536
2.030731
2.033498
2.010793
2.067780
6.011049
2.011499
16.007177
9.058383
2.036332
7.008809
2.086532
2.045216
2.003632
2.039448
6.002760
5.003872
8.000928
2.076055
16.008209
14.012785
2.055883
3.028783
6.050696
2.025072
6.027902
14.017674
2.074965
2.019659
2.018520
5.024588
7.015510
22.003698
7.003772
3.010753
4.000928
3.000928
2.095785
2.023355
2.024342
2.039090
3.000928
2.011653
2.024069
6.006683
2.020650
8.002460
12.003892
4.025619
6.000928
2.015670
2.062478
6.030839
5.031217
2.092929
2.055530
2.024378
2.040696
7.006616
2.037432
2.068812
6.007960
2.016476
6.019455
2.024884
2.024515
2.056815
7.010853
2.018892
2.069700
2.025296
2.017575
6.009241
2.072488
13.010613
6.040977
2.017486
6.032502
2.060880
6.034089
2.020118
3.000928
2.022548
2.021370
3.009790
2.025721
2.035652
3.011825
2.112586
2.071616
11.013137
2.065066
4.000928
6.016235
2.016808
7.002786
2.013663
6.007509
2.074766
7.049742
2.017219
2.071000
2.037177
2.018140
10.012805
2.029777
11.005690
2.012485
11.014463
2.016993
6.032135
2.024820
11.020730
2.071108
3.007695
2.073266
2.025446
6.040339
7.000928
2.025812
2.039282
7.016164
2.022908
2.015495
2.014776
2.016853
1.018190
9.017654
6.015229
2.017134
2.017268
4.010493
3.000928
2.016641
2.021098
2.016753
2.035729
2.052217
2.012065
2.062249
2.049167
2.084661
2.074768
2.027246
2.012491
2.010433
2.095638
2.020924
4.007367
4.000928
2.013005
6.017647
7.000928
2.067636
4.007157
45.030911
6.013709
2.079274
2.019258
6.029525
2.030123
2.011093
2.021252
16.006783
8.006010
2.013824
16.036011
2.048066
6.036509
2.017946
6.033710
2.079532
7.006556
3.034745
2.043269
2.025420
2.059495
7.006376
2.052721
3.008609
4.006596
1.034015
6.006762
4.005525
8.004164
3.029197
4.038291
6.000928
6.025772
5.002786
2.019700
5.031322
2.050315
9.000928
6.022563
10.005465
13.031972
6.032706
2.085319
2.016383
2.024002
13.024360
10.003772
2.036790
1.021755
13.029712
2.038551
6.010007
2.015697
6.019077
2.053377
6.014364
2.043922
6.024787
6.008869
2.037336
3.008669
11.017921
2.044185
9.009101
4.007623
2.049273
2.063066
2.046675
4.011965
2.018107
2.044365
2.010879
20.002820
2.016090
2.034119
13.011033
6.017993
2.017376
2.031450
6.003652
3.009247
2.038226
2.036424
3.045068
2.036286
2.020018
11.016467
5.000928
2.044419
11.006356
2.046430
16.013199
4.014848
19.013683
2.024014
13.003532
7.000928
2.061567
7.005324
2.027051
9.009201
2.033859
2.040770
2.040464
3.007697
4.003978
2.016274
2.050176
4.012145
4.003898
11.023815
2.042198
3.013977
3.012657
2.029679
2.011719
9.008229
2.011019
2.040919
14.000928
8.003552
8.007063
7.033369
2.060611
3.018960
2.082987
12.006857
2.009893
18.015801
9.006969
16.000928
8.000928
3.012417
4.027891
4.027438
2.026541
4.013638
12.003972
5.012031
2.059131
3.005344
4.010167
8.010167
7.015370
2.014051
11.000928
2.017400
7.000928
16.006837
5.019351
7.000928
6.039734
5.013389
2.041381
2.013463
8.006396
2.029198
5.036910
8.009181
10.035629
2.050866
9.003748
11.012691
2.044769
9.012305
6.023128
3.013323
8.008910
10.012105
5.014857
6.000928
9.013637
6.007217
3.000928
6.014915
8.000928
2.006637
7.006639
2.052975
5.011905
2.008409
8.000928
2.058877
7.000928
2.041856
2.044866
3.008589
7.025172
2.026458
6.020918
2.041566
3.031164
2.081858
6.000928
2.062386
4.045661
2.011239
8.000928
2.033866
2.012139
6.035650
11.010793
2.024132
4.020518
2.047169
7.018192
2.013437
2.028234
2.059034
2.029335
6.028816
2.012397
3.003892
2.022903
2.032349
2.022430
2.016134
4.010539
2.012211
2.029149
2.028331
6.007722
4.022940
4.026199
2.013464
2.011113
9.005365
5.040395
3.018380
6.012205
6.034527
2.016217
3.007889
2.035828
2.037775
2.015115
2.055685
3.004138
2.039630
8.025242
2.038138
2.007783
14.004238
8.013889
2.039350
3.006597
2.029625
2.027413
8.005185
2.087665
2.013211
6.031663
11.026384
7.012683
2.046334
5.005750
6.029877
2.031008
4.012230
5.052554
5.000928
2.021612
7.006137
2.035006
2.023929
3.012650
2.064292
6.004038
2.048794
6.000928
8.000928
2.037192
6.000928
2.025899
3.000928
2.010713
2.055547
15.006150
5.000928
8.007923
9.023802
2.022864
2.025707
2.024613
10.026292
16.011947
2.057649
9.029917
2.046800
11.014121
4.008215
2.046317
3.007849
5.000928
2.022234
10.006256
3.000928
2.049810
13.017212
3.008715
8.000928
2.015696
3.000928
7.000928
2.012992
13.003692
8.010327
2.069982
5.000928
2.056552
12.003932
3.008029
2.027465
10.005930
2.026433
1.045898
7.007397
17.003892
14.007257
19.004602
6.000928
4.002420
3.010739
7.039141
3.004964
21.012831
2.047919
3.008569
6.013425
6.005404
2.033693
10.002286
3.019554
2.020838
13.010641
2.028190
2.019392
5.006556
16.007869
2.024109
3.015875
5.006677
11.004072
7.003652
4.010753
2.009487
2.029972
6.006963
2.036240
2.029973
15.006676
8.003532
6.031089
11.005070
2.050366
3.008129
5.033157
16.005425
2.036277
3.017110
8.006357
18.006637
3.017423
2.039601
11.008629
3.007695
3.008129
3.002720
13.040992
8.000928
2.013345
2.016448
17.008415
3.012911
3.000928
3.008489
13.000928
3.038336
3.008369
6.019303
6.006777
7.006888
9.017620
18.007594
3.000928
7.002220
8.000928
3.006743
3.005065
3.004018
11.007909
3.006616
6.008469
6.007277
6.033489
3.005425
12.000928
7.043444
4.033536
2.022282
8.039904
2.022794
3.010899
3.009887
3.013692
24.008999
2.052868
14.035007
4.025870
3.008535
7.009141
3.005025
3.014503
9.027390
4.010851
3.003892
10.005016
3.007163
4.011905
8.012210
3.008939
2.043102
4.047151
3.000928
6.000928
3.034909
6.000928
2.053305
2.017926
21.029842
4.049579
3.000928
5.004418
3.019372
16.003466
3.005431
4.021682
3.006677
11.000928
4.004323
13.006070
3.000928
6.004392
13.037851
15.000928
3.009081
3.007203
2.002660
22.024360
10.004562
3.017567
2.028798
3.012585
4.000928
12.013377
3.006988
11.007000
15.007796
22.014084
20.012105
19.005979
3.029195
3.005925
15.010242
11.004112
7.011399
4.021731
3.013135
47.000928
3.000928
14.013487
4.002360
13.035235
4.019558
4.033385
6.000928
7.008535
4.017859
16.012213
2.030587
6.006697
7.010180
4.014085
3.011813
7.000928
3.002930
4.000928
3.082733
8.006856
25.011599
19.014010
14.020434
4.020904
3.000928
21.000928
3.014149
4.015801
3.009813
11.013664
3.006583
3.005445
12.003892
3.007143
3.035082
6.010693
2.054344
4.019732
3.010087
3.011963
4.000928
12.011799
7.011133
3.016809
2.022076
3.014981
3.008209
12.000928
2.028113
3.011211
3.020525
8.000928
8.000928
2.066632
3.005585
21.005084
3.017065
4.014374
5.000928
3.058472
4.010897
9.016867
4.064209
4.017181
4.047399
3.006737
8.000928
11.011165
4.025106
14.017757
14.026545
3.008155
9.000928
2.014477
3.003653
3.023689
3.013791
4.006836
6.007136
3.010443
3.005785
11.007277
8.012429
4.005670
4.012471
5.000928
3.030449
4.016201
4.005190
4.017553
4.025554
3.006517
2.015181
2.048168
4.052116
3.010760
6.002660
7.004885
2.004132
2.046776
4.023576
4.013217
10.006085
3.017613
8.000928
5.005370
4.027358
15.015415
3.008094
3.009507
5.011645
4.006110
4.031649
3.006657
20.045838
9.021182
2.013930
18.005775
12.050889
3.017612
11.000928
3.022374
3.004058
7.000928
3.005165
5.003692
2.032020
11.005125
2.034435
3.010993
5.047078
11.000928
3.000928
4.005225
3.020651
3.010127
8.000928
7.008675
3.032983
3.007023
6.013337
3.005731
3.011059
10.036023
8.003672
11.009995
13.021604
10.004212
11.000928
6.040290
16.000928
7.012343
4.043128
12.004112
3.003733
6.003772
7.000928
7.011359
3.014123
17.000928
9.000928
4.000928
8.000928
14.004747
3.041546
15.002580
3.051875
3.007296
10.009633
7.000928
11.020498
3.007103
9.009621
5.016727
12.000928
11.021684
5.004443
3.015575
4.023576
11.011913
4.009029
7.006648
4.029471
4.013603
3.013837
5.014935
21.005265
9.003832
4.006957
3.005165
13.027572
9.021248
14.011757
24.016205
14.011735
12.006777
14.000928
18.000928
8.005665
3.011305
3.009647
2.011093
7.005230
4.028208
3.010661
6.009871
4.004092
3.037009
10.000928
3.009427
9.023269
4.014458
3.025217
7.000928
3.014202
18.013203
4.018920
3.014983
16.018451
3.021004
3.006923
5.029948
19.008695
4.003898
4.017125
4.009669
4.011099
4.044846
50.000928
4.008175
34.005267
3.055059
3.020101
7.003912
7.006768
4.036757
4.048271
10.013563
3.019825
44.005950
4.015576
6.005645
3.004112
3.012931
3.020887
6.002400
5.003772
3.010335
8.022564
3.014229
3.015540
12.006462
15.005405
4.000928
12.007442
4.005090
3.010481
12.000928
2.026703
9.014483
4.022622
3.006777
6.002520
18.023376
15.006776
30.010019
14.033355
23.012513
3.061713
6.007077
3.006737
8.009713
4.028744
4.010785
10.003612
8.021007
19.027892
11.000928
8.000928
3.020386
4.026293
4.005611
9.016429
4.016881
9.002220
5.000928
3.019958
11.005065
7.031174
4.004278
6.000928
4.000928
12.032314
4.016335
4.054163
4.007777
6.012337
8.011539
13.009020
9.028078
4.034879
3.013571
6.000928
8.013883
15.000928
8.008895
9.015796
5.000928
3.018428
6.004930
18.005774
3.024328
14.015225
3.019724
17.008499
7.038975
9.014599
11.009221
3.000928
13.009813
4.003858
3.002240
15.027872
4.018174
15.004583
15.000928
9.000928
8.000928
4.000928
4.000928
9.000928
15.002320
7.021884
4.028535
9.014389
9.032538
9.023464
15.000928
4.000928
8.012891
11.003552
12.009527
4.012903
3.011619
20.027637
4.022886
11.002400
8.006517
3.048325
9.009547
3.013372
6.011193
3.023020
3.015604
4.002400
11.002640
3.026133
4.034128
4.018519
4.012685
6.000928
8.005845
9.000928
3.034091
4.008235
4.015481
14.019120
4.040432
19.009993
10.013701
3.052590
9.005690
4.018006
4.027378
29.005310
9.007102
3.011379
2.000928
7.022524
4.036881
4.035302
9.005676
3.005965
15.006284
10.007261
4.000928
3.050676
4.016251
4.007202
14.005696
4.032241
24.014229
29.022356
14.030569
14.027706
12.000928
2.010161
8.014083
8.007217
11.003732
4.004132
23.012351
7.007130
6.005750
3.010107
12.000928
7.007042
14.014001
8.002820
3.000928
26.036143
4.031227
4.048950
4.042967
4.008461
3.019453
10.026474
16.002740
7.029392
4.005990
12.000928
12.000928
4.000928
3.040364
9.045153
4.044884
11.004965
3.009441
3.015263
4.022622
9.020772
5.000928
3.048473
4.020534
4.018106
16.003852
12.002220
14.002220
14.015821
5.006577
8.018640
34.040157
6.000928
7.003778
