7.002220
4.006576
14.026592
14.023354
24.033289
14.009581
4.051797
4.013585
15.004642
3.020465
4.005990
4.006849
4.015620
4.005970
4.005510
4.012611
4.014231
4.048044
4.032676
4.029863
4.013389
4.040222
4.010579
4.014301
4.026110
4.002220
4.012983
4.036973
4.016409
4.045041
4.002220
4.018745
4.032168
5.004582
3.011085
4.021424
4.021546
4.014070
4.008595
4.009581
4.011173
4.027402
4.021424
4.017836
9.042881
4.015282
4.059761
4.019632
4.011717
4.008408
4.014403
4.016207
4.018127
4.026852
4.016413
9.014709
5.009219
3.017847
4.006291
4.024748
4.014824
4.012691
4.002220
4.046131
4.025380
4.007342
4.018905
4.010945
4.022258
4.025652
4.014109
4.005250
4.012551
4.006669
4.007229
4.014249
4.013623
4.013855
4.015669
4.006776
4.027422
4.045447
4.030382
4.035618
4.009489
4.007540
4.006943
4.016473
4.044694
4.006763
4.055169
4.025344
4.042861
4.011631
4.006762
4.021211
4.032322
4.026485
4.005671
4.042079
4.013143
4.005530
4.020396
4.006982
4.055723
4.011829
4.013617
4.036515
4.016473
3.003773
7.048126
12.017139
4.043925
4.012119
4.025012
4.041125
4.009019
4.015196
4.005471
4.009587
4.012591
4.013191
4.027990
4.018047
4.032253
4.029292
4.042519
4.015563
5.004263
3.007189
10.021297
6.000928
7.000928
3.041119
4.019918
4.007323
4.016827
4.028980
4.008652
4.022596
4.011459
4.005830
4.053389
4.035856
4.023754
4.005750
4.039346
4.048663
4.036883
4.018652
4.009741
4.022509
22.014373
23.000928
7.002220
4.041636
4.013755
4.002220
4.002220
4.007714
4.029914
4.035676
4.013609
4.008275
4.032643
4.002220
4.027452
5.004423
3.015495
4.002220
4.006090
4.027792
4.022710
4.019705
4.046606
4.009275
4.005690
4.046901
4.005491
4.027010
4.018645
4.013803
4.046349
4.005850
4.021333
4.047192
4.007343
4.013715
4.011385
4.016954
4.014413
4.009792
5.011717
3.007549
4.002220
4.011159
4.009468
4.010547
3.000928
18.000928
3.000928
7.008521
4.041531
4.047064
4.005610
4.050205
4.008163
4.032379
4.036995
4.042289
4.009627
4.034134
3.000928
4.007177
3.000928
2.013749
3.036475
4.033031
4.014323
3.017842
7.000928
7.017281
3.016755
7.025063
9.000928
5.016373
6.019052
11.012765
9.000928
7.027044
4.021522
6.025955
8.004488
5.009461
3.005327
3.020623
12.026534
6.022044
6.006337
7.007143
3.006937
10.012459
3.009947
4.010281
13.000928
5.009081
2.009967
4.000928
7.007708
3.008421
4.009741
9.013555
20.023650
3.016784
5.045829
31.006657
3.000928
3.026314
3.003613
7.006816
7.022858
3.004213
3.009055
13.023106
7.013811
3.006723
7.025512
4.017897
12.009493
4.012771
9.017332
31.015356
3.022441
3.021575
11.000928
7.013631
3.016910
12.000928
7.010737
3.017124
5.013869
4.015530
4.022163
12.023766
3.000928
3.000928
3.041433
4.030720
17.000928
7.000928
3.026418
4.009387
12.000928
6.047380
3.010701
5.033879
4.015347
16.032221
3.015397
3.018503
11.000928
3.000928
3.049854
4.023634
3.012566
18.000928
5.000928
13.011153
8.000928
7.002220
3.015270
17.059864
9.007103
3.005191
3.029152
16.005305
7.029812
4.043755
9.017779
4.030908
4.028658
4.023348
19.039227
12.000928
6.016753
4.024534
9.006703
5.021979
8.015735
19.029596
4.036659
24.028132
27.000928
6.034785
9.012331
14.021021
9.036049
13.005316
3.012075
9.000928
6.012577
6.006717
3.002686
3.021144
24.036311
9.050225
4.027874
4.029577
17.010221
7.000928
3.017137
4.023628
19.036443
4.009752
4.017631
27.000928
16.034464
4.009847
19.007721
19.011875
4.029643
9.029533
9.012533
4.031120
11.005225
7.002220
4.013563
4.009893
4.016407
13.006717
12.010027
5.000928
6.008741
19.025608
13.003732
6.011425
3.019920
4.025510
4.045333
4.050270
6.000928
7.011719
4.020417
16.000928
7.022176
4.027710
4.025514
9.016009
4.022264
4.025187
4.028970
16.005185
7.044244
4.016579
14.011207
9.025184
14.011179
29.012585
4.007522
5.010370
3.033245
4.016499
7.000928
6.026666
9.022884
4.028032
4.013291
5.004442
3.025572
6.023958
3.003632
3.036620
9.024702
14.032228
4.036682
4.019672
14.026992
4.020594
14.031832
9.021478
24.021757
5.000928
3.048917
14.015621
14.023136
9.024120
16.044401
7.028878
9.028724
4.025246
14.020852
17.000928
21.004986
4.024079
7.008775
6.035427
4.024995
23.005305
8.006657
2.006496
11.002720
6.013535
4.024194
4.027806
9.006743
4.032413
12.000928
5.006157
2.039088
7.035482
9.017666
4.014567
10.000928
8.005510
4.017723
14.018571
11.007223
7.046861
4.036179
4.027936
4.036037
4.013861
4.013783
10.009281
3.034267
9.015630
19.010759
4.013503
9.038900
14.006628
4.007794
4.020623
19.023314
4.014279
4.012491
4.062325
14.026556
4.008229
4.011438
12.000928
8.000928
7.008280
4.024916
7.006717
6.023960
5.005694
13.014063
4.048171
4.011185
4.023317
14.024288
4.037078
8.000928
12.017689
3.013077
3.028139
4.008047
4.019785
4.030636
9.025439
4.038182
10.012553
3.016681
4.028011
4.018075
6.015045
7.042943
4.040746
10.039631
8.021760
13.006937
10.014349
11.006716
7.053949
4.021775
20.000928
3.035464
14.018645
14.008800
24.034917
9.019698
4.014017
4.019258
4.023239
4.019231
9.019377
9.030415
7.011323
3.005405
3.000928
3.021976
10.006417
3.031305
25.011599
3.009653
14.026770
4.015917
19.039573
13.000928
7.000928
8.010323
3.042479
9.023346
4.021124
7.032038
4.000928
6.025560
14.023842
4.017768
5.019247
3.006822
9.010127
19.021043
12.010407
9.016132
6.031933
7.000928
6.021532
16.004563
7.034947
19.021164
4.026099
9.015355
14.028810
6.002520
7.027848
4.013939
4.011325
15.003932
3.029310
4.020544
9.015041
4.008055
24.027438
14.005270
4.006402
4.007182
9.015661
4.015395
4.015841
24.031106
5.005874
8.023926
14.037781
4.012657
13.005665
16.004243
9.000928
8.039907
4.023642
30.003533
18.009887
4.037355
25.000928
8.021738
9.028006
4.040895
4.030355
5.000928
3.030995
4.026618
25.000928
3.030507
4.022432
10.006817
4.000928
3.043650
9.019584
9.014901
4.008375
4.037936
4.026760
4.014995
4.022425
4.007974
4.008675
9.010559
13.006657
20.022761
4.029941
4.027355
9.020551
4.021802
19.027424
4.025980
4.027763
14.012257
9.040310
4.029297
9.007895
4.022330
4.008546
14.024538
5.013399
8.028144
4.023118
13.003572
16.003792
3.031989
6.003932
5.006337
11.014045
4.029716
14.009842
4.006543
4.022356
9.006623
4.035042
9.032789
14.041639
5.003832
3.039958
21.000928
8.006054
5.004423
7.009835
4.006802
4.018319
9.019232
4.018785
4.033973
13.003350
8.000928
6.016747
9.009040
4.022741
11.002320
7.011399
4.016949
14.051778
4.010859
4.029748
14.030762
5.011859
5.012290
2.050866
12.000928
6.015609
4.016868
4.047896
49.041810
20.000928
5.003632
7.025951
5.000928
5.000928
5.003532
6.019773
9.019416
5.000928
8.013059
14.039104
14.029975
9.013265
4.019352
4.022704
9.007395
4.019544
9.008515
4.030064
14.028231
4.011733
4.018545
9.035175
24.009557
4.040703
9.033415
14.036609
4.015689
19.040337
6.004363
7.013611
19.019112
4.015135
4.035039
9.007022
9.011657
5.012527
3.008460
4.008474
4.036262
26.003772
12.015698
6.002866
3.000928
3.038649
4.037171
7.000928
6.032444
6.003992
7.037265
9.029748
14.031170
6.000928
9.000928
7.005337
4.020330
14.008675
4.026319
5.000928
3.028585
4.011359
5.006925
13.011899
4.060838
9.016599
4.029171
4.034838
4.014409
4.012917
4.008361
9.010799
5.017380
3.020690
4.021388
4.018660
14.027046
4.018611
9.014655
4.045112
4.018288
4.021760
4.015355
4.025914
6.003672
14.005065
12.005110
9.024366
4.048046
11.000928
5.000928
9.000928
13.003672
7.037457
4.018246
4.023496
4.029943
4.031130
9.020984
4.030536
9.014029
14.017519
4.037395
10.000928
8.013769
4.019231
11.000928
3.000928
3.037495
9.049907
14.010533
12.000928
8.004032
3.017375
13.013843
4.019138
10.000928
3.040100
4.041533
9.017719
6.004483
14.000928
12.033129
9.024588
14.013233
4.036872
7.000928
6.014063
4.026114
9.024392
9.022134
4.038319
4.042009
5.002220
8.017865
4.015315
5.002386
3.036201
11.009387
7.007208
4.036507
9.019840
19.006500
4.035713
4.045985
14.026053
5.008639
3.029870
4.036075
9.027616
5.000928
28.007088
14.013969
24.036322
9.006509
4.045913
4.012571
4.016647
5.000928
8.033351
4.030242
4.032955
10.000928
8.019235
4.011733
15.000928
8.027730
5.008967
4.000928
4.000928
8.024520
4.022792
24.020458
9.024908
12.003692
4.003532
11.027357
9.025370
9.013015
9.015015
4.020065
14.008115
4.040377
4.032917
9.009687
11.015021
8.000928
5.000928
4.000928
3.002846
3.045247
9.021466
19.014901
4.008261
4.024793
19.015791
4.029752
19.044038
18.003792
10.026091
14.050006
9.031390
19.018199
4.033400
9.027192
4.027887
25.004324
3.019918
4.022905
5.000928
4.000928
8.024021
9.047548
4.029579
4.041518
4.035465
9.028884
4.012451
6.008129
7.028764
8.003892
6.015421
9.019082
9.000928
3.019690
4.055750
9.031160
9.025353
5.000928
5.003932
5.000928
7.004686
4.000928
8.015121
9.028532
4.031135
14.026692
9.028804
9.013949
25.004844
5.003992
8.012719
4.017877
3.046978
7.000928
10.002840
4.003912
5.024152
14.040221
14.011505
4.022616
9.012511
4.026210
20.000928
4.000928
8.015195
4.022717
9.017297
9.009737
12.000928
6.015893
29.019310
4.021438
14.025890
10.016673
5.000928
9.000928
7.007743
4.017766
4.013729
20.000928
4.004992
4.012417
8.032247
9.006828
9.034170
5.005376
3.045599
4.030423
14.026092
19.042738
5.000928
4.000928
10.003872
7.013021
5.002820
13.009967
11.000928
12.021070
5.011093
3.026298
25.000928
8.016287
9.016547
4.033476
9.027594
14.005170
4.022555
4.040273
9.025723
9.036752
19.016507
6.006254
7.011453
7.000928
11.020743
4.041802
4.043905
12.004258
6.029756
14.037897
4.038376
10.005495
8.033979
5.000928
9.005735
3.032607
4.040027
9.008281
5.005043
8.036821
9.037197
9.020705
19.019304
5.006184
9.002220
8.015083
9.049393
9.016827
6.000928
7.026090
9.015087
6.004783
5.003572
7.000928
8.033770
9.032714
4.035726
4.012791
7.000928
6.019597
9.007242
4.033757
24.015175
9.050225
4.038833
4.032106
9.037170
9.022203
9.009729
14.030826
10.000928
8.018086
6.000928
9.004092
3.002986
8.016437
19.005910
5.000928
8.008135
4.025282
9.005610
10.004904
8.016433
14.047728
10.000928
8.042858
9.049893
4.029087
9.046591
6.004603
7.019531
14.027958
5.000928
13.027498
5.003006
8.026846
9.049405
9.018136
4.030399
