7.027005
4.019112
4.020500
4.015402
9.043350
9.009767
14.017179
9.023494
9.014901
4.023296
4.035026
9.006611
11.013721
9.012877
4.056071
8.014921
6.000928
6.025387
11.034486
7.017826
9.006863
9.025907
9.022057
8.009861
6.037103
5.032668
5.005005
2.041467
13.031781
9.051423
4.026443
9.024195
9.016648
6.014158
7.009727
4.023675
7.002926
3.013465
2.113646
16.019120
2.046814
24.009333
19.035150
9.041915
9.045291
9.008935
7.014976
2.022863
3.030773
5.017654
4.014077
8.025959
14.040036
10.020219
8.017760
4.012792
4.023487
9.051999
9.007243
4.022076
14.044324
6.019510
7.045109
14.033859
39.017866
4.035991
9.036027
4.034288
9.024446
9.042852
4.039989
9.029749
14.008235
9.027221
14.030317
19.025614
9.047422
6.007037
7.012916
9.034774
14.020418
12.009081
6.033514
11.009747
7.027792
7.005704
3.008341
2.056821
19.036398
4.016434
14.021044
15.028287
5.024618
10.009681
6.012058
9.026336
4.032091
14.035226
7.009521
6.028545
19.033081
19.042974
9.013977
9.026262
14.037498
9.016046
9.015742
9.013989
11.011331
12.020471
9.046713
9.024841
19.027237
12.006705
11.006363
14.036292
4.033750
19.026556
6.026387
8.025962
8.022596
6.023908
7.043120
6.020810
2.111305
10.023111
6.014146
6.057675
9.013409
9.021560
14.025579
4.036456
5.018071
5.019333
5.008469
6.020724
9.027765
6.011925
12.011311
6.016801
5.012537
2.026661
6.055839
6.038046
9.007103
4.013969
6.009787
7.040645
11.008149
2.075104
21.022591
7.048592
6.038256
7.021951
11.061363
7.030717
6.026182
7.018500
4.013824
9.021759
7.036229
8.024580
7.051314
4.006342
11.020298
17.018587
4.038190
9.011525
9.005277
9.005091
4.042452
9.013644
5.018600
3.054924
9.049362
7.007949
6.028237
4.004164
9.024280
9.025020
4.014948
4.050314
10.067656
3.020557
9.030322
11.013703
7.034768
6.010155
2.093287
9.044612
9.043945
7.019093
8.008309
2.072855
9.028840
9.035917
24.009567
14.052540
11.013358
7.008195
6.020346
9.019176
7.030841
12.009223
11.009807
9.052759
14.026594
4.012517
7.017782
6.022042
6.015369
5.024130
6.019410
9.008907
12.016248
3.020713
7.011259
7.012992
6.018626
4.048709
14.059536
19.023946
6.019580
2.050980
6.029483
5.064524
6.031849
4.051682
16.022297
7.040576
7.006079
6.018906
15.006985
3.026147
7.011259
6.036565
9.026239
7.009901
6.003984
4.018346
14.028845
4.027029
9.014203
4.018804
9.051971
9.022056
14.016134
14.026586
7.020238
8.036797
4.016050
7.011171
9.049405
7.024563
2.054907
8.009867
9.034791
9.011471
14.021224
4.032819
24.047557
9.051641
9.031736
6.012071
2.066429
11.031533
7.045087
5.019271
3.054718
12.008121
16.007987
4.032894
9.021304
9.048440
9.008021
14.037230
9.026687
14.017018
4.017426
9.006609
14.034437
4.021869
9.003538
15.025348
8.043429
19.016256
4.034196
14.041027
14.029683
14.040420
9.028771
7.004024
6.019110
9.032249
8.003892
15.008601
9.035066
6.007037
5.010693
6.035462
9.032082
9.030003
9.058697
6.022703
12.025596
14.013729
7.027199
6.032718
5.030418
6.012551
8.011293
6.013085
5.045369
12.007609
3.014502
7.004996
9.036650
9.039684
4.047375
19.011977
9.009607
9.007808
4.017534
7.019026
6.023240
9.016488
9.013577
9.022968
14.054928
14.031095
22.065246
7.014361
13.013277
4.019432
9.013125
11.030389
7.020842
10.017712
8.008581
4.039010
12.012831
3.012285
7.027864
10.008201
8.025301
5.012127
6.018578
7.004502
3.065853
12.007077
3.035950
2.039017
4.021516
9.009953
9.047562
14.015327
9.007069
9.019418
8.003972
2.015321
7.006703
14.033920
7.021745
7.018886
3.023634
10.012525
3.063299
9.045975
9.014273
9.051194
9.010687
9.026215
9.037210
6.026213
7.050480
9.035151
10.004833
8.012031
9.030969
7.018494
6.021670
9.030097
7.006837
8.005485
2.069308
6.008955
7.028349
14.048649
5.025126
8.008275
4.034999
7.004098
3.004318
7.011233
4.009827
6.003612
7.047292
6.012905
17.009927
7.009441
6.011519
9.017328
9.018728
7.008069
8.004263
7.048300
7.025645
6.013601
10.007237
10.014728
7.017632
4.056324
6.008761
7.038936
9.033996
9.032407
9.053216
9.025467
7.013857
22.013541
8.019416
10.008261
3.039109
6.002360
7.026677
6.024846
2.047281
9.029315
19.032035
9.020680
4.006383
9.021504
6.031850
7.042964
4.057042
9.013970
14.015541
9.006763
14.032396
4.046396
9.024646
11.019394
7.029003
17.008495
6.016000
4.017632
9.047459
7.002600
5.006597
1.023910
13.037578
4.050264
9.025738
9.017900
24.020208
14.021150
8.002320
10.042335
13.006817
5.028946
9.029691
4.024393
4.020026
9.012917
9.042379
14.046088
9.041257
9.026745
9.019420
11.004103
10.000928
6.026811
14.019386
9.013572
5.023361
3.026439
9.030043
9.019964
4.066385
9.013883
4.038609
15.015642
3.066081
7.006543
6.035926
9.025049
9.028582
21.004423
2.046176
14.018912
14.025825
9.028685
9.043374
9.042232
11.003898
7.058732
11.028371
2.058696
9.039914
14.029923
14.052082
7.013736
21.009547
8.005484
16.010961
3.019948
9.040183
9.049099
9.022190
17.006417
2.023282
8.021568
19.035400
7.047624
21.028561
4.019270
9.043302
4.024777
7.010451
11.033822
9.038897
9.024016
9.015169
14.013097
15.021394
10.000928
7.027978
24.033375
4.037706
8.006916
5.040214
9.042586
24.033067
11.010253
7.029437
12.009647
13.004583
7.041669
14.009533
9.046451
9.045637
9.025781
9.029537
14.024854
9.027692
6.022381
2.025753
14.054727
12.016428
6.041790
6.019632
7.049127
19.031675
9.025911
19.033100
9.026239
4.016720
9.009767
4.035951
9.045615
4.050813
9.039686
8.002526
5.005551
9.050536
7.007177
11.044290
4.052964
14.032666
19.012551
19.031490
19.031249
7.021570
6.007263
7.000928
11.022840
19.042139
17.005265
17.005750
4.004642
8.018218
15.003572
8.021462
9.016273
4.011245
10.008001
8.024907
4.029595
19.012151
14.005250
5.007227
15.004563
4.006856
17.034441
11.004163
12.017460
6.003852
2.045088
9.025567
4.046037
8.004112
12.017228
7.028363
9.049584
9.045930
4.046557
15.004442
8.007009
9.035375
10.000928
8.029295
14.029369
14.023234
9.039072
14.006723
4.030598
9.033815
4.021676
14.009327
17.000928
21.016091
24.038264
9.034424
9.005490
4.042169
9.010951
7.003772
11.007269
4.054941
9.016728
14.029695
9.042741
24.009839
9.034705
9.036685
14.014864
14.015268
4.043221
16.004562
7.024826
4.064887
19.010919
9.068245
14.039231
14.029330
4.043855
14.021244
4.040535
11.002220
7.048521
9.042860
29.014711
4.031944
9.026361
13.003150
5.029677
9.057521
9.024310
30.004736
9.007701
13.023781
19.035594
4.018626
9.005517
5.010419
4.016305
3.043215
9.034525
9.030493
4.063757
9.034239
5.041296
3.037140
10.035433
13.025935
24.034518
14.025688
9.033803
10.004543
13.005370
4.038324
14.054709
15.006737
3.030079
9.012691
11.010559
7.003984
4.036462
9.018880
4.046053
10.004503
8.041895
14.011431
14.020082
9.024266
4.019992
8.009801
12.000928
12.025093
9.036464
9.020164
4.048789
14.015363
9.036903
14.017225
4.043746
9.038377
19.009507
4.048891
9.053925
15.007909
3.020900
9.019290
29.009387
4.052845
9.047637
14.017880
19.021036
10.013294
4.019588
5.000928
12.055612
15.004523
8.016968
4.049660
14.034410
9.040757
11.003712
7.008275
4.033626
14.011951
11.008121
3.014811
3.031423
6.006845
22.039822
4.051671
19.054003
4.034540
9.014864
9.045666
6.004263
12.025538
10.012443
4.006645
8.041234
14.036848
6.038417
15.012395
2.016172
8.039813
24.026563
9.038065
9.022345
9.048990
14.028870
4.020959
19.015104
4.054391
9.011453
4.050988
14.046690
9.021111
9.023709
4.045619
9.049696
9.006869
9.024981
17.003892
12.013040
8.042167
9.036146
9.010725
4.049097
14.026979
9.024383
4.026183
19.022438
14.031170
9.021100
4.044077
14.023955
4.054441
14.008987
24.011325
9.046374
7.013421
14.011599
16.025633
24.046505
4.044058
9.044113
11.004522
7.026959
19.032202
9.042909
14.022097
9.030943
10.000928
8.017980
10.012477
8.016356
19.016562
9.016760
14.024680
14.031499
4.047137
14.035552
21.004343
14.000928
7.030529
14.018440
14.031009
9.021812
14.013504
14.024907
9.032181
15.004382
9.004303
23.008275
9.024635
4.040466
9.017188
6.010287
12.032731
16.003572
2.038955
14.059547
14.027892
