4.005717
3.000928
3.005510
3.000928
96.000928
3.007562
4.006722
4.018220
4.005990
4.005550
4.036926
4.010419
4.014475
4.005950
4.007108
4.036387
4.033374
4.031154
4.007142
4.035448
4.032797
4.047836
4.007042
4.044562
4.008368
4.043506
4.011039
4.007082
4.005890
4.046703
4.005716
4.013519
4.012551
4.012677
4.005370
4.007947
4.051692
4.011479
4.008955
4.038852
4.051393
4.009546
4.037668
4.005490
4.005810
4.034372
4.005430
4.012551
4.036194
4.032352
4.006343
4.005090
4.007562
4.002220
4.024188
4.030609
4.007262
4.013931
4.016943
4.030394
4.027426
4.014849
4.034589
4.007562
4.008541
4.038982
4.022236
4.007188
4.008175
4.007822
4.008321
4.031909
4.023710
4.008614
4.028404
4.031090
4.045043
4.008195
4.030613
4.005191
4.023096
4.014553
4.010399
4.008726
4.022942
4.002220
4.005770
4.008175
4.037378
4.006868
4.011119
4.012985
4.005870
4.009687
4.008367
4.005530
4.031689
4.007668
4.006291
4.010480
4.044151
4.007523
4.023608
4.005230
4.002220
36.000928
7.007102
4.008207
4.039200
4.006822
4.002220
4.026999
4.008375
4.007502
4.019384
4.008648
4.025870
4.006070
4.007228
4.005991
4.007561
9.011501
4.034839
4.009000
4.019609
4.029150
4.007622
4.009888
4.019166
4.005510
4.005410
4.005110
4.039441
4.007602
4.007202
4.009108
4.008228
4.008494
4.006010
4.007582
4.010067
4.009887
4.003778
4.010127
4.007282
4.043492
4.005170
4.026501
4.050094
24.018971
4.006642
4.035935
4.015109
4.006050
4.007002
4.005510
4.028326
4.009853
4.038016
4.032363
4.007309
4.023204
4.055208
4.002220
4.015289
4.015817
5.015481
3.024108
4.008288
4.037466
4.006090
4.016087
4.007442
4.005170
4.033824
4.039025
4.049588
4.051079
4.037562
4.011059
4.032918
4.049010
4.006250
4.005910
4.036974
4.009121
4.005816
4.008055
4.002220
4.036466
9.012017
4.044122
4.007423
4.007928
4.008795
4.020206
4.010287
4.024525
4.008535
4.005470
4.021722
4.038664
4.006449
4.032913
4.010095
4.005610
4.007342
4.007948
4.020774
4.009507
4.038238
3.003592
6.003672
3.019592
4.006490
3.004128
2.009426
3.003872
4.000928
8.005750
3.003852
10.005890
3.003672
10.002220
3.003732
10.031247
3.003652
10.018700
3.003712
6.004032
3.054958
3.003672
2.002220
7.005990
3.004052
105.019404
3.003812
8.003992
13.004032
7.011800
4.005456
4.008754
4.008635
5.000928
4.000928
8.008415
14.002220
4.005870
4.007855
4.004658
4.013097
4.023326
4.029781
4.012443
3.008999
2.003992
8.000928
3.048914
3.003772
17.003732
7.008888
3.003692
8.003592
6.008268
4.031211
3.008548
26.004132
3.061373
3.005270
5.007368
3.005030
8.010953
32.002340
3.013881
3.003792
21.003812
3.062618
3.003852
10.010751
4.005956
9.010925
3.003552
20.009993
3.003532
6.000928
3.055684
3.021196
10.005910
3.004012
16.003652
3.022622
4.007955
5.000928
3.009399
3.003732
15.034017
3.003672
10.018220
15.003832
3.030237
5.000928
3.018493
3.003692
3.003872
16.005950
3.004072
30.008795
4.009687
3.004032
20.012871
3.004132
10.026638
3.003552
13.004558
9.003532
11.037655
3.003792
25.008921
4.019262
4.007562
4.003938
4.050747
3.004092
3.003952
7.003592
3.049258
3.003852
16.004072
8.006230
16.000928
8.000928
3.040284
3.003852
10.009267
3.004032
3.009726
11.005850
3.003552
4.000928
11.000928
8.038937
3.003612
23.003712
16.009115
3.000928
26.003712
3.009701
3.003912
3.022024
7.000928
3.010773
3.003732
6.003632
3.020532
4.004118
3.003972
9.011970
5.007813
3.003852
8.008546
6.033974
3.005090
8.000928
7.003692
8.018280
4.011139
3.004072
16.003772
3.021984
3.003632
11.000928
3.050734
15.000928
3.008695
3.003552
11.000928
3.052217
3.003892
21.000928
3.010187
3.004032
8.000928
11.033879
3.003632
7.003592
7.008755
3.005410
10.020018
3.003792
15.011026
3.004012
3.025906
3.003532
3.000928
9.000928
3.010347
3.003972
7.000928
7.006090
3.003592
3.005265
7.003832
3.025882
3.003772
6.003992
3.020862
3.003852
15.014658
3.003952
16.003932
3.063962
3.005310
21.000928
3.006076
3.003792
6.000928
3.056200
3.003772
5.054792
3.003932
2.005550
7.043967
3.003872
25.035131
3.003652
7.003592
3.003732
13.007042
4.034576
3.005010
3.005365
13.003872
7.008461
3.004132
25.023706
3.003952
10.005750
3.004132
5.008328
3.004072
6.003832
3.049320
3.003892
20.029953
3.003952
2.003552
7.020022
3.000928
11.003872
3.006943
3.003772
25.002220
3.003892
17.005485
27.005730
5.000928
3.039870
3.003812
6.003632
4.000928
3.029865
3.003692
20.008375
5.000928
8.006030
4.005450
5.000928
8.008741
10.003552
3.028061
10.000928
3.018547
20.000928
8.029367
4.006869
10.000928
3.008435
20.003692
5.000928
7.019599
14.017223
9.013526
4.024410
4.007442
3.007957
6.003692
4.003046
8.009671
6.000928
13.003632
8.005850
3.003832
20.016271
25.003972
4.000928
10.000928
7.015555
5.000928
4.004182
15.000928
7.002220
20.003932
3.021211
3.004092
26.006395
8.015055
9.010047
3.004052
10.009405
3.004132
36.000928
18.033473
5.003712
3.055854
30.003632
9.000928
4.000928
8.012951
3.003732
7.002280
30.003552
7.003912
8.006114
3.003652
11.003872
3.009055
9.007702
5.003652
4.000928
3.023657
14.041081
3.016087
31.003732
9.004108
4.000928
3.061818
19.006968
9.002220
9.031675
15.000928
3.013571
6.000928
8.000928
10.000928
7.009915
3.007383
11.000928
8.005390
9.043177
5.003592
23.008041
3.007323
13.003632
12.002520
8.036497
14.006922
3.005085
7.005265
4.000928
4.000928
13.003812
4.003812
9.003752
9.003752
14.000928
3.008781
5.003852
3.017800
4.022002
3.006963
15.026786
20.004032
13.009887
5.003672
5.000928
18.003812
5.000928
7.007143
9.009708
3.006863
6.000928
3.012805
6.000928
22.007208
3.008203
15.002220
10.000928
8.052745
25.000928
8.028120
9.042017
5.004112
3.018025
9.025368
9.032271
4.007283
3.006231
15.034811
3.005225
11.003592
13.006010
3.006403
7.003732
17.007002
11.000928
22.007541
5.000928
4.000928
8.039369
15.003612
4.003732
8.007722
9.006842
6.000928
3.000928
4.005695
9.003752
14.002220
4.015684
8.028171
5.003872
9.002780
3.033775
3.007383
16.000928
14.000928
9.000928
8.007123
3.006743
11.004012
3.013769
9.008335
9.013052
5.000928
14.000928
8.008455
9.038249
9.005370
4.010367
5.005025
5.000928
22.007622
19.006030
20.003532
8.045743
6.000928
7.011333
9.009707
4.005571
6.000928
8.003952
3.033324
10.003672
4.000928
4.000928
9.003932
3.014923
4.011531
3.020889
9.000928
16.000928
10.000928
8.000928
18.002220
24.006030
9.005070
70.004052
8.007022
6.000928
7.007748
5.000928
9.000928
28.016258
14.005890
5.003652
4.003572
14.003832
3.046442
9.006648
10.000928
4.000928
3.013051
15.003592
13.005390
10.003612
14.000928
8.040896
11.000928
8.003812
5.000928
7.024698
14.013386
19.007402
10.000928
13.005210
10.004052
9.003532
19.000928
3.045912
14.007002
6.003912
7.011725
30.010101
4.010653
9.006015
8.012819
20.003772
3.058059
14.024684
10.000928
4.000928
13.021997
25.004072
24.003752
14.000928
8.007322
14.008248
14.020243
10.000928
13.006903
9.009160
5.003532
19.000928
5.004072
8.000928
4.003952
8.009359
3.038391
40.002220
6.000928
12.054025
10.000928
10.003972
23.003892
8.008408
6.000928
23.003752
18.007382
10.000928
14.003872
13.008707
5.000928
3.052096
12.004112
6.007063
5.009890
3.012891
4.010007
6.000928
12.008101
10.000928
9.000928
5.000928
12.005430
10.000928
8.006982
15.002220
13.007882
9.008840
5.008681
5.000928
8.003652
9.000928
13.025488
4.010793
6.003572
7.005330
4.033609
24.006329
9.007202
9.007442
20.004123
8.004178
14.011539
26.003892
7.019850
14.009467
10.000928
9.000928
5.000928
17.034250
4.008635
10.000928
14.003992
9.003672
8.037388
11.003712
23.003752
4.000928
13.006230
15.004262
8.007162
10.000928
9.000928
8.006742
141.003772
8.003892
9.000928
9.003612
8.008182
14.015851
4.040035
4.008835
10.003872
15.000928
4.000928
17.009248
5.005565
13.010746
10.002760
15.000928
20.003672
12.003732
24.004072
4.003972
14.000928
8.008915
25.000928
14.003752
4.003692
13.006788
5.000928
9.000928
8.005430
20.003572
13.009326
16.000928
22.005536
16.010833
18.000928
9.000928
14.007597
9.003692
14.003752
10.003912
8.000928
9.004092
4.004092
10.004032
7.005830
30.011585
8.009753
9.008555
14.005910
16.003672
17.007242
10.000928
8.006220
9.007882
4.022850
14.006010
9.006009
9.007042
5.003852
4.003992
8.028227
10.003872
9.006035
33.042484
10.003672
8.025320
4.007389
35.003672
9.000928
8.036932
6.000928
22.008388
6.000928
12.008729
10.003952
13.005251
9.029468
14.023555
14.006803
4.015329
9.015022
5.003952
8.016647
15.006250
5.019627
12.006210
6.000928
8.003812
5.000928
38.000928
114.002220
5.003632
13.000928
8.049972
5.000928
4.000928
18.049573
4.028709
10.007247
3.032805
19.007322
19.044311
5.003692
4.004072
3.018622
7.003972
16.009155
39.060502
14.032493
15.003732
5.000928
12.034429
6.003672
3.003672
3.017228
10.003952
15.000928
17.021538
14.024506
19.007662
9.029557
15.000928
149.005695
13.012951
9.017068
20.003752
14.004052
5.000928
17.007183
29.007501
5.000928
8.009808
15.003672
8.008675
10.000928
8.044593
25.003532
13.005450
9.024892
20.009830
8.052770
5.000928
13.010375
10.003712
18.007462
6.000928
13.003992
14.003692
10.003552
8.004012
13.005730
9.031305
20.003572
9.000928
14.000928
8.024135
10.000928
8.012717
20.000928
10.006255
13.004032
9.004052
9.004092
34.004048
5.003552
12.010155
5.000928
19.000928
8.006662
15.000928
19.003612
18.014742
5.003772
13.007762
9.023392
15.003992
13.007342
6.000928
17.009787
6.000928
4.000928
13.003632
10.000928
12.014753
14.014000
10.005605
13.039977
10.003972
10.000928
13.003952
5.005318
22.034575
10.003952
8.007728
10.004112
9.000928
18.006270
19.007202
14.021408
5.014643
18.010027
6.002220
12.027538
24.034535
20.002760
13.002220
9.030783
15.003912
18.008755
10.003572
13.019572
6.003572
12.030410
14.007628
10.003572
5.000928
10.004032
7.003872
10.000928
37.008275
