2.057028
18.000928
2.027725
2.021664
3.003732
3.011634
2.037320
2.055777
2.050986
2.077731
3.003872
2.020430
12.010487
2.009527
4.003872
2.014210
3.015288
3.003812
3.002220
2.058949
3.004518
2.009687
6.020646
2.037662
2.031843
2.013784
3.000928
2.027225
16.008355
3.004072
2.043352
2.037734
2.003872
2.029238
2.032050
2.034737
3.003972
15.017628
7.006263
4.003592
6.010913
2.042753
3.003892
2.099565
2.063475
8.000928
2.112479
2.020810
3.002220
2.019706
2.020956
7.011627
3.012631
2.041096
2.013573
3.007003
2.029863
3.000928
2.025887
2.033733
4.003992
2.012546
3.007503
3.000928
13.004112
9.003692
7.000928
3.015288
2.083259
7.000928
2.059776
4.004052
3.003812
4.003812
6.005710
2.049464
7.010920
2.087891
2.023334
2.090328
3.000928
3.003592
2.019398
2.043311
5.010393
5.027926
8.034139
11.020764
3.025075
8.014390
6.027639
7.021050
2.036644
6.015567
3.000928
2.031179
7.004778
3.004112
7.007147
2.054360
7.000928
6.021786
2.060089
6.016221
3.003872
2.031867
4.000928
2.052508
2.048569
12.000928
2.022122
10.019412
24.033653
2.055028
4.004072
7.000928
3.007623
2.020870
7.003852
2.028075
3.003752
7.002220
2.036345
8.003712
11.007382
3.003712
3.003852
6.019432
24.014962
3.000928
2.036862
3.003552
3.005510
2.061723
2.027527
18.014789
2.025718
2.012566
2.015716
7.024198
7.027365
19.012796
2.017779
7.021518
2.067281
13.003572
3.003912
2.047596
2.083150
7.003852
3.012577
2.016196
5.004012
2.015050
2.034836
6.017434
16.005170
1.018093
6.003592
2.033436
2.056782
2.011159
2.035430
3.000928
8.008209
11.010719
6.016674
2.025267
2.021936
4.003852
12.003592
3.008501
3.003832
12.003612
2.026685
2.050822
2.030334
2.025361
2.019426
2.019266
2.057914
3.000928
2.018588
6.003612
2.034892
3.003612
6.003692
3.015788
3.003672
11.003852
2.028857
8.003672
7.003932
2.063749
12.003832
7.026629
3.003612
11.004562
2.041621
2.038774
4.020363
3.013063
13.019764
2.027517
3.003532
2.069151
3.000928
7.024823
2.107055
2.062990
3.000928
2.046245
2.072000
11.007289
3.000928
15.007208
2.055868
4.003772
4.003672
2.017380
2.014004
18.015037
7.003572
3.004018
2.062239
3.000928
2.084671
3.003652
16.000928
2.069185
10.024468
2.037946
2.014329
2.033133
2.047262
2.024394
3.000928
6.003752
3.024048
2.051603
4.003752
6.015021
2.049147
3.002220
2.063824
3.000928
3.010021
4.000928
2.015856
3.008855
3.004012
3.000928
2.027611
3.012699
2.032288
6.016294
2.075927
16.015156
2.044374
16.017045
2.057990
2.021204
2.030336
5.036779
2.027358
4.003792
3.003792
2.035018
2.044934
2.013198
2.012291
10.039863
7.019766
5.012625
9.003932
13.008349
13.023703
7.007702
3.004072
8.005205
4.013444
7.003852
3.009973
2.028911
2.014209
11.003892
2.033793
5.022732
2.055046
3.000928
10.010947
2.022156
7.003552
2.067959
2.013465
7.030355
3.000928
12.009601
2.061266
2.046887
4.015861
9.000928
3.000928
2.049220
2.044073
6.030718
2.036352
8.007989
2.068112
15.007727
2.021877
5.018965
9.018565
3.006977
10.019878
12.004072
3.003912
2.037450
2.042633
3.006817
12.009259
3.000928
3.007849
3.009461
5.005170
6.017211
3.000928
3.012391
16.021893
3.002220
17.005203
8.000928
2.049674
5.041329
3.003692
2.022440
2.069884
4.026883
4.031382
3.000928
8.008209
7.003952
2.019252
3.007569
12.000928
3.034979
14.010193
3.009949
7.009813
3.002220
3.021172
2.039408
6.028609
10.003892
3.005211
3.009461
11.013366
18.013969
15.004012
3.021184
6.018322
14.018459
13.005125
9.005022
3.007922
9.056332
3.004052
2.059973
7.006389
3.000928
2.012511
9.000928
2.083811
3.003732
7.007949
3.000928
3.016887
2.023809
6.027187
3.004132
3.003812
12.008779
3.003818
3.000928
5.012065
9.005650
7.003992
3.026172
3.003932
4.003572
2.019620
18.003872
6.045381
26.026258
12.006349
3.018114
11.002580
3.043672
7.006743
3.000928
2.068197
3.000928
1.013418
13.030030
2.050464
6.046057
4.014163
3.021076
10.025547
2.033468
9.000928
3.017495
7.030503
4.031223
2.033861
3.000928
7.050412
4.033554
3.000928
4.003572
2.019166
3.003952
2.025541
18.013331
4.003692
6.017985
3.005570
10.025127
4.028704
2.042972
3.022152
8.003872
3.040927
2.030589
4.004012
3.000928
3.000928
3.008281
5.003712
3.008347
2.012872
3.020547
2.077795
2.025709
16.007082
2.023621
9.004032
6.019558
8.003552
7.015127
12.034969
9.045036
3.000928
3.004338
3.000928
7.021316
5.002220
3.012725
4.062739
4.050914
3.000928
5.010759
24.037600
14.027079
3.000928
4.015089
10.017469
3.003912
10.019804
11.008449
25.004442
6.009819
3.000928
3.000928
2.033561
6.000928
4.009721
11.005310
3.003832
7.002720
2.024749
2.049923
11.017530
19.020725
3.000928
5.027901
11.018252
2.054162
3.000928
3.012126
2.000928
3.008195
3.003652
8.009968
6.024036
14.021756
3.003852
5.020909
17.004012
2.000928
4.004052
3.010227
3.003792
5.027486
6.007909
3.000928
2.021903
6.012765
7.014557
2.015816
5.015990
12.005305
3.052576
4.019767
3.004132
10.037584
2.043210
7.003592
2.013964
5.022738
7.008069
3.003932
2.069076
3.002220
4.010153
5.022949
16.007387
3.003592
2.045520
9.003632
19.005385
2.017720
21.005600
4.004012
5.033169
12.009421
6.015256
13.009781
2.045148
9.003752
3.010303
3.020544
4.015375
4.011185
9.005990
4.005457
4.041977
16.012685
4.035750
12.034676
3.003798
12.021475
12.035001
4.016597
5.009993
3.023134
3.027230
3.004132
9.003832
2.014467
9.010478
4.000928
8.037422
4.009875
4.005250
4.016305
7.000928
3.023609
3.021564
3.029077
3.003778
11.011179
4.003992
3.008361
4.020271
4.009181
3.019264
15.026958
19.033532
3.014409
5.023573
4.019826
15.000928
3.021764
4.006674
4.018240
4.051762
3.005530
8.003952
2.013804
8.005490
2.013459
11.039158
7.003992
4.019487
3.003692
7.022048
8.000928
6.004072
9.013954
3.015163
3.000928
3.004032
6.026664
17.003538
21.014261
4.010553
3.008981
10.046733
24.020920
29.015639
19.028788
14.029534
4.027688
6.007955
2.048039
9.026513
14.029991
19.020562
10.003932
19.000928
4.003732
3.009487
4.017207
10.003772
4.003872
3.006882
3.000928
4.005865
15.012757
4.013311
4.014523
17.000928
8.002426
7.027026
4.014283
4.024326
9.014095
4.013756
4.007182
4.018048
4.031223
14.018934
10.000928
3.052651
14.010340
4.011385
9.049448
4.030269
4.007102
4.032525
4.040352
3.031879
6.004622
18.020438
9.023292
9.041566
14.008634
9.008175
6.002560
9.004112
3.012597
3.007329
5.003652
3.011079
9.013531
9.020209
3.015715
6.003832
8.006030
2.019680
14.002220
6.015654
9.013577
9.009713
4.007083
9.019080
6.028629
4.003632
2.057615
9.014549
17.002340
3.003952
7.018120
9.015713
19.007702
4.029937
9.010027
9.017148
4.030907
5.003612
3.037675
10.004112
4.003652
8.056673
4.022902
9.021705
15.004407
4.004263
4.011583
3.060852
4.017228
4.022808
4.022702
14.019317
9.015844
4.020523
5.005496
4.011481
3.025884
14.029732
4.021822
4.032236
14.033873
5.018712
8.022451
16.001902
3.002220
3.036603
9.042646
4.016528
5.003672
3.061197
14.015486
4.022688
4.037344
15.003832
8.042323
14.024725
4.016668
4.009747
14.021049
6.014908
7.017998
9.025494
4.021575
4.022239
4.015741
14.005750
4.012031
5.000928
3.024372
19.021431
14.030067
15.004132
3.019028
14.011491
24.025337
4.034143
4.029829
14.007503
4.022086
14.026328
4.014083
10.012134
4.000928
3.022150
9.014703
4.033582
9.018132
13.000928
5.021030
4.030649
4.038305
4.022580
5.003932
3.021992
24.020584
4.023439
4.029591
4.022646
4.028397
4.046163
4.011199
9.013481
9.026422
4.028029
6.004603
7.019771
14.029901
4.026949
9.026603
4.010599
4.019777
9.023696
29.005131
14.007815
19.022848
14.043095
9.019580
4.009359
4.011457
4.022286
4.025000
14.020032
9.042882
4.025552
9.026212
14.033735
9.029164
26.000928
3.002420
3.031949
4.040182
5.000928
3.027871
4.019206
4.008635
5.002780
8.010889
14.007362
4.016403
4.010925
4.031563
14.052225
14.040181
9.009825
15.000928
4.011081
18.009095
4.030441
4.022116
4.027783
14.049321
4.026021
9.017991
29.009493
4.033326
9.014130
5.004032
8.032794
4.015507
9.026200
34.018232
5.003712
4.004458
3.025021
19.048278
15.004123
14.004363
8.029284
4.055865
15.008439
8.031115
10.006676
8.042353
19.018972
12.003852
6.022088
10.003732
3.039542
12.006643
3.013017
7.023580
9.006883
9.015249
14.031408
4.012677
9.021901
9.015207
9.015581
4.014104
9.049072
4.024618
9.009793
20.000928
5.000928
3.000928
4.000928
8.037620
5.003672
8.014032
5.003732
5.004132
7.019598
4.028122
14.034665
4.029226
4.042739
4.036989
4.022875
14.047037
10.011681
3.037991
4.056708
9.015178
4.016873
4.024026
15.003992
3.038283
24.017980
9.005770
24.011953
14.017516
9.015841
15.002646
3.056905
14.014253
10.003692
3.071352
9.007002
14.005550
4.023036
4.022940
14.025274
9.038999
14.025870
9.013343
5.005430
3.026240
14.016190
9.033185
5.005010
15.000928
3.002640
8.002220
5.000928
11.004052
6.022449
4.017524
9.006929
9.038569
4.027116
5.008658
13.015907
4.010997
6.000928
8.000928
8.023380
9.021524
4.018066
9.027263
4.014010
4.040404
9.031503
9.021316
4.048029
14.031156
15.000928
3.050510
14.024368
4.030774
5.004072
24.003872
8.009215
10.003592
5.009370
7.033973
12.000928
11.039787
5.006589
9.015081
8.027722
5.002220
8.024394
9.015695
4.042090
9.009367
16.000928
3.014583
4.002326
13.011165
4.007169
5.003752
3.034752
14.008534
4.040032
5.003612
4.000928
8.031016
4.037433
5.005850
3.040124
9.020563
13.000928
10.023682
4.050594
4.023532
19.014956
4.026366
9.010253
4.020951
4.028781
9.024987
9.016927
4.027045
14.032796
19.012817
9.021850
5.004563
8.025196
14.014157
4.019528
4.028529
9.005470
4.040678
15.003692
3.027771
15.003752
8.036289
4.033506
4.016287
4.018385
4.016934
25.004563
13.030917
9.041943
20.009681
13.012857
4.041248
4.009807
10.003652
8.025725
19.015244
4.032209
4.016401
5.007387
8.053228
9.014937
4.032860
14.031203
14.039431
4.033148
9.007443
9.026552
14.030613
19.017415
14.026254
24.044447
5.003732
13.011259
9.017604
14.033858
9.039312
4.027003
10.000928
8.020136
4.039536
15.003832
8.022809
4.011531
4.043504
4.026587
9.012477
4.034778
17.004052
11.017484
9.007323
4.027497
19.025844
9.025481
25.004423
3.024533
9.022230
5.000928
4.000928
3.032955
4.025837
20.004112
4.000928
4.003952
3.041688
24.042789
4.038333
14.032929
5.000928
8.015299
5.009290
5.003692
7.015207
5.003832
10.000928
4.006622
7.032097
4.030771
5.003592
9.002620
9.010310
8.028038
14.018139
10.004623
3.058107
14.022946
15.011555
4.003872
8.028470
14.008541
9.037607
4.032373
4.016741
14.014010
5.000928
13.029308
29.013605
14.033740
24.018656
9.009287
25.022978
8.030764
20.003170
5.004072
17.020596
5.008189
9.000928
4.005210
8.033919
9.043877
9.022982
4.042297
8.003672
15.022216
25.002786
6.004623
6.011739
21.000928
5.000928
6.026506
14.017413
9.014491
9.015608
11.004092
3.007643
8.037793
14.025222
