8.013460
3.020470
14.019928
14.028705
9.025746
4.018372
14.014043
4.007128
9.019630
4.010839
14.039213
4.030930
4.014981
4.053581
4.018093
4.029907
4.010333
4.006583
4.011779
4.020484
4.010965
4.005371
4.010167
4.045015
4.034246
3.004072
17.016167
7.038749
4.020603
4.006403
4.018145
4.036483
6.004663
7.010847
4.011675
4.020690
4.004576
4.024354
4.004018
3.003532
5.023666
4.029368
4.031807
4.030205
4.035227
4.051555
4.007103
4.015261
4.026344
4.003638
3.000928
5.011319
4.029272
4.004636
4.011105
4.018247
4.011055
4.017726
4.008903
3.004092
10.009507
4.007603
3.000928
25.017880
14.023604
24.036774
24.028214
9.013271
4.042404
4.022690
14.020954
4.034045
4.012543
4.008301
4.045889
4.009167
4.016327
4.039703
4.044321
4.008995
4.009405
4.053139
4.011119
4.007961
4.018020
4.022718
4.023075
3.003752
20.029243
4.029351
4.053732
4.010859
3.003812
5.022678
4.042127
4.023106
4.047025
4.010739
4.037069
4.010999
4.031391
9.035503
4.010573
4.045183
4.021167
4.015427
4.047935
5.004443
3.005290
4.011763
4.015953
4.011951
4.013171
4.009547
4.040423
4.002220
4.033441
4.023234
4.016488
4.032426
4.013423
4.006803
4.035811
4.009193
4.005431
4.017772
4.028444
4.048777
4.029292
4.008201
4.012343
4.005170
5.004523
3.016622
4.020191
4.011059
4.026559
4.025620
5.025002
3.041639
4.019023
4.042157
4.019832
4.012743
4.009033
4.008475
4.031441
3.003652
25.014449
4.015516
4.014234
3.003872
5.025147
9.023016
9.008115
2.006417
6.028542
4.011977
4.010255
4.030607
4.021224
4.050837
4.027161
4.009187
4.025592
4.010147
4.009687
4.015576
4.017167
4.048739
4.015035
4.036098
4.014069
4.016688
4.005577
4.025622
4.037062
4.040803
4.049902
4.007182
4.016820
4.026920
5.010037
3.008067
4.039324
4.018394
4.026166
4.013903
4.056273
4.026870
4.026978
4.017725
4.008273
4.044099
4.045640
4.009473
4.014369
4.008315
4.009093
4.015356
4.010187
9.010295
4.035014
14.031541
14.028274
4.028071
4.019624
4.011239
4.044497
4.012891
4.027699
4.011651
3.000928
10.024875
9.029524
29.011219
12.003772
6.025944
10.011413
3.039622
19.029951
4.021943
4.008074
29.025981
26.004778
12.011781
15.007020
8.018690
9.043666
9.016434
4.037402
16.018100
7.017468
4.020504
9.035113
9.016274
9.011059
16.002660
2.061799
6.017874
7.019520
4.009687
4.037167
9.028623
4.033489
4.047137
9.007023
4.043279
4.034512
4.031536
4.015142
9.036305
4.012617
4.027231
4.020802
4.019005
4.042445
9.029731
4.028500
9.048588
9.032018
4.038643
9.017203
4.030737
4.028704
4.011239
9.018760
4.019960
4.016768
4.029932
115.004363
3.012193
12.000928
6.005310
11.004032
7.036459
10.004422
13.023890
9.022116
4.018046
9.023614
14.029743
9.018937
34.043761
4.027883
4.025752
4.037743
4.024149
14.007948
4.024365
4.026898
10.004343
3.049432
9.019152
19.026768
4.036106
4.039704
4.036179
11.003632
2.068279
9.019292
4.003738
4.019857
4.016107
9.005490
19.024336
5.000928
3.030875
11.006523
3.000928
3.062791
14.017258
24.020578
4.033552
16.007609
7.018939
4.038062
9.018319
4.017429
19.022064
14.033406
4.032513
4.012991
9.009647
5.003652
5.004032
17.008162
4.038027
6.004183
7.016331
4.027488
14.021058
4.022136
4.029490
4.023128
4.017053
4.025606
9.012771
29.031892
9.025666
4.027624
19.022660
9.010847
9.028064
4.031027
4.047894
14.025742
9.022830
4.019930
4.038743
19.046986
4.027660
4.005250
4.041099
14.018416
14.026636
4.026620
49.015935
6.005975
7.011079
4.029344
9.038659
4.030421
19.035092
9.029677
4.021052
9.012391
4.044824
4.025514
12.004092
6.029330
4.032935
30.010021
3.008595
14.025907
4.033473
19.009241
4.015527
4.030249
4.006943
24.031165
4.023294
4.049771
11.003812
7.008415
4.023293
14.009927
4.037261
20.003972
3.046934
14.013171
9.031490
24.017659
5.000928
3.046564
6.004623
7.017860
4.031453
14.037257
4.013963
4.011105
20.016580
3.027486
4.035808
34.031642
4.037953
29.018606
4.020172
10.011641
3.031818
4.016344
4.012162
12.009847
7.004523
3.039180
9.025660
9.038363
4.041293
4.015718
9.018200
4.041700
4.024871
14.016129
4.017392
4.021856
4.026252
6.020032
15.014317
7.000928
3.038176
14.031887
3.040584
9.024542
19.029779
14.021174
4.018348
4.026139
14.048642
39.030260
14.008129
14.016707
9.034343
4.021339
4.037098
11.038583
102.049637
4.021372
4.031508
4.022408
4.037009
29.037540
4.025852
4.020726
10.003752
3.043843
4.020844
14.021118
5.012933
13.014223
4.034073
9.014967
4.032407
4.017899
19.007103
9.024108
9.005997
4.022557
9.017800
5.012981
3.021857
14.032936
4.019658
21.004663
7.039104
6.003652
4.005005
7.010945
4.021179
15.000928
3.049541
4.028744
4.040364
4.035367
14.035447
4.048633
4.033130
19.014996
4.016874
6.004283
3.000928
3.060308
4.048379
4.034072
4.025890
4.035904
4.038181
10.025106
18.019584
4.041669
4.017736
4.016775
9.024932
14.028637
4.030818
4.028273
115.004263
3.049148
5.002420
3.035086
9.006391
4.023600
4.042020
21.000928
7.034035
4.060343
4.038874
14.031947
14.020697
6.004063
7.011689
4.017087
4.023816
9.026853
14.012517
4.028238
9.039863
4.032760
4.026110
9.038180
10.000928
3.043214
9.035097
36.025058
2.050099
14.015455
9.025719
4.032151
4.039459
9.034511
4.023307
11.000928
7.039398
9.019622
14.022285
9.029488
9.021203
4.033045
6.000928
7.015062
5.004970
3.047952
6.003150
4.003892
7.006842
4.022220
5.010281
3.032955
4.044415
4.050758
5.004132
3.039519
4.041411
6.007849
3.023643
3.030760
4.037085
4.040905
4.033714
9.032513
4.034918
4.032943
19.042158
4.029301
4.029492
19.025100
9.044036
4.021016
24.016355
24.008783
24.021276
4.025899
11.002606
4.003852
22.019157
4.029171
19.016154
4.028253
7.018318
3.006877
2.069895
4.035101
19.014807
4.050508
4.024642
9.047432
4.038862
9.013547
4.038805
14.011399
5.006084
18.025746
4.044108
14.030563
4.037043
9.034826
9.027226
4.025664
14.030705
9.020750
20.000928
3.035086
10.005711
13.014669
4.036496
4.044015
4.021776
5.000928
4.000928
3.046602
9.027749
4.047634
4.031261
9.022668
9.011073
4.031075
24.026626
4.031040
4.025642
44.016027
5.008549
3.042838
4.028185
4.025407
4.014403
39.021124
4.032689
14.005270
4.022930
4.021210
4.029832
9.012697
24.044445
4.050775
5.004052
3.029995
9.017999
4.042207
9.028020
5.007948
3.049412
4.015375
13.007729
5.011923
9.042921
14.017820
34.023508
4.046451
9.024361
5.002660
8.020949
4.056889
5.015622
15.003952
2.054631
4.038052
5.005410
3.046878
14.007194
4.039081
24.006309
4.036028
4.013102
4.033761
29.029918
4.017700
4.027540
4.012987
14.007123
4.044964
14.037506
4.039996
4.019332
4.026494
14.038001
4.013039
4.023543
9.016848
4.021041
14.017965
4.018339
4.038668
19.011025
4.033091
9.025752
26.000928
12.015576
5.000928
3.045737
4.028998
9.026232
14.006682
10.006823
13.017720
4.013864
9.032420
4.026921
4.019398
19.029895
14.034886
24.012633
4.031903
4.016388
4.035546
20.004623
8.049643
9.027109
4.036341
9.015575
9.033769
5.005405
5.000928
12.022108
4.025266
19.012611
4.008394
9.035219
4.018086
17.004323
12.000928
4.000928
3.049233
9.015775
9.025893
4.040622
4.031529
5.002440
13.033578
4.048628
20.000928
8.004910
4.025582
9.037761
10.004343
8.012085
14.006948
4.011385
4.038460
9.017677
4.030665
10.003592
9.009885
3.048206
4.047238
5.000928
13.038119
4.027851
4.023045
4.042110
11.004383
7.007683
4.045518
4.052175
4.030910
14.032874
4.013889
4.020884
14.039072
14.028740
4.043655
9.037288
4.025367
4.018250
4.016353
9.012917
4.023640
4.037047
9.034514
9.019174
4.034059
9.041194
6.012561
7.019312
5.000928
3.041834
5.000928
8.038461
19.030783
9.004950
4.051978
14.040637
14.040993
4.027822
9.032275
19.015295
9.026416
9.023054
4.033280
4.031693
4.055074
14.027584
9.026848
9.012211
15.005030
3.054132
29.008581
4.025466
4.037527
4.028567
9.013823
19.053194
24.035925
14.057424
4.034619
9.008489
9.046697
4.035067
4.043512
4.027985
19.023809
14.010897
5.006059
8.005571
5.015715
8.017441
5.000928
8.026012
9.044861
5.006777
8.006779
4.038281
5.000928
3.049782
14.028073
9.024494
5.006523
6.004072
6.025047
4.038203
4.018596
4.019806
4.020163
109.026104
5.009148
8.016300
6.000928
8.003992
3.047136
14.021734
9.039369
9.037368
4.031971
4.017529
14.036581
4.039107
14.043385
9.010215
9.013903
4.045563
7.015200
7.000928
9.009761
3.052565
4.033907
14.042361
10.000928
18.045193
6.000928
7.007263
9.024694
5.002906
8.023929
6.000928
12.031824
14.011585
4.013989
9.009567
14.009913
9.018113
10.000928
8.024456
9.008321
12.003592
11.013863
4.049429
4.040752
19.043280
7.003912
8.000928
22.008015
14.010381
4.050914
4.024190
5.007327
5.000928
12.031919
4.042981
9.015267
9.023184
9.010463
4.032397
4.050784
19.047985
9.026047
14.032999
4.033457
19.022322
4.035058
9.029339
9.035676
4.038918
4.032906
25.007768
8.017539
4.045158
19.020324
9.019505
11.004643
7.008849
19.035310
9.028385
4.037836
5.005724
8.040926
9.022346
4.047160
4.021784
5.006517
8.013778
4.045936
9.040085
9.032628
9.012393
9.047788
9.018706
14.004816
4.039711
9.034553
9.027864
15.007557
3.041941
14.006962
10.000928
8.024288
6.004563
6.004012
10.034465
9.012411
9.011485
14.021309
9.011193
14.028166
14.006663
5.005785
9.010453
5.000928
7.039728
14.043000
4.047504
9.031554
14.041115
14.013909
4.038527
