26.318517
22.643833
17.056841
18.177935
51.179482
18.049146
15.832297
19.375598
17.291766
15.309577
26.872707
40.521280
26.295366
31.436489
30.334224
18.288836
22.096211
23.583981
22.544202
17.789743
22.116309
26.042742
23.158041
13.904485
14.081613
19.257238
29.369231
17.141145
18.984858
14.089352
38.314244
32.273494
19.419263
19.240421
38.316584
17.766900
18.120511
29.457103
17.676385
19.451817
14.208199
23.848648
27.189322
17.056006
31.011766
23.276208
30.430201
22.605882
13.823858
21.301155
