14.608180
10.997497
23.746311
23.802713
12.803805
14.954094
17.675577
16.416997
17.045827
12.797886
15.005986
18.030862
11.573860
16.783739
22.563194
21.936927
14.088092
12.625297
16.422374
17.317078
14.215936
14.998924
28.040259
13.073630
16.779760
29.789983
17.313186
17.478745
28.731188
15.629273
9.258943
15.345631
18.694554
10.744583
12.001809
13.424712
14.295126
10.196853
9.567456
15.619819
14.510744
15.470244
19.838531
18.693425
28.745549
21.217411
14.528984
17.453473
21.154487
23.302354
17.707132
18.527857
162.090696
