163.000928
155.000928
194.000928
122.013041
119.023280
129.067853
118.000928
146.012820
205.000928
187.009295
144.038092
111.000928
142.008427
166.011810
217.009181
149.016141
164.022964
225.000928
203.008515
264.009747
214.005430
149.024848
250.005954
235.000928
203.000928
148.018092
121.009101
359.005890
187.010087
194.008435
150.004050
175.000928
102.008215
304.025413
140.000928
160.000928
309.000928
129.000928
123.004382
145.000928
202.021866
199.011053
109.031861
119.006702
196.004124
142.028458
169.010387
145.000928
223.007162
144.012259
194.031303
154.079356
159.008614
119.004184
119.014476
164.010678
