112.015647
49.038664
74.034929
74.043784
79.009221
99.009532
89.015341
84.030937
109.018758
109.012419
79.007129
94.046792
75.000928
103.012977
84.026552
85.013201
78.014209
84.055508
94.015575
74.011959
94.034419
109.048090
74.027396
84.040544
109.018166
99.065531
89.017362
106.000928
77.011139
94.026000
69.008940
104.009001
94.045698
109.021736
99.007995
125.016319
85.002506
107.026692
90.013024
78.032007
89.029492
79.006502
89.018826
124.010167
129.025558
70.007300
83.016988
94.010999
99.008575
119.041735
105.015142
88.035355
84.016865
84.018258
114.024244
84.016748
