38.013808
30.012259
33.003892
23.061730
26.009167
13.022012
14.000928
23.016654
23.006997
22.003692
32.010147
24.022384
34.027660
21.000928
117.009875
31.030117
31.031332
20.009347
30.003792
23.055033
20.006496
14.013526
31.074324
19.049707
21.028874
16.003912
31.027642
26.005244
26.000928
37.013251
24.007793
30.000928
18.004178
31.071551
15.014277
36.007017
24.018992
24.012736
23.011139
30.045548
34.051157
14.011739
23.016467
35.007577
25.008395
37.012051
30.004513
15.000928
17.013937
19.029965
19.016325
15.015983
19.011312
25.005064
39.004945
21.011413
30.018621
31.012425
18.008675
25.006733
23.039001
13.031180
23.012825
26.003892
33.027371
39.023624
15.006437
28.010045
17.016962
16.017426
25.000928
20.006175
18.028942
14.087641
25.048587
28.003612
27.033035
35.006619
24.005490
22.043519
14.019786
22.014958
13.040584
19.038844
30.015769
14.028265
14.003552
29.007274
33.005270
29.024403
18.010275
23.006522
17.011579
23.016992
19.018152
40.020724
34.003572
18.162114
24.110495
20.008789
22.014038
26.037647
28.019500
26.005384
39.080195
39.002446
22.078082
24.009181
19.035615
20.037470
23.051190
40.005565
22.017240
25.012105
14.153197
15.008169
19.047311
28.011071
21.005656
19.046640
34.127584
33.034405
24.000928
18.079404
34.021651
15.021915
24.025366
25.020430
24.003952
14.000928
28.030126
28.015384
10.009801
24.012443
28.018380
16.002306
19.004243
23.004032
29.003872
39.003672
25.003932
25.005605
18.008501
17.050730
14.011588
44.021818
10.041848
38.009667
28.012272
47.006125
15.000928
19.025404
17.006797
17.008349
37.058196
20.000928
28.003426
50.016181
21.008615
35.000928
19.003872
34.003752
17.027961
21.022050
29.004244
94.003632
20.003592
13.000928
19.005565
29.003752
29.003572
23.023118
20.000928
19.003732
23.019789
21.026206
18.002760
24.027433
23.038516
30.009747
33.007502
16.003652
40.030288
27.007542
24.015651
25.006742
29.035087
16.000928
26.013481
