123.006334
28.079838
34.037991
34.017839
26.028477
42.047183
42.023529
47.027682
110.032001
138.004052
26.010599
56.027145
26.019412
43.009761
35.007775
33.012951
22.006583
32.017960
37.045375
27.036777
36.029811
25.003812
39.000928
29.035253
39.000928
29.000928
34.019544
41.015278
47.016448
38.013123
71.020104
23.004092
25.002220
34.004032
44.009667
34.000928
19.012977
44.013469
37.028305
31.006857
23.016353
54.011533
32.042573
46.008309
30.009199
28.016911
49.022250
25.005757
41.007089
25.008815
44.030743
25.013557
39.007457
35.017229
27.023928
29.028511
35.010041
34.010339
44.000928
27.005150
51.016203
27.021023
45.006563
32.004012
57.009447
45.014357
39.049730
37.025749
43.007722
24.028107
24.014801
34.019524
42.011553
32.021718
29.006081
35.022796
30.019666
47.013815
29.016907
31.014883
51.035650
54.007163
38.020230
24.019526
31.012505
36.026318
32.027501
49.000928
68.031858
25.009409
73.007502
67.003832
43.032299
50.042499
20.034162
23.024243
51.008349
33.006456
36.003852
33.008849
34.017759
38.044195
32.040848
61.007122
90.003988
40.004970
64.010633
53.000928
33.005956
25.004442
31.016868
38.011813
49.028399
29.007097
20.019154
40.012705
51.013506
25.004583
24.027338
32.005390
76.007775
33.013140
34.015740
29.029349
38.000928
48.016562
30.037410
23.024100
35.020460
33.021378
21.021184
19.026991
35.003892
57.015348
24.000928
39.028985
69.013377
128.012313
44.005810
50.014031
35.022516
28.002666
26.035360
60.035918
46.006597
137.007514
55.011083
18.024102
49.026082
30.003832
43.015063
35.022298
34.012725
28.008068
29.006170
35.005890
30.024481
27.033479
21.005754
