137.010127
36.002626
19.019512
22.031135
15.005305
14.010141
24.000928
23.017694
21.003732
28.025120
21.012721
17.050813
33.030648
20.013817
18.006842
16.022208
24.013645
30.009501
17.003732
21.019378
21.010671
20.004063
18.025892
21.022356
19.002240
17.040195
14.034002
16.002520
17.034849
29.005490
14.005330
21.008469
27.015653
39.035995
15.026442
16.014595
17.003872
33.028126
40.011313
29.010733
25.013918
18.003752
23.019895
25.069369
26.007307
26.066501
13.056386
24.000928
20.020018
20.005705
15.017760
17.035763
26.027437
23.007137
18.011459
26.008719
17.034239
16.031113
28.009407
21.029771
18.028317
17.002220
24.008067
29.025860
36.007529
18.000928
25.032706
19.006656
17.023638
24.019671
20.010153
23.010487
24.028342
20.002780
41.009801
26.019393
24.009567
19.032837
17.014776
31.028882
19.022822
21.009561
18.013971
18.005237
35.000928
28.024214
16.053170
25.009027
20.059018
21.038342
23.017166
12.037510
28.026392
25.006216
21.019944
16.055456
14.037344
15.012551
17.034174
18.022864
20.007517
17.050252
25.003672
26.009061
23.048348
43.004603
38.041446
16.015455
77.078963
22.007929
26.005158
40.000928
28.013557
25.014241
29.046788
53.041241
11.017740
45.058940
29.009881
36.010507
24.032937
26.007623
22.009783
31.004527
23.005815
50.003852
17.004676
20.008423
20.007969
39.020218
15.021716
13.027131
17.018299
19.005891
34.006723
24.011645
22.003838
19.029993
18.002620
20.034690
19.003592
21.035896
13.002386
23.021496
21.038024
14.033480
15.003572
70.027853
22.025123
19.009807
30.035553
23.021460
25.004325
18.044062
21.002220
18.012971
18.043552
24.014577
13.016063
17.070987
17.019480
29.009853
24.031915
21.011359
28.003752
16.000928
43.025713
18.040092
23.049175
13.005336
15.017027
20.014733
30.005231
21.004012
20.005310
17.005405
26.011025
39.044907
43.019424
20.008082
24.018302
35.032613
24.000928
15.021836
22.003852
20.033685
19.023208
22.028840
15.010743
18.020587
23.024401
26.003672
31.008941
17.005605
14.029782
18.007719
21.026631
22.022322
90.004363
45.035998
46.027044
28.014623
28.028417
14.021084
20.008089
24.016528
26.010401
16.014588
23.000928
18.058721
15.000928
16.020464
32.003852
34.027812
18.013855
21.003832
23.023863
23.019364
15.013351
15.004218
23.009581
18.016151
16.000928
