22.013041
18.003778
15.028004
44.013981
24.005990
16.009699
22.025574
19.011205
19.008281
25.009650
19.007297
20.006817
32.024542
31.007017
73.007177
19.003852
20.007257
17.014569
22.021943
21.010515
26.007057
19.006857
24.007717
22.019786
16.005625
34.006697
27.027885
24.005130
25.015478
18.012345
19.011619
15.000928
23.029634
29.014303
119.054861
24.021804
30.005744
18.022106
31.006857
28.007097
18.018021
25.000928
36.010673
23.007717
22.020612
21.004313
59.005365
22.008621
25.005052
35.007377
22.007943
14.022145
41.006797
23.002920
17.025860
37.006937
17.007961
21.007077
16.006777
25.007760
14.022776
31.007497
30.000928
18.006617
14.007317
19.007137
24.002760
24.007057
13.027085
18.008403
17.006877
16.025703
62.007157
17.007371
34.008149
18.009727
26.004985
18.007809
30.006957
19.007057
17.007008
21.009319
14.012471
29.007037
15.006510
20.003592
20.012451
16.007477
29.000928
19.006697
14.007217
63.007227
18.008855
22.009121
27.005925
18.043433
18.010573
27.007417
23.000928
18.022920
21.007057
19.011990
54.004092
25.007297
33.007277
44.012559
27.022888
16.013121
20.000928
23.008599
18.015157
24.007537
218.003632
20.000928
19.014171
17.028691
25.003672
35.009499
43.008330
15.016086
17.038594
21.007377
22.017840
19.013751
19.028756
45.005204
18.018699
29.020203
26.008499
17.060750
16.007657
24.027761
18.000928
15.009479
22.023138
16.013897
18.007097
20.007437
19.007057
29.006417
18.003552
20.011950
17.045849
21.004453
17.051099
29.008255
19.007283
26.006537
23.007517
20.003992
19.007137
22.012025
16.007237
17.011898
19.010699
20.000928
18.023936
22.007949
21.009587
21.014357
23.005915
20.007257
18.008819
48.017588
23.024922
20.021830
21.007097
21.007477
33.007297
18.010499
20.013797
27.019486
22.004032
35.008463
19.047600
19.010192
29.062221
34.008515
19.008494
15.028760
25.007177
18.005825
30.007577
