54.005330
27.026956
25.004582
27.019954
20.010671
19.023412
34.027808
29.032168
23.004032
55.006450
25.000928
28.033768
25.011925
32.011905
45.011531
29.007282
24.022962
15.000928
21.006677
26.012223
29.030717
19.008535
22.007237
42.000928
35.008669
24.003718
23.006577
30.019884
47.022929
22.030243
16.014191
34.011485
25.008042
21.005365
20.017762
29.024748
21.015657
21.006237
41.035368
41.005130
23.009617
18.023591
29.023580
24.016596
52.006923
28.024414
18.007975
20.015968
30.007277
32.000928
26.006395
20.015389
27.008975
38.000928
28.020976
29.040544
27.006537
33.043700
17.011471
39.041053
23.006957
25.016247
31.006637
27.014281
26.007123
22.012657
46.010831
24.000928
20.006737
41.010647
35.013401
30.003972
47.035083
24.016228
34.011019
39.010106
21.016248
24.023242
16.007463
23.007217
30.005105
35.032768
19.013843
24.025833
29.009887
30.015795
23.009707
22.006277
45.000928
40.019159
25.000928
22.007277
40.005491
24.013929
14.013737
20.017526
39.041292
24.005045
29.009113
24.008595
19.014610
28.029772
20.020798
28.031945
20.012625
30.004342
22.036942
20.015273
31.004905
28.005305
39.005665
27.008447
20.003892
22.003632
28.004012
22.000928
23.025958
30.009087
21.006677
31.022506
19.027644
24.036684
26.024414
32.008582
20.003812
20.010753
27.009973
60.008735
40.000928
25.004433
16.025940
25.000928
24.006135
24.018154
27.007037
28.033660
30.011005
32.020894
22.044026
24.049257
24.025285
