16.017446
31.003872
42.019052
26.005425
23.018384
29.036756
20.012791
23.049149
19.022723
24.021164
95.003992
18.041460
27.016162
28.011019
22.005050
20.006556
20.008709
19.003858
32.006029
14.039814
19.027205
22.015789
15.017160
19.014797
52.004233
26.003853
42.005950
19.009921
34.005170
68.011201
38.009107
50.011161
37.004233
42.018300
22.046555
41.010799
20.019152
33.004093
29.011599
15.010893
26.003692
19.003532
23.012171
20.034170
30.017960
14.004353
29.009987
30.081706
27.015483
18.033265
26.005730
22.016000
30.029996
18.026538
31.019570
35.016634
28.008095
19.011159
21.015765
13.009961
20.005390
35.008221
21.003853
17.024346
69.038521
19.027356
32.005110
45.013843
40.019652
25.014787
18.030475
25.003612
33.025482
27.035153
23.016710
24.003613
19.004633
25.008469
17.003592
26.005144
17.000928
71.018415
23.007989
73.009541
23.035818
30.007217
19.016228
25.007077
22.061416
35.005505
37.005510
25.023412
31.020504
25.029641
22.021395
29.010659
30.012217
17.023009
32.020604
22.012887
20.010571
24.005690
22.010527
30.008009
28.008587
36.013244
34.004553
32.035251
50.009119
14.009881
23.017229
16.009139
20.043448
14.004623
28.003992
16.021908
21.010011
38.027257
21.022462
22.002426
21.019916
23.006642
20.019406
47.010351
23.026432
34.010817
13.005665
16.010001
25.012091
27.021108
45.004052
34.006423
35.008129
22.022181
24.017345
36.004113
28.006605
24.005645
36.026259
16.075424
26.012105
17.054389
20.010061
30.012582
32.035403
16.015429
33.010819
23.016016
29.034478
15.000928
25.003578
18.017782
22.004653
25.016067
26.005945
22.005970
26.024926
21.004053
24.003893
39.004093
30.027509
37.005765
53.005845
49.008035
17.029409
71.005465
17.051598
42.004093
21.026094
17.009607
17.016807
20.018692
18.009141
30.006523
139.004213
34.005311
16.011784
25.035608
29.011979
35.000928
19.018566
28.037024
17.026153
16.040978
30.005165
23.022377
16.004113
30.003778
129.003613
37.005405
33.010121
33.005450
37.005285
34.004058
27.027107
45.003792
25.010141
24.007969
38.015656
18.010015
33.005825
19.004153
42.009481
34.003678
44.008455
22.018198
27.020860
38.012065
17.021210
20.002500
25.012305
17.022448
