108.004043
34.026902
17.005504
24.004990
30.020858
21.003912
17.021625
34.045635
39.014069
29.020256
20.013775
64.006556
23.061471
23.008509
38.008555
21.060782
25.005185
23.026332
23.005124
25.016254
34.032519
60.000928
30.006536
22.022388
45.004152
26.008095
21.009587
24.031597
24.006928
19.008961
23.010931
47.003972
22.015341
19.032294
20.030247
21.005230
20.004423
24.003892
48.006902
22.005464
16.009079
19.032993
29.010493
73.011161
28.035599
29.003852
17.046027
31.006897
22.000928
33.004132
16.073227
39.005470
39.085940
36.003712
22.013016
85.004192
59.005464
58.019746
29.002620
49.009639
39.003652
31.008823
27.003992
20.016741
49.003912
22.014475
20.002400
25.004965
22.031059
33.005444
19.067559
25.020059
22.002286
23.006923
32.040278
50.005555
24.007057
35.000928
19.003572
39.011358
18.009279
64.003852
24.009099
24.009533
24.006397
18.024966
22.008225
42.002420
27.007755
22.011499
42.028603
19.014625
35.010030
18.037417
65.004492
31.012251
39.004192
23.004392
23.000928
29.002460
28.012723
26.006542
54.011137
88.004352
17.017027
47.010575
29.010693
38.006537
63.008215
23.043043
40.019418
100.011337
39.003952
20.003652
33.002720
34.007087
29.000928
22.003792
21.003912
29.004332
23.028011
30.011990
26.003558
17.007077
28.009219
24.007117
28.007023
24.053470
30.015276
23.030340
28.017407
39.003992
66.005854
39.003672
24.006817
29.007625
29.011889
30.006636
19.006942
21.015010
61.004392
23.030129
30.003872
30.004612
27.015761
20.002780
31.009227
21.016029
50.008031
23.007288
34.015150
29.005330
22.005556
57.004152
19.014383
17.003532
47.011539
37.014497
30.002740
18.008241
21.005325
39.039228
26.009654
32.006236
20.007097
33.006916
27.034172
76.004012
18.008329
39.010170
20.000928
32.010813
25.005391
24.009075
43.011051
105.004072
24.004152
20.016380
27.010493
24.030481
29.013763
30.011373
