29.008129
33.032581
28.029906
17.010673
21.011615
25.025771
28.011499
34.032171
67.024607
18.014995
60.005404
32.003672
60.007915
23.005730
35.006724
19.008189
17.029765
39.024176
26.015380
19.008301
29.020790
27.019892
30.007097
24.003074
60.009781
39.013590
74.005444
28.004112
27.004092
58.006337
52.006917
53.031581
24.058149
36.005476
21.029016
42.006703
23.008009
44.011259
23.050227
46.006422
34.009147
29.004263
29.005104
40.005304
32.029247
20.010713
21.012265
47.007017
22.006983
21.007729
79.006276
29.007729
32.012871
51.004258
44.021485
25.015693
30.008049
41.003852
35.002720
54.005531
24.007735
52.009607
21.037408
18.000928
28.017439
26.006516
44.005264
24.006376
44.002260
14.003932
17.034760
36.005005
17.016633
16.075398
84.010913
49.003932
24.005650
39.008209
19.007949
24.004358
22.039263
42.016852
16.054262
44.031029
19.022500
15.039223
40.045101
32.039769
24.024714
39.020518
30.008775
28.041491
24.019824
61.007929
20.008389
63.019653
18.014337
