121.014457
29.020512
57.000928
20.014137
29.017359
36.003972
22.014357
81.021190
74.009081
49.007879
40.009701
45.029403
29.013923
36.018732
33.014997
29.019237
58.017440
38.000928
65.017680
25.019803
35.028196
50.003832
24.037718
42.017439
30.011837
49.037364
38.029583
19.015097
34.014523
61.053400
27.022566
29.014777
54.016107
34.024006
36.003672
20.043111
27.050715
23.011293
35.045819
33.014643
57.019803
22.015175
19.027136
31.029651
26.033883
52.033033
28.040607
48.011313
32.018077
59.024202
27.032424
36.017399
35.038880
38.015357
146.009321
27.019181
94.048147
55.042979
43.029869
40.007683
27.018672
44.016167
28.002360
54.022366
27.037591
28.020646
46.003812
29.004112
24.015008
57.027917
25.013091
35.014397
27.016699
34.030142
56.008629
27.014337
54.021516
43.014497
44.013563
18.018812
57.019840
39.009679
59.039619
33.019932
66.007337
27.027584
44.016039
36.003812
23.064313
26.038018
38.003852
35.045289
45.027729
23.026054
38.003952
18.084352
39.005950
30.002400
64.000928
23.033075
28.016639
52.126971
41.014408
30.042988
36.005945
31.021504
76.003852
31.028616
30.018195
49.011373
29.015437
48.048044
35.034104
29.007789
19.012113
27.030537
42.048201
33.016739
36.003572
31.007102
35.014957
30.015715
31.026287
66.015386
34.015317
29.014357
