2.058476
12.000928
2.019378
2.021856
2.012653
2.081439
2.020058
3.000928
2.035753
2.040880
2.006557
2.036565
5.008401
2.028977
2.018646
2.040717
10.004544
2.033274
2.021689
2.017574
2.023250
2.035266
2.041561
4.008889
2.015467
2.037834
2.017994
2.042728
2.041705
6.035540
2.031590
6.027046
3.000928
7.012259
3.000928
3.004158
3.000928
3.009221
6.019617
3.000928
3.008560
6.014557
3.000928
2.011785
3.000928
3.005411
3.000928
2.000928
7.007082
3.000928
8.003712
6.014285
2.021837
8.000928
2.045155
2.038863
2.029931
2.019140
3.003828
2.019818
2.051790
3.003712
3.008095
2.060556
2.029675
2.025800
2.033774
8.010899
3.018555
2.057378
2.026599
3.010759
2.044845
2.022096
6.007109
2.060504
2.040306
2.059242
38.010897
3.002386
2.070446
2.021788
101.015717
2.027905
3.005544
2.074736
2.015378
3.000928
2.029433
2.049820
6.026206
2.031410
6.014783
2.056088
2.032974
2.019858
6.015736
2.022696
7.010493
2.045906
2.037511
2.022575
2.032708
2.003912
2.044481
2.048223
6.010813
2.035692
2.038980
2.027925
20.022374
2.023729
6.020614
2.013455
6.013158
2.034972
3.000928
2.040320
2.047003
2.023503
2.060942
7.018400
2.063386
2.033528
2.035779
2.024927
20.009821
2.046984
2.037484
2.048813
17.029031
2.039732
2.019232
2.028871
2.026938
10.014688
2.019794
2.012853
2.069135
10.006474
2.041299
2.033313
2.039455
10.023091
2.026439
3.006823
2.085703
2.021843
7.000928
2.057972
22.009055
2.086035
2.035272
11.017622
2.047332
7.004282
2.031815
6.026514
6.010303
2.031058
2.027125
10.019643
11.011307
2.056056
2.050397
3.000928
2.034366
2.062877
2.025755
2.063404
9.009181
6.026489
2.044947
10.026113
2.023202
3.009941
2.074863
2.025953
6.017582
2.034554
4.010032
6.025022
2.074191
32.013381
7.003792
4.004052
1.020015
7.003972
11.017638
2.031888
9.003972
11.011493
23.002220
2.028399
2.040599
2.009927
8.004945
6.013438
2.026899
6.011279
2.049915
4.007729
2.024648
2.059151
5.010153
2.027237
3.008329
2.034886
2.041184
6.007329
2.045889
6.043298
2.022834
2.018798
2.037470
11.011133
16.014616
12.010461
2.008355
11.014473
2.058348
2.013477
2.045942
2.038271
3.009458
2.037432
2.063288
2.012385
2.023681
12.006463
2.025980
2.030489
3.000928
2.051989
2.023025
3.000928
2.038023
2.031577
6.009154
2.024867
7.005954
2.030617
2.014058
2.053940
2.068345
2.020064
2.028538
10.007968
2.052151
2.022530
2.035671
3.004558
2.021370
2.030237
24.014367
20.015598
2.036744
6.022116
2.038810
6.005916
2.036357
7.004642
2.024237
3.000928
11.025860
2.008495
8.011173
2.039541
2.023269
2.027911
2.047911
13.003752
2.016227
2.048743
8.011751
6.044146
2.042472
3.009247
2.042080
2.059334
6.022767
2.028131
6.009675
2.056863
6.018387
2.067427
2.019826
2.019552
22.010185
2.033365
2.021543
6.008666
2.065401
6.008681
2.056798
6.011565
2.033926
6.023924
2.024601
6.015455
2.029197
4.007749
2.024956
2.029035
18.007869
2.018080
2.027819
10.010082
2.048699
6.008987
2.028713
3.000928
2.028082
2.032465
2.034555
2.027751
13.000928
3.008209
2.032706
2.022336
2.011659
2.044281
22.005385
2.039528
2.019272
2.030695
2.029784
2.005205
2.046269
2.020530
2.027294
2.024634
3.000928
4.011903
7.000928
2.026773
8.003572
6.007143
2.018060
2.030033
2.031442
16.003832
2.043906
8.006637
6.008195
2.062915
2.022614
2.059864
5.012309
2.021225
6.011439
2.028721
2.029586
2.052817
22.012451
2.047510
2.024389
3.000928
2.031335
2.028491
8.018109
2.090179
2.041279
6.013629
2.029091
6.041619
2.021644
2.010087
2.015116
24.003552
2.019200
2.091062
2.046678
6.024108
2.068302
2.027885
2.027847
3.008169
2.038126
2.029844
3.010971
6.015871
2.016560
8.017900
2.029429
36.006857
2.038616
2.067654
3.000928
2.052455
2.060419
2.024509
2.035670
6.008389
15.013057
4.006737
2.039407
2.039792
2.028105
2.036804
5.020407
2.040617
3.000928
2.056888
2.027344
6.006669
2.017472
6.017840
2.068582
6.011465
2.024068
2.012932
2.030133
2.019978
2.036346
2.024647
6.012031
2.056088
6.008900
2.044031
3.000928
2.043673
2.019530
2.013478
2.068260
12.010733
2.046903
2.027165
2.010739
2.062496
2.000928
2.046983
12.025145
6.024016
2.063455
2.034504
2.059098
2.010985
2.038974
2.035478
6.013297
2.017554
6.014409
2.026447
6.042253
2.059194
2.029637
2.062724
4.004012
8.006637
2.014498
2.022388
1.018260
2.024947
22.000928
2.088301
2.034518
2.009313
2.019858
11.002890
2.021336
6.011494
5.009041
2.043011
2.052380
6.029774
2.031150
2.021244
2.035374
8.015455
4.006617
7.000928
2.047345
3.006808
2.009507
2.045251
7.023286
2.057021
2.043153
6.029503
2.070691
6.023082
2.055612
6.042703
2.062712
3.000928
2.029700
11.005330
2.048939
2.055156
4.005665
4.003532
6.006915
2.025021
2.054692
2.017568
3.006657
6.050629
2.069415
2.022498
2.025961
2.027645
2.035926
2.024074
6.014403
2.020590
6.032915
2.070147
2.021081
5.021910
2.060514
2.046173
2.021544
2.021516
5.009709
2.028297
3.003552
2.065115
2.042521
2.025847
2.024589
8.002486
4.008969
2.007995
2.069654
10.018287
2.064295
6.023557
2.024915
2.019844
2.025437
2.042544
2.041219
2.041653
7.004482
2.041899
11.011165
8.010187
2.012271
6.010358
2.030544
6.020866
2.056608
6.014617
2.023509
6.028524
2.046918
6.016095
2.019106
2.022536
2.052857
3.000928
3.000928
2.056405
2.025901
2.014277
2.033557
6.055380
2.043813
5.021524
2.043686
2.032269
2.023911
5.035502
2.054144
6.002220
27.005105
6.021261
2.043332
6.030276
2.060263
2.023689
2.055028
12.000928
2.075883
2.037610
6.016608
2.059165
6.018073
2.069136
7.006178
2.025847
3.007128
3.000928
2.078444
2.076674
2.029853
2.028183
8.002420
3.000928
2.037063
2.067514
6.029584
2.031908
2.055922
2.027185
7.020504
2.030067
2.044817
6.016403
2.026079
6.023152
2.047841
3.000928
2.027645
2.026465
6.024509
2.030943
6.009461
2.062514
2.016502
2.050582
3.005110
2.018478
2.020232
22.015984
2.040991
2.035299
2.023676
2.022723
11.019818
3.017974
2.030364
6.015347
2.054115
2.013397
2.036579
4.003692
2.009461
2.037242
2.038975
3.000928
2.034064
2.029311
6.010953
2.039868
7.004562
2.032875
3.018073
3.015040
2.040762
2.023342
2.019978
2.044365
2.021714
2.039858
2.025080
6.034108
2.037975
2.020043
2.032980
7.010327
2.041950
6.044867
2.027699
2.028811
7.009541
2.064977
12.006763
2.041214
2.044338
6.013735
2.061894
2.021745
2.068287
8.007849
3.007882
2.039888
2.022888
6.012671
2.045705
4.008049
7.009791
2.036950
11.010671
9.016336
2.031435
12.000928
2.042255
2.059186
7.009541
2.046278
21.020977
13.002220
2.019360
3.000928
2.038376
2.018718
2.056941
2.032547
2.013438
2.053298
2.027223
3.006983
2.030582
2.038816
7.005364
2.035892
3.009103
4.005385
3.000928
2.056130
2.056308
3.000928
2.042192
2.046081
2.033720
2.023062
7.009907
2.034660
2.024555
3.000928
2.041699
2.019092
2.031899
2.052504
8.006894
3.005730
3.000928
3.018412
3.000928
9.003712
10.012284
3.000928
19.004112
5.013883
3.000928
10.010646
3.000928
7.004012
2.061571
3.000928
9.026719
14.009121
7.017328
9.023497
2.048497
2.022104
12.006963
2.031327
3.005205
7.000928
2.012194
2.000928
2.027653
2.040931
6.023823
2.046489
6.011445
2.032678
6.006149
2.029597
6.009733
2.066336
6.033743
2.031754
6.013703
2.049675
2.018824
2.059394
10.012785
2.028262
6.009075
2.030183
11.006297
8.003912
10.008148
2.035679
4.008429
3.012511
2.083700
2.033860
6.024292
2.030257
2.013218
2.032487
8.018994
2.010919
2.043048
3.011363
2.037919
2.021472
2.024142
2.045176
2.031733
6.005470
2.023974
3.000928
2.034059
2.058190
6.049416
2.025901
6.005430
2.034104
6.014923
3.000928
11.022016
2.031548
15.027652
2.033139
6.005030
2.048569
2.037422
2.031883
3.003532
3.000928
2.072373
2.054590
7.003912
2.046249
3.004072
2.054797
2.050669
2.006757
2.033634
2.044985
6.038371
2.029105
13.017536
2.028039
2.031655
3.000928
2.042555
2.029543
2.034534
2.027325
7.003572
2.088193
2.033585
4.008449
2.010664
2.023708
3.006195
7.011140
2.060734
7.007697
2.030941
2.061632
2.026213
2.047335
3.004092
3.003612
2.044290
2.056363
6.013223
2.048582
6.022223
2.019352
6.005710
2.009567
6.022828
2.050895
3.000928
2.033334
2.038500
6.023827
2.046126
8.008475
2.028439
2.031855
2.037413
2.054556
15.002220
2.058954
4.008389
3.000928
2.037015
2.026377
2.036199
2.037921
2.003692
2.048494
2.031355
2.017388
2.028339
3.005325
8.008249
2.016208
2.056058
6.011984
2.042840
6.011199
2.024801
6.017743
2.069826
3.002486
2.064591
2.017288
3.000928
2.030863
2.065962
6.006650
2.050342
2.018014
9.012531
2.040647
10.006617
2.035460
11.019017
2.025931
3.009127
2.027585
2.032088
2.058221
2.025819
4.003752
3.006443
2.036298
2.058597
8.007088
6.019944
2.033486
4.006977
6.024108
2.053167
3.000928
2.066633
2.062181
6.011973
2.065554
2.021218
2.020313
11.022581
2.028046
7.013517
12.006363
2.027985
6.010179
2.047351
3.007622
2.032127
2.071634
3.000928
2.043005
2.049483
6.020745
2.063510
6.013005
2.019486
6.039869
2.068442
6.019013
2.020750
2.008307
5.016001
2.045928
2.035463
2.024028
2.045303
2.021769
2.029769
2.061010
7.008789
2.068560
3.003958
6.013363
2.030555
6.009020
2.059027
6.027342
2.027266
2.016168
2.058455
27.005372
2.095443
2.024988
3.012171
2.034417
2.052882
2.010913
2.022789
33.005125
6.007769
2.053475
6.032205
2.071065
6.035839
2.018152
2.024958
2.039642
8.007989
6.011173
2.029723
6.028370
2.032209
6.017560
2.029705
3.000928
2.060018
2.026859
6.027906
2.022617
6.014363
2.030362
2.027217
2.029838
4.003612
8.005450
6.031677
2.031802
6.014113
2.015948
9.006517
6.010453
2.061436
2.026347
2.060895
8.020530
9.003678
3.000928
2.085491
2.030968
4.012253
11.018253
2.051102
6.026330
2.050772
4.008269
6.007002
2.023412
2.012129
2.031770
5.010039
2.038743
2.014065
2.018534
7.008529
2.033571
2.032332
6.009839
2.060774
6.040980
2.028111
3.009681
2.041115
2.030097
7.008312
2.036298
2.009733
2.037678
3.009641
7.002440
2.072940
2.027717
2.023848
2.028583
17.003812
2.047615
2.045044
2.013958
2.029912
10.006589
2.020456
2.038628
2.056661
11.024295
6.010135
6.012523
2.028798
7.027248
2.057678
2.025443
2.085008
2.067221
2.046205
2.025001
3.015475
3.006417
2.085228
2.026346
2.008189
2.029983
6.018415
2.026453
20.012638
2.018240
6.025594
2.039648
6.016907
2.071332
2.008349
2.031975
17.010859
2.048019
2.028857
2.037940
2.073266
5.005750
2.029517
3.019692
2.054069
2.034886
6.005270
2.046287
2.040842
2.026279
13.006482
8.006777
2.026198
2.036242
2.009115
2.033082
4.003632
3.006397
6.027087
2.024981
6.011113
2.070922
6.007248
2.031549
6.007037
2.023406
12.017601
2.045268
3.007971
7.008349
2.037216
19.017434
8.014970
6.009846
2.013759
6.010447
2.014628
3.009567
2.039435
2.047071
2.049858
2.062460
7.017466
2.028711
2.029417
2.020624
2.064532
4.009827
3.008329
2.023874
2.041521
25.019616
2.058157
8.010121
2.042480
2.041653
6.013052
2.058734
3.000928
2.029117
2.023017
2.055287
2.027725
16.015650
6.003612
2.022084
2.064240
12.024006
2.029030
2.046689
2.032019
2.021788
3.000928
2.026710
2.030430
2.040154
2.045273
2.063213
2.008229
2.047017
10.008355
2.036098
8.006297
2.043505
2.063808
2.004084
2.028233
3.003632
2.030669
2.027045
2.007103
2.034597
2.024674
6.031708
2.027971
3.012357
2.059112
2.042721
4.008689
4.008589
2.050279
4.029695
6.014870
6.013017
2.031373
2.013917
9.011333
8.028404
2.046896
6.039116
2.024661
8.019866
2.024256
2.025086
5.006877
3.005070
2.024548
20.011467
2.041315
2.051950
2.027115
2.024907
10.039164
2.035645
2.020552
2.022289
4.000928
2.010299
2.040026
2.023629
6.018128
2.018926
3.000928
2.036888
2.035072
6.007477
2.028825
6.009214
2.034564
4.008169
2.031163
2.023837
5.014329
2.034134
2.032128
2.035598
3.007769
11.027425
2.064382
3.000928
2.036597
2.035632
8.008549
2.090225
2.060621
2.006757
2.031416
11.006957
13.025940
2.031934
3.000928
2.032582
2.060918
6.023952
2.044757
