2.037687
9.009395
2.033875
12.003532
2.040248
19.003812
23.003832
2.012726
2.014270
5.031039
2.041523
2.028833
2.051583
21.010369
2.016685
4.017200
1.032139
9.023144
8.020599
2.014270
7.000928
2.033582
13.014198
2.016962
2.033562
2.015030
2.079372
2.029867
12.006977
2.042339
5.020581
15.014438
16.027642
3.011019
2.053639
4.014144
11.000928
6.000928
2.007257
2.039110
2.021616
2.013106
2.020352
15.006356
14.037633
8.000928
6.034086
2.033808
14.000928
2.018806
2.066723
4.008703
6.009587
3.008209
3.019326
3.014090
1.028727
8.011459
24.017377
16.011413
3.007869
3.039876
3.013950
2.008409
3.010759
3.038344
3.013844
15.027597
2.018466
6.014143
2.025872
2.010021
2.013332
1.032225
2.052687
2.024455
2.031975
2.065343
6.040038
2.051195
7.008481
2.021592
5.016940
9.018300
2.027565
6.015283
2.014410
7.010553
2.021511
16.006416
2.015788
2.009827
2.061036
2.025667
2.020445
8.022254
2.029246
6.011445
2.031715
7.012065
2.055459
5.015733
2.053552
2.025295
2.035906
5.006762
2.062804
12.006677
2.051943
5.029525
2.039736
2.009621
2.033187
3.017062
7.005285
2.062350
2.015974
2.032171
2.054351
2.019299
2.019284
13.003792
7.008515
2.048583
3.006537
2.012638
2.013618
4.003532
4.004304
4.004044
9.004444
3.012471
2.011454
2.036583
6.007056
2.017020
4.004444
3.006217
8.015270
2.059557
2.027991
12.004407
2.043233
5.030644
2.021666
7.014538
2.021893
10.014563
2.012610
7.000928
2.034574
9.006317
3.000928
6.012917
2.030323
7.006497
2.056531
5.024251
11.013578
2.021611
2.024269
7.006397
2.009588
10.025881
2.039402
6.015548
2.018042
3.000928
2.034096
2.043020
2.015850
2.041410
2.031179
2.072427
2.060822
3.008329
2.041874
2.015248
3.012593
2.072988
2.022456
7.005285
2.041646
5.008655
2.025121
2.013424
2.043777
10.008555
9.005511
2.046414
2.019242
2.025433
3.012406
9.006997
3.014538
6.000928
2.000928
5.006877
3.007057
2.037252
2.034265
6.018479
2.030857
2.038230
2.020856
27.011074
2.061831
2.029209
2.011934
2.016328
2.014784
2.059107
2.019778
2.019066
2.053068
2.020819
2.059831
2.038036
2.011274
2.018208
9.004089
3.011315
2.031419
10.006617
2.039524
2.043308
2.015850
2.036038
2.014678
2.041008
2.049129
2.049759
2.015248
2.015669
2.040640
2.034601
3.007829
2.067298
2.053424
2.023503
2.051051
2.014524
2.043653
2.019046
2.017868
2.053452
5.023855
2.054871
2.024565
2.044522
8.006777
2.008369
2.043991
9.003652
3.002300
4.017102
6.023361
2.045153
7.005625
2.041772
5.021964
2.045968
12.008169
2.069355
9.019466
7.000928
23.000928
2.040332
13.012618
3.007079
2.098440
2.052652
2.036446
2.036058
8.015980
7.008749
2.011820
6.011573
2.035634
5.019846
2.034234
2.031657
2.060988
21.011374
2.015336
2.004244
10.008549
7.000928
2.030683
8.003704
7.008403
8.033487
2.061871
5.004118
4.006737
21.007057
5.008709
2.056187
2.053809
2.020087
2.044225
2.017177
2.056462
2.044630
17.006937
2.016554
1.035843
2.025711
6.006876
2.052019
2.021288
2.022802
2.059388
2.010107
2.025604
10.015850
2.050196
2.028756
2.013152
2.008449
2.065378
2.032342
6.025628
2.058917
3.008149
2.050263
2.027853
2.016482
2.010008
3.003584
6.010267
11.007097
2.061899
2.057710
2.043459
2.012677
9.000928
2.016076
2.033620
2.018628
3.015649
2.038968
2.019746
2.024342
2.053688
4.006857
3.012786
2.033005
3.015602
6.006897
2.057030
2.052961
7.005545
2.052755
5.017646
2.056336
2.011774
2.052754
2.015103
2.032839
2.066848
7.006877
2.033855
11.009401
5.008655
2.068222
2.026395
6.024218
2.039596
2.020033
2.037141
8.007251
13.007257
7.017181
12.000928
11.008575
3.005605
3.012686
4.000928
3.000928
3.009713
3.012831
3.013944
5.013289
3.008069
4.011279
10.013203
19.025752
9.011871
9.006130
2.025559
7.006637
2.027897
3.006737
6.019332
12.000928
5.006717
3.000928
6.007089
2.049657
2.020724
2.019980
5.034366
2.024715
2.011634
2.062948
2.008289
2.045867
16.007016
2.063590
2.049885
2.017907
2.058343
2.010493
2.033162
5.025763
2.038556
13.014178
3.008089
2.046623
2.011320
7.000928
2.053794
5.008881
2.037850
7.005845
2.021010
7.008875
2.029684
2.029253
6.022236
2.029329
6.014003
2.041393
7.010511
2.023043
5.005442
2.023336
3.008569
2.053154
2.054850
2.016782
2.036457
4.006757
1.017949
2.021756
2.007057
2.099567
2.051312
2.020857
2.039690
5.022478
2.057128
2.008329
2.041924
3.000928
4.019434
14.005005
11.014111
2.033766
6.009235
2.015936
3.010211
2.032361
2.059553
12.004053
2.022758
4.006257
2.016948
2.033879
2.022723
7.005885
2.014204
4.016762
5.018685
2.047259
2.010954
2.053433
10.009495
5.019286
5.015330
2.058908
2.018020
2.011100
2.054026
3.008929
6.035151
2.018920
6.008521
2.023968
2.026027
2.019612
9.000928
4.005405
5.026196
2.044685
2.012054
2.020193
7.000928
4.011019
2.040488
2.037697
6.017108
2.033786
2.011474
2.046091
3.019986
8.006857
2.024740
2.022664
2.011294
2.021271
3.007941
7.006777
2.021414
12.011886
2.032788
2.054707
2.028452
2.044463
5.009015
2.048221
5.006297
3.006677
8.003632
7.025442
2.050394
7.011493
2.049346
2.013658
2.029609
2.030971
2.012231
2.033153
8.014398
7.008661
2.023429
4.004584
7.003552
4.007077
2.032702
2.048299
2.023325
2.053527
2.016296
2.039730
2.019933
2.015108
2.012532
2.053477
2.037504
2.032421
2.012646
2.018661
3.011439
2.023403
2.037378
7.004144
2.042046
2.025715
6.016182
2.035754
2.039893
2.036172
37.003552
2.052683
2.049717
2.045674
2.019992
2.005845
2.060436
2.025289
6.019415
2.009974
2.028829
2.020378
2.004304
5.011214
3.008489
2.078008
2.062144
17.008729
2.044899
9.011094
5.005250
2.048383
3.011573
2.041555
2.032947
2.006657
2.040826
5.045771
8.011495
4.005737
10.010167
2.018552
7.006617
2.009927
5.012485
2.024575
2.011094
2.042900
7.012085
17.013561
2.017144
2.020004
2.024187
2.013518
2.033974
2.015022
6.029439
2.051007
2.022714
2.033834
5.026256
2.019528
5.004092
5.008581
2.036231
2.016747
2.024320
2.025802
2.062548
2.032189
2.012134
2.018560
8.003572
4.020658
2.014450
2.015705
5.011139
2.041735
2.018874
2.040424
7.013517
2.027154
2.051089
6.023909
2.033156
7.011411
2.051315
4.000928
8.018454
11.002220
16.012150
4.020133
2.037426
2.028345
16.016840
2.048462
2.011294
2.020326
3.006317
5.006557
10.019929
2.037750
2.024778
2.031347
13.016742
7.005365
2.030211
5.009573
7.013622
6.017083
2.021016
2.023532
2.035452
17.013065
2.050274
2.069942
16.010167
2.051859
2.011874
2.054369
7.014158
2.045499
2.025250
12.007869
2.054403
5.032563
14.020797
18.002640
5.014743
2.014876
2.020795
2.044061
5.015521
2.068240
2.016370
2.055641
4.003844
1.037223
15.012506
2.023263
2.035538
6.009367
2.020030
7.005745
2.051255
8.010070
6.007489
2.021662
2.013031
2.073013
5.030197
7.011043
3.011439
2.068781
2.066498
2.021630
2.041596
3.006717
2.016794
2.023395
2.013053
5.016944
2.020400
2.015176
13.006857
6.013647
2.041186
6.008935
2.073186
2.019340
2.010068
2.021846
5.016203
3.022134
2.030930
2.033211
2.012726
2.071066
1.044413
7.003932
5.027620
9.009695
2.041181
3.007463
7.028990
2.068333
2.024553
2.023429
7.013838
2.040300
2.018272
2.022502
2.040703
8.006837
3.005044
5.008029
2.013738
2.015576
3.007789
7.007017
2.037412
7.008249
2.032347
2.053336
6.014583
2.064006
3.003652
12.009135
2.053159
6.013063
2.022523
6.019674
2.009748
12.008649
2.011923
4.006517
3.011179
2.011134
2.015836
5.016428
2.055944
2.019048
2.020178
2.033640
2.043629
2.074988
2.030037
2.029825
2.009555
2.053142
2.033605
2.012972
2.033000
6.004443
8.011079
2.046580
3.010999
2.034406
2.037036
6.031089
2.045943
2.029605
2.028997
2.006777
2.031781
2.028883
2.028074
2.070958
5.014031
2.045585
7.010933
2.016946
5.038717
11.017832
2.073848
2.023317
7.005945
2.018892
2.008555
2.036850
2.046411
7.015183
2.021106
8.021571
2.020202
2.044571
2.012825
2.084085
2.049079
6.014449
2.022543
2.012546
2.050834
2.022093
2.032955
2.058765
6.022304
2.063814
2.014658
2.046365
2.016090
6.003724
8.013270
2.015696
2.050651
3.007649
2.023947
2.026973
5.021378
9.017613
2.061883
2.037384
2.014122
5.015935
2.023522
2.011774
2.051659
2.024687
2.031998
2.053703
6.015915
2.029915
3.011535
2.044635
2.028351
7.015791
2.028437
6.005685
2.046371
1.049608
8.022282
2.015836
12.008189
2.036718
7.003692
4.016035
2.046914
2.017114
2.019850
2.008775
5.019893
2.060098
6.010753
2.042417
8.006897
2.051910
2.040456
7.005285
2.021531
4.007157
7.009175
2.050865
2.048468
6.022196
2.025787
2.043243
2.037234
5.012445
6.018376
2.031231
2.019553
2.020206
2.055475
6.028057
13.021568
2.032946
11.018772
2.025100
9.008261
21.006743
8.013418
4.004304
4.006337
4.006497
1.020072
9.022133
2.018066
9.019928
3.016702
12.014817
2.061664
5.009153
2.053221
7.000928
2.019410
5.005370
2.050737
2.014578
2.067042
12.006877
7.010167
17.013858
2.035088
2.043386
5.009060
20.005244
11.012063
3.006557
2.047636
2.042186
3.008009
2.045483
2.019516
2.037987
2.036372
12.012566
2.048845
2.070950
2.008655
2.027086
3.006357
7.014830
2.017654
3.008129
12.008029
2.024301
4.003924
12.014538
2.033139
2.060823
6.021110
2.011274
2.011393
2.065584
8.008209
5.003572
27.016796
2.032427
2.021571
7.005625
2.039128
2.009435
2.051393
2.056352
2.017602
2.040697
2.026411
2.043187
2.068394
12.006817
2.023735
21.003812
2.029299
16.003812
13.030720
2.071884
2.025303
2.011706
10.018941
2.031402
2.024128
2.017088
5.040369
2.047675
6.012199
2.016934
22.005285
2.020020
10.010493
7.014613
6.048211
2.026231
2.019818
2.031475
7.009727
2.024553
2.015742
7.008409
2.029577
3.008409
6.015897
3.012999
1.042522
6.014258
2.016156
2.025307
2.017923
2.036429
2.031875
3.008889
2.037917
2.052671
6.012463
2.041848
2.010387
2.026779
5.016715
4.026207
12.010649
7.000928
10.011174
2.050927
2.023960
7.006577
2.015422
9.006797
2.004052
3.023736
13.011019
9.010853
14.017519
2.047391
2.023302
2.064752
6.004162
11.006697
8.010765
2.060219
2.052364
2.011414
2.049969
2.005545
2.028893
2.070742
2.012154
2.052639
10.006443
2.067831
7.008249
2.038336
4.003944
6.012796
8.045285
8.006937
11.014717
2.039390
5.021362
2.027679
6.010173
2.020484
2.026324
21.007017
4.008069
2.021924
2.061385
5.010007
8.006177
2.016821
2.057101
2.045351
2.011514
2.024866
8.008869
2.022644
2.053047
7.013858
2.058648
2.025167
6.005511
2.050917
12.005030
3.013227
9.012805
9.009041
10.002580
8.021364
3.007077
4.009587
4.005465
11.005445
3.022584
3.007117
22.011199
2.087231
2.027340
7.006968
2.029777
5.007702
2.018166
7.007043
2.017080
5.021630
2.076016
2.011894
2.023669
10.009555
2.041362
3.008289
2.032435
2.054720
7.008235
2.039316
4.000928
9.004024
5.008641
8.006597
12.006816
2.055945
2.052494
2.010162
2.063926
5.010239
10.011811
2.027473
15.014670
2.038956
7.009961
2.015496
4.004284
7.018540
2.046994
2.057203
2.020606
2.061476
4.004124
3.018434
4.011273
3.011993
2.036776
2.015629
2.022504
2.039551
4.006497
5.032264
2.019673
11.020344
4.028694
4.033297
9.011919
2.020722
2.007116
2.018792
5.023096
2.046957
6.021188
2.015809
7.007909
2.028405
3.006937
3.008709
2.036186
2.027633
2.014238
2.032288
4.004164
2.013558
2.044006
2.035240
17.006757
2.036630
6.023369
2.049771
10.025682
9.039623
6.005405
2.023937
2.017228
7.010593
2.017431
4.014638
3.006377
6.035992
2.033971
7.009141
2.054772
10.032150
2.027765
6.022996
2.014804
2.022684
2.017074
5.016116
2.038216
2.024049
2.065723
3.007989
2.024865
2.023355
10.017449
7.005225
2.019294
2.066410
5.028128
2.051833
2.029047
2.009908
2.003972
7.022138
2.016476
2.022466
2.069873
6.021527
2.054620
2.008149
2.067543
2.016136
2.010834
2.023823
7.015057
2.091789
2.016948
2.022044
2.048307
3.000928
11.019972
9.014799
10.034156
6.018654
7.014203
2.011732
13.011053
2.018960
2.052187
2.007197
2.037195
2.022017
6.010453
2.017354
7.006997
2.026486
2.017609
2.025173
2.057192
6.009413
2.039845
2.022894
2.073890
3.009811
6.027704
2.058185
11.008735
2.030957
12.008775
2.051247
4.007909
3.015070
6.030779
2.067471
16.017128
2.033945
3.008569
2.035519
2.033234
7.004985
2.027393
3.003732
16.031143
9.022556
2.032973
2.021519
2.014164
3.005285
9.008609
2.020459
2.016356
8.013858
2.021832
2.037224
4.018034
3.006777
2.011714
2.037966
4.004084
4.007337
11.000928
7.007137
2.006316
2.019180
2.025987
2.017256
2.054792
2.006603
2.031443
2.018837
6.009035
2.014350
6.013103
2.033800
2.013497
2.052731
4.006817
2.016862
2.026841
2.013909
7.006577
2.019650
5.010367
6.008869
2.061484
2.014564
2.010541
2.016056
2.014797
2.029231
2.029011
7.004603
2.015662
5.023542
2.017306
7.009841
2.011265
4.004244
10.013745
2.020392
8.018724
2.019852
11.014718
2.046633
2.049872
7.006823
2.046688
2.009215
2.035878
2.060259
2.043854
2.010960
3.020865
6.034263
2.040626
7.009101
2.038248
4.000928
3.013938
2.011594
2.023768
2.014097
2.035025
2.065039
2.031041
2.030577
5.011839
2.018324
7.009121
2.034747
8.012112
3.010853
4.000928
6.000928
4.000928
3.000928
5.007017
5.025076
3.007829
2.027342
3.005225
3.020910
3.012099
2.006857
12.011347
3.011986
10.013709
3.008549
3.008329
3.011174
3.010371
2.067150
3.006657
3.033913
2.036677
2.024587
12.005305
2.011925
4.014238
2.008895
2.067179
2.034198
11.016832
2.052421
2.011554
2.053923
5.011359
2.041561
7.007607
2.053053
5.012623
2.063269
2.013436
2.038966
3.016522
2.014656
2.036032
6.014244
8.018104
2.057685
11.006942
2.059612
12.000928
2.016660
7.007377
12.006902
2.057189
12.009221
2.041621
3.018671
2.023724
2.055992
3.006537
6.022937
2.014327
2.020120
2.015562
1.011405
5.008049
2.044365
2.016455
2.011474
2.038084
6.006896
2.046919
3.006357
6.013187
11.009121
2.021736
9.009839
2.014524
2.032585
2.038599
12.012806
2.040704
2.036047
2.008063
2.040549
9.008009
5.024755
2.014655
2.022490
2.059438
