9.012903
23.008389
10.002340
4.002460
8.009201
4.007517
19.008729
10.014097
4.002520
9.012971
4.009121
8.000928
8.030391
4.020770
4.027529
4.026533
4.026244
4.027532
4.028296
4.024952
4.012897
4.025884
4.027784
4.023188
4.023316
4.013849
4.029415
4.013810
4.023808
4.011619
4.018751
4.027485
4.020604
4.030373
4.018240
4.022592
4.023848
4.030337
4.006703
4.011371
4.026698
4.022176
4.019974
4.019684
4.018033
4.018000
4.025972
4.018546
4.026676
4.024008
4.020742
4.017080
4.016015
4.012703
4.020332
4.021530
4.014296
4.022902
3.015096
12.015210
3.002380
3.033033
4.025185
4.014403
4.023468
4.025360
4.031952
4.022076
4.011851
4.019875
4.031993
4.012297
4.026564
4.025034
4.027278
4.023542
4.015220
4.016079
4.033891
4.024354
4.006594
4.023556
4.025438
4.029343
4.014995
4.015547
4.022204
4.011711
4.025358
4.021330
4.022708
4.019652
4.018678
4.019798
4.022596
4.029103
4.039024
4.019658
4.009359
4.022456
4.023774
4.011863
4.025964
4.022403
4.021534
4.032327
4.027538
4.021690
4.013688
4.007915
4.016355
4.023230
4.021830
4.030135
4.019392
4.014335
4.019206
4.009607
4.019578
4.023428
4.030156
4.020808
4.023362
4.026806
4.016468
4.031135
4.024434
4.021354
4.030561
4.021116
4.020511
4.026353
12.027166
3.015327
4.013337
4.010985
3.002720
3.020592
4.008941
4.021244
4.007202
4.011639
4.022256
4.039339
4.028976
4.024348
4.024512
4.020918
4.021324
4.022482
4.019252
4.032647
4.019498
4.026184
4.018220
4.017920
4.026830
4.012057
4.017788
4.030355
4.019940
4.010027
4.022676
4.016654
4.031080
4.033167
4.019823
4.018100
4.026845
4.022946
4.022576
4.034159
4.016820
4.015355
4.028104
4.025560
4.019858
4.017153
4.012391
4.017818
4.029989
4.022600
4.004870
4.013783
4.026124
4.025698
4.015833
4.016600
4.022434
4.020904
4.020155
4.022822
4.032068
4.020398
4.011619
4.021850
4.019331
4.022628
4.011031
4.023348
4.028317
4.030135
4.025160
4.010763
4.017259
4.021766
4.027657
4.035105
4.022814
4.018772
4.013723
4.021324
4.023572
4.021936
4.019998
4.030283
4.023382
4.031023
4.012757
4.027745
4.007182
4.026268
4.029256
4.015261
4.024313
4.012744
4.016035
4.015455
4.022396
4.014157
4.018345
4.007368
4.041773
4.025308
4.024654
4.023100
4.013907
4.015441
4.039868
4.026998
4.027971
4.018740
4.026821
4.034577
4.007894
4.030835
4.015333
4.034242
4.027559
4.025940
4.013971
4.029304
4.004058
4.021544
4.026985
4.016767
4.027853
4.026966
4.015947
4.018406
4.018540
4.021204
4.023588
4.028044
4.016968
4.005176
4.009507
4.019603
4.018046
4.025481
4.025034
4.009793
4.022882
4.024134
4.020523
4.027825
4.020064
4.022084
4.029995
4.013884
4.024390
4.007642
4.029067
4.016913
4.018850
4.031735
4.018040
4.017945
4.021264
4.020118
4.033701
4.024780
4.019872
4.019883
4.018699
4.033953
4.018571
4.025836
4.017194
4.018298
4.029899
4.030955
4.016700
4.030962
4.012831
4.016769
4.005350
4.029663
4.012957
4.028742
4.024046
4.011399
4.025326
4.032893
4.029197
4.024520
4.017593
4.014849
4.029030
4.018384
4.017586
4.021256
4.040361
4.016605
4.037645
4.019970
4.022428
4.016967
4.011025
4.015397
4.014478
4.018385
4.047012
4.006763
4.015250
4.028492
4.025277
4.008115
4.022776
4.022302
4.028251
4.022802
4.017427
4.023729
4.029536
4.017673
4.012863
4.024174
4.027466
4.024920
4.018800
11.031717
4.007042
4.016693
7.015273
4.023531
4.013684
4.013909
4.016607
4.016614
4.009019
4.023056
4.022716
4.026238
4.018914
4.021142
4.032981
4.018435
4.025800
4.008361
4.019644
6.023789
20.013423
4.011513
8.006917
3.012243
3.012165
4.016141
4.013057
4.012631
4.017213
4.039373
4.008435
4.008121
4.018200
4.014283
4.020078
4.024034
4.033690
4.024792
4.014509
4.021902
4.032281
4.033877
4.014263
4.032812
4.025486
4.019918
4.021332
4.044861
4.016820
4.017720
4.005782
4.018071
4.023430
4.023263
4.032507
4.010213
4.038469
4.024076
4.025498
4.010959
4.027859
4.010839
4.022244
4.018126
4.013437
4.026958
4.039181
4.026352
4.029065
4.021304
15.008605
3.013811
4.017519
4.008321
4.019170
4.020256
4.020459
4.021628
4.028982
4.010739
4.021202
4.030909
4.028190
4.019490
4.010121
4.031639
4.021064
4.014429
4.018540
4.015215
4.017493
4.014917
4.021936
4.032241
4.006482
4.006922
4.015786
4.020710
4.018060
4.017860
4.028236
4.024412
4.016373
4.023928
4.028890
4.034286
4.022196
4.031240
4.017648
4.014163
4.030756
4.021484
7.036974
3.030957
8.000928
4.006536
8.011099
4.011479
4.032609
4.007368
4.012005
4.024407
4.019580
4.021210
4.027124
4.021644
4.032688
4.029242
4.019692
4.023068
4.018831
4.025946
4.025222
4.024194
4.019623
4.025194
4.032743
4.025494
4.032753
4.024714
4.029522
4.019932
4.019058
4.028328
4.015888
4.021130
4.022176
4.025198
4.028390
4.020803
4.020009
4.018466
4.029723
4.026999
4.018506
4.031074
4.018699
4.032419
4.024074
4.012291
4.023942
4.032927
4.012771
4.024234
4.018400
4.029843
4.032554
4.031697
4.030781
4.022818
4.018811
4.026819
4.014169
4.029035
4.025388
4.029683
4.029160
4.026485
4.019572
4.015941
4.019912
4.014629
4.012457
4.023369
4.008141
4.015342
4.026598
4.033506
4.016867
4.017039
4.016494
4.008567
4.028434
4.031091
4.016613
4.016615
4.031400
4.012863
4.023120
4.018686
4.025373
4.009445
4.018238
4.017999
4.025126
4.012723
4.024168
4.012431
4.037351
4.021244
4.027910
4.029560
4.024908
3.002726
18.009727
3.010213
7.012237
4.005810
4.008514
4.015189
4.025518
4.025288
4.035897
4.012191
4.031471
4.011219
4.026192
4.026933
4.024634
4.025833
4.020003
4.022128
4.027086
4.018632
4.012377
4.026816
4.024300
4.030857
4.026591
4.013769
4.008741
4.015407
4.019506
4.006243
4.026365
4.012471
4.032819
4.012571
4.037070
4.015501
4.031621
4.029977
4.015515
4.020708
4.010745
4.031974
4.030282
4.015461
4.018333
4.032641
4.022194
4.015861
4.017935
4.018126
4.034158
4.025633
4.020072
4.027750
4.006874
4.013729
4.025194
4.023328
4.018620
4.012791
4.014135
4.023074
4.012543
4.028576
4.031606
4.019638
4.007295
4.021812
4.022562
4.011291
4.021344
4.012403
4.016319
4.042553
4.026086
4.013823
4.016388
4.006583
4.016913
4.027258
4.017296
4.023050
4.016880
4.012757
4.022546
4.017752
4.025541
4.016767
4.023758
4.023934
4.020830
4.024268
4.024157
6.015036
4.013471
4.009787
12.012849
4.022536
4.021102
4.018292
4.011499
4.022044
4.023854
4.007995
4.027046
4.006056
4.031082
4.024820
4.029228
4.020346
4.031793
4.011217
4.024935
4.022262
4.013363
4.019524
4.014729
4.030397
4.014509
4.020950
4.006894
4.015781
4.023036
4.039683
4.024434
4.031849
4.034393
4.015215
4.026532
4.018200
4.025678
4.015382
4.017053
4.016947
4.013037
4.023529
4.020698
4.019806
4.029562
4.023834
4.017073
4.025194
4.019838
4.025458
4.032973
4.018312
4.023152
4.035760
4.020074
4.013597
4.019638
4.022974
4.020637
4.020972
4.017866
4.015223
4.022376
4.015975
4.015061
4.022748
4.017213
4.023867
4.026284
4.019592
4.020514
4.021442
4.021328
4.034487
4.028132
4.027852
4.016269
4.030365
4.022818
4.023748
4.020128
4.010019
4.019958
4.023880
4.016693
4.005510
4.015169
4.016999
4.013627
4.006603
4.023888
4.035057
4.019990
4.027337
4.026905
4.019156
4.015859
4.014175
4.020730
4.018473
4.023568
4.015693
4.019082
4.013031
4.032425
4.016574
4.016740
4.015402
4.023820
4.014609
4.019878
4.033399
4.029795
4.008194
4.009167
4.019052
4.023140
4.023728
4.018395
11.042908
3.002820
4.009101
4.009001
4.010261
3.038832
4.020617
4.018328
4.018970
4.024370
4.020195
4.015581
4.027922
4.019232
4.011119
4.026581
4.019812
4.010733
4.031206
4.014223
4.021774
4.016513
4.014563
4.029116
4.005710
4.019652
4.023780
4.014936
4.024568
4.008585
4.016725
4.018586
4.019572
4.020344
4.029003
4.036649
4.029109
4.017167
4.022540
4.020870
4.005090
4.016754
4.028231
4.020592
4.022256
4.017099
4.028510
4.016548
4.026218
4.025815
4.012397
4.019144
4.016965
4.020677
4.028972
4.023848
4.026645
4.031635
4.020835
4.014949
4.020710
4.028677
4.016900
4.012691
4.014383
4.022090
4.021968
4.030134
4.010073
4.020770
4.021064
4.034774
12.009307
13.007462
4.009567
8.011433
8.018053
4.018960
4.023176
4.024330
4.017548
4.006723
4.023654
4.031701
4.024932
4.010999
4.039386
4.018466
4.025098
4.021384
4.018352
4.024625
4.020264
4.016733
4.014395
4.015295
4.016267
4.015775
4.027171
4.017748
4.024248
4.012991
4.012657
4.013929
4.027880
4.031049
4.012957
4.034591
4.021352
4.018205
4.030473
4.010919
4.023268
4.047795
4.009507
4.017579
4.022950
4.029889
4.016831
4.026066
4.005770
4.024272
4.016208
4.020924
4.017231
4.032607
4.031915
4.038371
4.015647
4.018711
4.018786
4.015921
4.013435
4.016307
4.003698
4.019450
4.022602
4.012137
4.029816
4.029070
6.009287
4.011319
4.009647
4.012637
3.002740
8.027459
4.023762
4.019624
4.020990
4.019224
4.028246
4.012471
4.007303
4.031149
4.022896
4.030429
4.019334
4.016280
4.035481
4.021068
4.019584
4.012531
4.008575
4.027146
4.017327
4.022976
4.024700
4.021564
4.033561
4.020544
4.030804
3.002326
7.010273
4.017919
4.010227
4.017373
4.011659
7.028231
4.021150
4.011405
4.012471
4.019658
4.024760
4.028245
4.031069
4.017328
4.022102
4.019504
4.016132
4.033209
12.007517
3.006677
4.011399
3.014497
4.010041
8.009587
4.020420
4.025646
4.009441
4.018040
4.032119
4.015627
4.008635
4.030525
4.016987
4.034479
4.030594
4.023974
4.020738
4.009827
4.028283
4.023076
4.023994
4.026101
4.022676
4.020209
4.017725
4.015533
4.007462
4.018169
4.017068
4.025002
4.012851
4.030350
4.026251
4.033515
4.020636
4.018646
4.025766
4.022395
4.027370
4.010745
4.025518
4.014215
4.008555
4.023434
4.020804
4.024268
4.024574
4.022976
4.021430
4.023826
4.002220
4.014055
4.020203
4.018486
4.030754
4.020984
4.015176
4.010399
4.024736
4.018732
4.012851
4.031475
4.012917
4.016681
4.024254
4.018640
12.010739
3.014955
7.020975
4.028579
4.025214
4.020476
4.020222
4.026026
4.016442
4.024640
4.024042
4.013063
4.025420
4.018791
4.019692
4.018483
4.026912
4.010939
4.011251
4.026192
4.026250
4.021878
4.009521
4.015173
4.026811
4.030010
4.017104
4.023526
4.033456
4.018057
4.020580
4.017180
4.022734
4.021890
4.013811
4.038369
4.021916
4.032939
4.016128
4.016719
4.015881
4.025700
4.009599
4.023360
4.018765
4.020644
4.013743
4.030017
4.019223
4.026758
4.019860
4.030396
4.018120
4.005270
4.018971
4.027822
4.005550
3.000928
8.005004
12.011025
4.007949
8.004038
4.026864
4.002220
4.006408
4.030218
4.008575
4.016035
4.010999
4.020235
4.002220
4.002220
4.013817
4.019096
4.007540
4.018612
4.021962
4.018380
4.029418
4.022388
4.013843
4.029528
4.015235
4.017273
4.013273
4.015010
4.024110
4.026891
4.020092
4.011963
4.016107
4.015249
4.016787
4.028018
4.029976
4.015687
4.013703
4.028076
4.022516
4.018859
4.023468
4.022728
4.023932
3.000928
13.011199
4.009647
4.017461
4.019573
8.022268
4.010153
8.006277
3.053279
4.018680
4.005657
4.018205
4.017700
4.024555
4.021838
4.026196
4.012111
4.023747
4.008315
4.017254
4.018939
4.016200
4.017979
4.020852
4.023440
4.018489
4.029743
4.016842
4.024892
4.031691
4.021576
4.033925
4.019544
4.027490
4.017606
4.008375
4.036418
4.007786
4.017153
4.006350
4.031180
4.009159
4.023482
4.022788
4.020177
4.019552
4.015568
4.022082
4.031872
4.012377
4.026118
4.005610
4.021057
4.013683
4.035460
4.015875
4.019271
4.005351
4.015821
4.025106
4.017808
4.019451
4.028368
4.016239
4.033479
4.026659
4.037989
4.023516
4.027956
4.023262
4.022696
4.014581
4.015475
4.016992
4.027154
4.017380
4.037682
4.014143
4.021570
4.021932
4.030154
4.009035
4.020196
4.018211
4.013297
4.016873
4.017377
4.018811
4.017174
4.004078
4.024314
4.014856
4.026959
4.019118
4.027190
4.016241
4.027605
4.014287
4.023908
4.022268
4.023394
4.028399
4.022045
4.025666
4.026612
4.028870
4.017147
4.023108
4.029562
4.006394
4.008314
4.024960
4.033005
4.016873
4.025140
4.027224
4.008527
4.015701
4.015674
4.017834
4.021064
4.005810
4.018720
4.021201
4.008355
4.027030
4.019632
4.038291
4.032735
4.020272
4.022882
4.021216
4.012471
4.014328
4.004930
4.011165
4.013923
4.028923
4.011239
4.016374
4.021271
4.017253
4.017334
4.013365
4.021808
4.007928
4.023334
4.020272
4.035032
4.020964
4.026612
4.006749
4.019338
4.022316
4.014349
4.023586
4.037132
4.028050
4.018286
4.018685
4.014563
4.016588
4.014195
4.018912
4.017042
4.024156
4.033660
4.017834
4.039531
4.025832
4.016887
4.010059
4.024262
4.029496
4.021861
4.024506
4.042602
4.015155
4.026734
4.017039
4.026238
4.020123
4.022402
4.012491
4.028317
4.024374
4.027530
4.025167
4.021150
4.008115
4.026044
4.017227
4.035903
4.014823
4.022882
4.028450
4.020631
4.022088
4.026318
4.022156
4.023842
4.012431
4.024708
4.036129
4.014223
4.025266
4.015295
4.022408
4.021362
4.022538
4.018951
4.022802
4.015761
4.020862
4.022196
4.016575
4.019344
4.028149
4.021880
4.015795
