2.035559
4.002220
2.023115
2.004925
2.057221
7.033079
2.029011
2.038589
2.014278
2.033280
2.045524
2.036270
2.066025
2.019112
2.051364
10.007215
2.019372
6.008501
2.069546
2.019420
2.074810
8.013573
2.011353
2.033580
8.006677
2.000928
2.031334
3.003812
2.016276
2.043243
2.036056
2.028178
2.047669
3.003592
2.039358
2.039203
2.012585
2.037478
8.009801
3.003712
2.054414
2.043353
6.025332
2.027563
2.019206
2.035372
30.038145
2.030323
2.020347
2.039702
10.019998
2.035878
2.018780
2.016128
12.009287
2.033886
2.041253
7.007955
2.044216
2.005985
2.032606
2.015476
17.003792
2.064173
1.032417
2.036508
7.038820
2.019690
2.064177
2.013265
2.044583
2.022922
2.053940
2.059868
2.006617
2.058804
2.008455
2.077919
2.037456
2.030718
2.016208
3.014257
13.009321
2.048517
2.024953
2.034291
2.021583
22.009959
2.051646
2.052157
2.028973
2.030023
2.013737
19.019566
2.040738
2.022662
4.003752
2.014229
2.031735
2.064814
3.029921
2.067617
2.053703
2.048189
11.018474
2.046656
2.099719
7.014323
2.017918
1.023620
4.016396
10.000928
2.027251
2.044157
2.036696
2.039220
16.029999
2.043075
6.013511
2.044603
2.017734
2.043420
2.049073
2.061834
2.053608
27.026553
2.036064
2.054187
9.000928
3.016542
2.056770
2.075926
11.029637
6.007921
2.053787
2.033005
4.004052
2.034851
2.069427
12.025115
2.033322
2.056260
3.000928
2.035917
2.063056
11.014543
2.060302
8.009781
2.076566
2.050425
2.031379
2.039182
6.016195
2.036886
26.023642
2.047461
2.012897
2.050953
2.055869
2.016762
2.049850
40.012231
2.031573
2.036693
2.040846
2.007328
2.042219
2.036464
2.019672
2.038940
2.005505
2.044815
2.038464
2.031695
2.024155
2.027043
2.035618
2.034591
2.024846
2.052707
12.011113
2.073691
2.036994
2.031175
2.050875
5.023760
2.022037
2.025767
2.037330
6.022302
2.035856
28.008321
4.000928
2.011253
2.035244
7.008269
2.036273
21.066090
2.030214
2.043622
3.000928
2.040816
6.000928
2.056078
2.027723
6.011339
2.038688
2.000928
2.034554
2.010674
2.056672
2.036962
4.003732
4.003912
2.026767
2.062874
3.008349
2.025278
2.027185
12.013666
4.000928
2.033956
2.041455
2.013815
2.037790
2.020704
2.015301
2.038468
2.032654
2.040895
15.020264
2.058344
2.008669
2.050478
6.022530
8.015242
2.038680
6.016967
2.029563
2.034471
2.048814
12.029650
4.046323
2.041261
2.030296
2.023568
2.034912
32.012067
2.042936
2.032034
2.032667
2.029935
3.003632
2.036703
2.034232
10.028578
11.031981
2.052053
2.046295
1.046005
2.031781
2.018262
2.040613
3.010161
2.016622
2.026810
6.026807
2.035578
2.041454
2.039518
2.032860
2.016542
2.019712
2.009559
2.071260
2.071029
2.026953
2.058986
2.014197
2.046782
2.027587
2.024828
2.035642
2.035911
2.059698
2.036118
2.018495
2.030861
1.020248
10.063083
2.040267
2.040241
2.033213
2.046143
2.009055
2.046049
2.038782
2.033720
2.068401
2.009472
2.036382
2.036584
2.015110
2.068515
7.018926
2.043506
2.031341
2.015024
2.034832
2.000928
2.033374
2.031082
4.004052
11.027978
2.030813
28.026868
2.068255
2.028757
2.018160
2.021417
6.017702
5.000928
2.052004
2.042106
2.013211
2.062800
6.022830
5.034434
4.000928
2.041553
2.031514
2.022970
2.048693
6.016482
2.017658
3.009660
12.031763
2.016448
2.027245
2.043489
2.039966
6.028289
2.035978
2.045448
2.025873
2.027919
2.058362
2.027203
2.017289
2.033174
1.023010
14.025927
4.029395
8.010717
2.047135
2.028675
2.040972
1.019921
35.030250
2.066035
2.052084
2.034816
2.029477
17.000928
2.054237
2.035384
2.026047
2.039435
7.012371
2.041667
2.027225
2.025195
2.027525
2.000928
2.068431
2.041667
11.024954
2.024141
11.019772
2.038882
2.013878
2.076099
2.032734
2.046581
2.043305
3.014257
2.027346
2.046904
7.000928
2.037748
17.042691
2.040882
2.030807
11.005790
2.039129
2.012425
5.050707
2.046679
2.039263
2.022922
2.031336
7.016682
2.030397
2.051559
2.008609
2.033694
16.004302
2.028311
2.008135
2.053348
2.047233
2.008209
2.068021
11.000928
2.064375
7.011985
2.037290
2.034886
2.030095
2.031269
7.000928
2.056379
2.060626
2.037310
2.071302
7.046619
2.022251
2.036310
6.028125
2.051605
4.003652
6.009947
2.038042
2.021856
2.041013
2.014842
2.034646
2.033986
2.045454
2.023963
7.023758
2.048599
2.034174
2.015570
2.034932
7.021424
2.050724
2.032760
2.034865
2.045203
7.000928
2.036142
2.034086
2.027437
2.026439
2.011173
2.068817
2.042178
6.010547
2.036098
2.011879
2.034238
25.041672
2.028227
2.000928
2.031435
6.020154
2.032182
6.028984
2.028864
6.021804
2.056492
1.027679
9.019966
3.036991
2.025726
3.000928
2.042696
2.046527
2.019452
2.045989
2.032913
2.056656
2.030170
6.023262
2.034826
2.026272
2.022642
1.027565
4.032434
2.071047
5.027170
2.036996
4.003772
6.031601
2.030373
2.037044
2.024361
8.025305
13.000928
2.043915
2.043185
2.025480
2.039682
2.019766
2.044337
2.033200
4.003532
7.000928
2.031329
2.033374
2.053185
2.023243
6.007143
2.032079
4.000928
2.027965
2.034986
23.007695
2.028589
2.028795
2.038056
2.044773
2.039407
2.027679
2.030129
1.021658
8.006862
2.026541
6.024215
2.030769
7.014401
2.024727
2.039802
2.035170
2.030734
2.019313
2.020531
5.015362
2.042373
7.007023
2.043928
2.000928
2.045031
2.043202
3.000928
2.044335
2.038288
2.020694
2.035035
27.010519
2.040811
2.055448
2.031881
2.028737
15.006889
2.031507
2.017620
2.020676
10.024348
2.026419
2.026580
2.042219
2.026553
2.045724
2.037076
2.024943
2.078613
15.023888
2.040035
2.043104
2.024241
3.004072
6.032191
2.026999
2.057479
2.048067
7.006856
2.056006
2.027891
2.010933
2.054296
2.033039
2.030675
2.020902
2.022597
2.017660
21.040814
2.040106
6.019646
15.014343
2.040254
2.039394
2.000928
2.056554
15.005390
2.046029
6.011499
2.036058
4.000928
6.039096
2.056386
2.031575
2.028283
8.015376
7.012131
2.022514
10.032156
2.034503
2.000928
2.025072
2.028631
2.049092
2.042491
2.012112
2.031702
11.036182
15.022576
2.079131
2.076221
4.003592
2.022962
2.029695
27.013957
2.088460
2.028398
2.058379
2.033186
22.026675
3.018566
2.034306
7.020884
2.044757
2.036004
2.021532
2.032745
10.015128
2.042260
2.017448
2.043344
8.003572
2.033033
2.059477
12.017628
2.054062
2.054935
6.036693
2.032464
6.020432
2.041048
2.034592
2.044117
6.017534
5.000928
2.099088
2.039241
2.031103
2.038808
3.009741
2.000928
2.025981
5.012457
2.040379
2.026447
2.039987
13.017758
2.039087
2.030709
2.013506
2.043899
2.047801
2.047173
2.072454
7.010147
2.049712
2.031700
2.023670
2.064304
5.014344
2.040812
3.000928
2.041707
2.027971
2.022418
2.037374
6.021948
10.019624
2.058365
2.034126
2.000928
2.039761
7.028603
2.024861
2.029237
3.003572
2.045177
2.022388
3.004038
2.058722
2.029112
7.003792
2.029037
6.017282
4.023078
6.007769
2.034344
2.033485
7.025861
2.065578
2.035166
2.021270
2.033661
2.024407
2.042113
2.063500
2.023760
2.026073
2.019384
2.029864
2.049822
7.000928
2.041900
1.025300
15.023234
2.036458
2.074912
7.004643
2.029121
2.017553
2.042305
2.039874
2.007909
2.032096
7.022694
2.039659
2.034525
2.041535
2.043382
12.023608
2.042699
2.056589
2.016794
2.039680
12.024947
2.029923
2.031720
4.003532
6.008674
2.046815
2.040615
2.032820
10.005530
2.030010
2.005406
2.037078
2.032487
2.037380
2.030396
2.027659
2.030010
17.016888
2.054160
5.024283
8.005130
2.045735
8.023961
2.032340
2.030861
3.003892
2.043630
2.045863
3.004012
2.046199
2.027245
2.016666
2.034125
2.035818
2.039034
2.051510
2.033463
2.038987
18.009981
4.003812
4.000928
11.008674
2.035150
4.000928
2.013849
2.045303
7.021653
2.033348
2.034346
2.005204
2.039763
7.012425
2.037450
2.038416
1.040459
6.000928
2.045547
2.033880
4.003752
2.020432
2.031693
5.023038
2.034228
2.028176
2.036522
2.006596
2.058135
2.056704
2.022006
2.054123
15.032039
2.040295
8.024795
2.034652
2.033532
2.036218
2.028737
1.037835
2.056910
1.021568
2.026640
10.011445
2.034318
2.035046
2.034958
2.029963
2.048472
2.036040
2.010793
2.031168
2.023476
2.058010
2.041540
2.014409
2.043161
1.028584
9.018974
6.014095
6.048278
2.071716
6.011491
2.044489
2.020436
6.003893
11.009633
2.043671
2.041260
2.029229
15.020825
2.031608
4.003572
2.021670
2.032814
1.033753
4.025595
8.008540
2.024369
4.004282
7.004072
2.029963
12.010867
2.051380
2.041286
7.002380
2.038528
12.008340
2.040028
2.040255
6.029113
2.021084
2.039981
2.050025
12.012139
2.036596
2.043845
2.015388
2.047219
22.025208
2.037920
2.024881
2.027979
2.033678
2.022008
2.048399
2.048047
2.008648
2.050651
2.025712
2.039520
2.026225
2.016762
2.024169
3.008569
13.026523
2.048579
2.058398
2.038593
2.040806
10.016361
2.029689
2.010453
2.031829
12.020270
2.045308
2.023689
2.041308
2.054834
37.012305
2.053369
2.026658
2.003612
2.045987
10.036473
2.030424
3.000928
2.058374
2.042982
7.000928
2.040180
7.011971
2.031319
2.032946
6.040290
2.042854
2.028991
2.027425
16.006556
2.033594
8.019326
6.031815
2.022134
7.000928
2.022563
2.013599
4.014784
2.035392
2.036916
2.038082
2.066939
2.037897
2.037877
2.024100
6.018465
2.035304
2.021030
2.041719
2.019358
2.032778
2.028685
2.012797
2.032840
7.015236
2.040461
2.020664
7.000928
2.030189
5.056737
2.067158
2.019519
2.034312
12.003892
2.039236
2.030254
2.049654
2.050205
1.018840
2.059602
7.007841
2.021210
2.028937
2.042844
2.036278
6.047160
5.005170
2.033538
2.035558
8.000928
2.026207
2.040612
2.024580
2.043777
12.028403
2.047121
2.044109
2.017448
3.024672
2.032102
7.003552
2.035564
6.028031
2.039649
6.037504
2.055050
7.007829
2.046827
2.030464
8.010359
3.023060
8.016501
2.035878
3.003572
2.044136
2.029791
2.000928
2.021719
16.028258
2.031422
13.045838
2.024701
2.037834
2.016335
2.055923
2.028609
2.034118
2.023509
2.040742
2.039607
2.027705
2.019612
2.035338
24.003712
