3.000928
3.013163
3.002620
12.005330
3.004138
3.008320
3.003998
2.002500
3.002820
3.015602
3.002440
66.024651
9.026307
3.009207
3.000928
11.018294
3.005590
3.000928
2.000928
3.000928
3.005211
3.000928
12.016648
29.027304
3.000928
3.006848
3.000928
23.044742
3.002886
3.000928
3.007103
3.000928
22.036432
7.006863
3.000928
22.026665
7.016196
3.000928
17.000928
3.000928
3.013349
3.000928
17.025221
3.002526
3.009507
3.000928
2.000928
3.000928
3.010719
3.000928
17.026133
3.000928
3.006589
3.000928
23.000928
2.019818
3.005811
3.000928
7.029343
3.000928
3.005430
3.000928
7.003678
3.000928
3.004586
3.000928
1.008155
3.010619
3.000928
52.000928
3.000928
3.009747
3.000928
2.000928
3.002460
3.012471
3.000928
2.026552
3.000928
3.019772
3.000928
2.036268
3.001946
3.005551
3.000928
7.028297
3.000928
3.029356
3.000928
12.000928
3.000928
3.007609
3.000928
17.000928
3.000928
3.012351
3.002546
20.011999
3.002400
19.002380
22.027457
3.002300
3.013563
3.002800
41.025832
3.020790
3.000928
12.041444
3.000928
3.009687
3.000928
11.026707
3.008601
3.000928
2.000928
3.000928
3.004951
3.000928
2.004193
3.000928
3.002406
3.000928
12.026026
3.000928
3.005256
3.000928
22.000928
3.000928
3.005290
3.000928
27.029581
3.000928
3.011357
3.000928
7.000928
3.000928
3.008355
3.000928
37.031761
3.000928
3.006655
3.000928
7.000928
3.000928
3.006723
3.000928
7.000928
2.045596
3.000928
24.002386
27.028416
2.044752
3.000928
11.011519
20.028877
2.044842
3.000928
8.027325
3.002666
3.000928
3.022788
3.000928
7.026173
3.000928
3.006623
3.000928
2.025112
3.000928
3.005650
3.000928
27.033259
3.000928
3.011119
3.000928
17.000928
7.011141
3.000928
2.028937
3.000928
3.005211
3.000928
12.014398
2.065903
3.000928
42.025680
3.000928
3.005290
3.000928
11.012305
3.013784
3.000928
2.006717
3.000928
3.006643
3.000928
32.023152
3.000928
3.007023
3.000928
26.015908
30.027485
3.000928
3.006363
3.000928
6.034078
30.026927
3.000928
3.006743
3.000928
12.000928
3.000928
3.009993
3.000928
22.000928
3.000928
3.006903
3.000928
17.000928
3.000928
3.007223
3.000928
38.006822
3.026252
2.057543
3.000928
22.024636
3.000928
3.007995
3.000928
15.010799
3.004971
3.000928
17.042653
18.025395
3.004078
3.000928
13.000928
3.029896
3.000928
3.006869
3.000928
27.000928
3.000928
3.007202
3.000928
37.000928
3.000928
3.008161
3.000928
2.000928
3.000928
3.010711
3.000928
2.025844
3.000928
3.012391
3.000928
17.023702
3.000928
3.006983
3.000928
7.000928
2.078678
3.000928
7.036123
3.000928
3.005710
3.000928
12.019152
3.000928
3.013689
3.002346
12.002266
3.003572
3.005410
3.000928
26.005524
3.005610
3.000928
17.035517
3.000928
3.005770
3.000928
12.004118
3.000928
3.004118
3.000928
7.039857
3.000928
3.003758
3.000928
3.000928
3.000928
3.002366
3.012631
3.000928
42.021856
3.000928
3.008015
3.000928
12.030859
3.000928
3.006782
3.000928
17.033133
2.047091
3.000928
18.000928
3.021238
3.000928
3.008475
3.000928
12.025267
3.000928
3.008355
3.000928
37.000928
3.000928
3.008481
3.000928
2.033395
3.000928
3.031201
3.000928
22.056170
3.000928
3.008475
3.000928
2.027564
3.000928
3.004018
3.000928
17.017860
2.042613
3.000928
22.000928
3.000928
3.006643
3.000928
7.032666
14.000928
3.000928
3.012737
3.000928
6.014258
10.000928
3.000928
3.012811
3.000928
7.047526
3.000928
3.008401
3.000928
12.000928
3.000928
3.009633
3.000928
17.030278
3.000928
3.008055
3.000928
7.026965
3.000928
3.006483
3.000928
22.000928
3.000928
3.008541
3.000928
2.023374
3.000928
3.008117
3.000928
27.037165
3.003932
3.016494
3.000928
2.007037
3.000928
3.016760
3.000928
7.021214
3.000928
3.011159
3.000928
27.059086
3.000928
3.007262
3.000928
12.024401
2.068694
3.000928
2.019152
2.078252
3.000928
77.000928
3.000928
3.006703
3.000928
1.011107
3.003758
3.000928
27.002340
3.000928
3.012471
3.000928
2.002346
3.002606
3.003898
3.000928
17.000928
7.019892
3.000928
2.000928
3.000928
3.012903
3.000928
2.034491
3.000928
3.016041
3.000928
2.040154
3.003878
3.005556
3.000928
17.027831
7.008515
3.000928
21.010999
3.005030
3.000928
26.039984
3.005430
3.000928
2.028937
3.000928
3.009986
3.000928
6.015071
5.000928
3.000928
3.008795
3.000928
16.036214
3.009847
3.000928
17.027827
3.000928
3.006623
3.000928
22.026192
3.046340
3.000928
3.005171
3.000928
2.028857
3.000928
3.004038
3.000928
27.033107
3.000928
3.005630
3.000928
18.000928
8.011119
3.000928
3.005451
3.000928
16.000928
3.006562
3.000928
2.062768
3.000928
3.007069
3.000928
22.024627
3.000928
3.007302
3.000928
2.024695
3.002686
3.008001
3.000928
6.002620
3.004078
3.000928
2.003698
3.000928
3.010127
3.000928
2.000928
3.000928
3.017980
3.000928
50.030645
3.000928
4.000928
8.004458
7.011093
3.009567
3.000928
7.035778
3.000928
3.005930
3.000928
22.023228
3.000928
3.005411
3.000928
7.002306
3.000928
3.008395
3.000928
22.000928
3.000928
3.003918
3.000928
2.025934
2.066912
3.000928
33.000928
3.000928
3.000928
3.005590
3.002246
2.032741
3.000928
3.003718
3.000928
17.000928
3.000928
3.006803
3.000928
27.029276
7.030349
3.006483
3.000928
11.030492
3.011293
3.000928
7.036123
3.000928
3.009907
3.000928
2.000928
3.000928
3.011419
3.000928
17.032913
3.000928
3.005671
3.000928
6.022238
3.011359
3.002400
12.025854
3.003328
3.008255
3.002580
7.061659
7.012697
3.002220
51.031571
50.036549
3.000928
3.010899
3.000928
27.033033
3.000928
3.005570
3.000928
2.018134
3.000928
3.003758
3.000928
42.044716
3.000928
3.004198
3.000928
12.030341
3.000928
3.003598
3.000928
7.034199
3.000928
3.012272
3.000928
22.000928
3.000928
3.007369
3.000928
47.030389
3.000928
3.007028
3.000928
17.021896
3.000928
3.011554
3.000928
1.012711
10.000928
3.000928
3.006843
3.000928
7.000928
3.000928
3.011431
3.000928
23.002286
3.002366
3.000928
3.005050
3.000928
2.030500
3.000928
3.006463
3.000928
22.023088
7.009533
3.000928
18.012955
3.000928
3.004032
3.006889
3.000928
2.029777
3.000928
3.005391
3.000928
7.000928
3.000928
3.008807
3.000928
12.029931
2.038038
3.000928
16.013691
3.012512
3.000928
2.024341
3.000928
3.006323
3.000928
17.030070
3.000928
3.012411
3.000928
13.028157
3.002326
3.000928
3.013271
3.000928
2.000928
3.000928
3.016978
3.000928
17.012323
3.000928
3.005370
3.000928
2.000928
3.003632
3.008035
3.000928
47.000928
29.025094
3.000928
3.003898
3.000928
22.000928
3.000928
3.004038
3.000928
2.034276
3.000928
3.009793
3.000928
12.063864
3.003952
3.006902
3.000928
7.031241
3.000928
3.003858
3.000928
6.009067
3.003818
3.000928
12.027345
3.000928
3.004218
3.000928
37.000928
3.000928
3.008475
3.000928
17.000928
3.003972
3.007314
3.000928
26.017497
3.003738
3.000928
27.026662
4.034005
3.000928
3.013663
3.000928
3.010101
3.000928
3.000928
3.007908
3.000928
2.058376
3.000928
3.006628
3.002526
12.022122
3.016610
3.007123
3.000928
62.026685
3.000928
3.006442
3.000928
12.056629
3.000928
3.013443
3.000928
7.033806
3.000928
3.009287
3.000928
2.024288
3.000928
3.003658
3.000928
32.000928
3.000928
3.005370
3.000928
7.000928
3.000928
3.009307
3.000928
3.000928
8.031763
10.005370
2.025906
3.005290
3.000928
67.018928
2.053113
3.000928
17.013911
3.000928
3.008074
6.047068
3.000928
3.019572
3.000928
2.030395
3.000928
3.007194
3.000928
2.028297
3.000928
3.007023
3.000928
7.029851
3.000928
3.006743
3.000928
2.000928
7.041315
3.000928
13.000928
2.014438
3.005270
3.000928
17.002506
3.000928
3.007995
3.003938
22.027224
3.000928
3.005462
3.000928
17.023448
3.000928
3.010093
3.000928
22.003678
3.000928
3.009599
3.000928
17.048628
3.007363
3.005250
3.000928
12.005070
3.000928
3.008015
3.000928
12.034465
3.000928
3.010571
3.000928
42.000928
3.004072
3.008587
3.000928
7.002300
3.000928
3.009373
3.000928
12.000928
3.000928
3.008395
3.000928
21.018194
3.006923
3.000928
32.029296
3.002446
3.008015
3.000928
38.000928
2.019592
3.009853
3.000928
2.036317
3.003892
3.003978
3.000928
1.026111
20.035365
3.000928
3.006603
3.000928
2.041880
3.000928
3.011413
3.000928
12.033173
19.000928
3.000928
3.007322
3.000928
52.000928
3.000928
3.008320
3.000928
32.003166
7.006523
3.000928
12.032342
39.002786
3.000928
3.005450
3.000928
12.000928
3.000928
3.011359
3.000928
2.023248
3.000928
3.007309
3.000928
2.025937
3.000928
3.006642
3.000928
7.000928
3.000928
3.014829
3.000928
17.004218
3.000928
3.008155
3.000928
37.029949
3.000928
3.008914
3.000928
97.018732
3.017960
3.035613
3.012685
2.031476
