4.004866
7.021690
3.011833
8.003633
3.011413
3.011273
3.035398
3.010973
13.005285
13.005825
32.012489
3.012687
2.025806
7.021496
3.008149
27.016602
3.011579
3.025433
3.016448
3.017175
7.026698
3.020544
3.014264
8.015075
18.006776
3.015296
3.038789
3.009767
7.020305
4.006276
4.005735
3.009621
3.010779
3.008329
5.005810
3.014143
12.016228
3.014730
3.016380
3.017400
15.035002
3.008669
6.020626
3.023727
3.009621
10.009573
3.013724
17.006663
3.011293
3.031637
3.007929
5.014043
3.032413
2.012937
7.006883
3.009147
2.011093
3.013678
3.030881
3.017774
2.024707
7.021302
3.009621
3.009887
23.008315
3.008569
3.037030
3.017500
2.021949
7.009693
3.014452
16.013121
3.019624
3.016582
5.011425
3.015090
11.004322
3.029149
3.012285
5.007488
3.009981
5.023674
3.010041
5.027653
3.008109
7.034949
3.012665
3.039814
3.018094
5.028061
3.014450
5.012445
4.008389
3.014790
10.005190
5.015440
3.036015
3.007969
18.012018
3.012191
3.011813
3.024593
3.010021
10.020698
3.007949
3.017774
13.006597
3.008289
3.016954
3.008889
17.006436
3.011213
3.022085
3.007649
12.043471
25.018872
3.018154
3.013198
3.021596
3.013643
10.018360
3.017574
7.030653
3.011073
3.035698
3.012065
5.010979
3.008109
7.024703
8.019194
3.027666
3.005244
5.021762
3.027927
5.012371
3.009721
2.006343
3.011593
3.025001
3.008249
15.015185
3.004984
12.046665
4.005464
3.007929
3.025080
3.005124
5.005450
3.005904
7.021938
3.013498
3.038370
3.008755
5.015189
3.014590
5.014499
3.017742
15.005390
3.012865
2.027491
3.011753
3.018886
3.017854
6.004542
3.031055
3.017734
5.008055
3.007929
7.011273
3.008629
3.028917
3.008961
5.017826
3.007989
5.024913
3.008409
10.008627
3.009761
20.028086
3.021448
5.019470
3.008509
5.037053
3.012825
2.041367
8.022615
3.024037
3.008449
5.011631
3.012405
2.018798
3.018114
3.023987
3.018884
15.014715
3.012711
25.015396
3.019132
5.011025
3.025018
5.007814
3.008549
2.012331
3.003632
3.023476
3.016082
10.028131
3.015150
5.026914
3.012685
5.026799
3.006517
10.044014
3.007809
12.009381
3.011433
3.027699
3.008309
15.005582
3.014850
10.012603
3.016402
20.037082
3.014970
5.028307
3.006497
2.028578
3.009261
3.022377
3.008881
2.027157
8.010361
8.019677
3.007969
10.005130
3.014570
2.018080
3.000928
3.016820
3.012405
15.003578
3.013498
17.016548
3.012485
3.021756
3.010161
5.018240
3.009641
10.017327
3.005404
5.006362
3.017574
15.009927
3.017874
20.022344
3.009481
2.016688
3.015150
3.028944
3.008169
12.020456
3.015150
3.036336
3.011965
10.019420
3.010041
11.007909
3.027218
4.023242
3.015070
12.011025
3.012185
3.018426
3.008869
5.017220
3.008835
2.009541
3.010913
3.029837
3.022100
7.012651
3.008189
3.031428
3.009341
20.016907
3.009001
5.013743
3.008429
5.029444
3.009201
2.038690
3.015455
3.034246
3.011845
5.009247
3.008349
5.017713
3.010473
6.009040
3.038396
3.008229
12.026505
7.010093
3.016322
2.009693
10.006696
3.006936
3.009301
3.027446
3.012105
2.013664
7.024234
3.008089
2.010353
3.005304
3.019904
3.008169
12.010573
3.016142
3.020562
3.008249
2.031184
3.008649
3.028311
3.011965
5.025921
3.025685
15.032481
3.013558
5.021684
3.012585
5.034247
3.017554
5.040517
3.006977
5.016382
3.008229
3.009821
3.006963
3.011573
3.024780
3.009661
5.007054
3.014970
2.012366
3.013783
3.028239
3.008349
10.016288
3.009881
7.013370
3.008789
3.025441
3.009301
15.013870
3.013338
2.017580
3.010993
3.021118
3.015150
18.010991
13.011199
3.008009
3.018306
3.014143
6.004302
3.027664
3.015436
12.005270
3.009461
3.027093
3.007949
2.016928
3.011173
3.024021
3.012165
31.009981
3.021136
3.014690
5.009907
3.012225
10.041786
3.006217
5.005330
3.008269
7.009713
3.020511
3.029375
3.017594
9.003812
15.008015
3.017610
17.015036
7.011685
3.014590
5.017190
3.005624
5.026665
3.008049
10.012651
3.009135
5.035411
3.014650
5.015608
3.012525
5.008415
14.006742
3.022562
5.037495
3.008109
5.006763
3.009961
5.025032
3.008863
35.037393
3.009421
5.005916
3.012111
5.018223
3.007889
10.007662
3.008029
5.013191
3.015948
5.007781
3.018952
12.013503
3.010321
3.041146
3.012545
2.007989
3.011213
3.023835
3.009201
10.017045
3.012265
5.009319
3.004884
52.003618
3.012457
3.035228
3.008229
41.003812
3.036672
3.015370
2.018441
3.006497
3.021443
3.014610
10.030615
3.007829
7.032136
3.008309
3.027849
3.008009
10.033138
3.015190
5.023456
3.017574
5.009921
3.007569
5.012811
3.008109
5.009213
3.009601
5.024388
3.008249
2.009641
7.018932
3.005524
5.024035
3.008149
5.016122
3.008049
12.008395
3.015450
3.024072
3.007889
16.045878
3.028183
3.008189
7.006542
3.017834
3.032573
3.006537
5.035265
3.007589
12.013623
3.010799
3.016508
3.012185
2.018140
4.037290
12.031685
3.008029
25.018240
3.007909
7.003572
3.023619
3.016242
3.018054
5.017700
3.012631
15.011643
3.015010
2.006496
3.010773
3.028657
3.006957
5.032141
3.008049
12.011239
12.011919
3.008535
2.033860
4.015321
3.015070
3.013964
3.010913
10.025457
3.027643
2.025899
14.005024
3.007557
3.022955
3.008369
5.008381
3.007077
5.003938
3.006537
10.012783
3.016708
10.012203
3.011173
10.012331
3.013583
17.022043
3.014292
3.046230
3.009069
10.017407
3.008349
5.016062
3.016102
2.012525
3.006696
3.030171
3.020116
5.011085
3.010041
5.011689
3.014890
5.010293
3.017734
5.016520
3.008469
5.019192
3.014990
12.034840
3.012605
3.029864
3.019612
3.027207
3.007755
3.008169
3.029223
3.008269
15.011119
3.014990
5.008135
3.008049
10.010387
3.014789
20.016285
3.006823
5.021376
3.015822
12.027503
3.007935
3.034092
3.019862
15.013457
3.009341
10.008435
3.017534
5.003798
3.012205
10.034780
9.023028
3.008129
16.002326
3.021656
3.017654
10.018194
3.007989
5.005542
3.012071
10.015576
3.017714
5.017699
3.015170
5.015621
3.017894
5.013257
19.007722
6.014770
3.009953
3.025099
3.011905
10.005256
3.009241
3.046498
3.012125
3.008149
3.019975
3.012505
5.009807
3.023860
11.004302
3.026279
3.008009
10.018432
3.007929
5.005716
3.019892
5.008761
3.005284
2.015002
17.014343
3.012206
10.013003
3.017394
15.029270
3.007729
5.022590
3.013298
10.009573
3.009701
20.017218
3.015010
2.012085
3.006657
3.013524
3.008109
15.005630
3.012465
5.024555
3.011079
10.018316
3.009827
1.022216
25.011025
3.011513
3.015462
3.009921
5.023195
3.018014
10.010641
9.021330
3.005224
7.010659
3.017654
3.032205
3.008429
15.011479
3.009561
10.006822
3.012405
5.020352
3.009301
7.006134
3.021965
3.024149
3.007889
20.013983
3.011905
5.014290
3.011533
2.017812
17.020983
3.008429
5.012339
12.025394
11.033451
3.012225
17.006723
3.008249
3.030249
3.006817
15.021596
3.012585
2.009901
3.008089
3.046273
3.005104
10.037539
3.009381
10.006722
3.017614
10.033499
3.015150
18.010439
7.019332
3.046742
3.008349
5.014557
3.009521
7.079610
17.009033
3.009501
5.005310
14.013969
3.008529
7.012365
3.006523
3.019498
3.009841
5.006409
3.017474
5.009753
3.009341
10.007023
3.024305
15.013990
3.008269
2.012877
3.013557
3.018092
3.014810
5.027896
4.008921
3.014916
22.009593
3.008009
3.028039
3.021930
22.015002
3.013963
3.018106
3.013718
5.041303
3.017746
5.016076
3.009381
5.022976
3.008209
5.015138
3.009321
5.031952
3.009721
5.020192
3.007929
5.009507
3.009581
5.023122
3.008029
10.024816
3.012385
5.007188
3.014450
20.034047
3.009441
2.019226
3.008549
3.023409
3.013025
10.007787
3.008129
3.012421
3.017298
3.013417
3.034543
3.015330
15.005151
11.007076
7.007357
3.009901
2.009107
3.015939
3.023541
3.012185
2.006896
3.010413
3.019418
3.008569
10.016765
3.008109
11.010141
5.009001
3.009641
3.034048
3.009621
10.006894
3.009501
5.007182
3.012186
10.031616
3.009561
2.008635
3.009861
3.026961
3.022880
10.006563
3.017814
10.022156
3.013967
5.007343
3.007969
20.013743
3.005724
12.018687
7.015367
3.014910
7.040335
7.009807
3.013663
10.039179
3.015110
5.008981
3.007989
10.007323
3.012785
6.004662
3.041453
3.017334
5.027762
3.011986
5.033479
3.010533
7.005104
3.008500
3.036830
3.012425
23.020167
3.004930
3.012146
3.028489
3.022380
2.079533
7.016245
3.009281
5.018365
3.006857
15.030535
3.013337
10.009927
3.014218
2.038811
3.009941
3.014923
3.009461
2.018220
3.012045
3.013244
3.012525
22.005167
3.012485
3.030829
3.018992
7.014775
3.019212
3.027085
3.023049
34.007043
9.006376
7.005771
3.017806
3.019710
3.018040
12.007422
7.012123
3.008389
25.046607
3.015430
2.007969
3.009123
3.024769
3.009961
5.011179
3.007929
6.004282
3.043685
3.009721
5.033939
3.012445
7.005025
4.015416
3.011573
3.018726
3.007909
20.018410
3.015456
5.031647
3.012565
5.005030
3.022422
5.009807
3.007271
6.015508
3.033466
3.008009
5.030701
3.008269
7.024975
3.014667
3.023769
3.009861
5.022896
3.014790
5.011033
3.007869
15.017633
3.011985
8.006736
6.010187
3.007869
5.020567
3.009481
10.023452
3.012245
10.007483
3.009541
2.013083
3.008189
3.034073
3.023973
12.032790
12.046072
3.012305
10.042333
3.008169
11.004402
3.013715
3.022840
5.021362
3.009441
5.011631
2.016334
6.005350
3.012745
17.014850
3.008369
3.037957
3.009721
7.012551
7.013643
3.003652
5.042860
3.012125
5.015661
3.012585
2.029612
3.008349
3.031974
3.011939
7.012792
17.009327
3.006837
5.011279
3.009181
6.013944
3.027784
3.009881
5.006868
3.020198
5.005816
3.008229
5.015095
3.014870
5.008495
3.017694
10.007368
3.012405
5.014329
3.017574
10.022948
3.015110
20.008175
3.009861
5.013883
3.008549
10.005958
3.012345
12.030598
3.009681
3.020983
3.005604
5.022048
3.009681
5.012345
3.008169
2.019012
7.006923
3.008449
5.019737
3.019586
2.009561
3.007749
3.029815
3.014174
5.014962
9.020996
3.010533
2.012312
3.009741
3.016768
3.011787
2.008717
3.010429
3.018880
3.020056
2.015116
17.022982
3.008169
7.017960
3.008029
3.016641
3.007969
15.030633
3.009701
5.013924
3.009907
7.019293
9.032835
3.011039
3.033033
3.009661
5.035764
3.018114
7.027439
3.011593
3.017138
3.009321
5.015070
3.008149
5.019802
3.014770
2.005250
3.008349
3.025553
3.007829
15.003658
3.019292
15.009347
3.020324
5.039128
3.030719
15.012591
3.021717
21.010981
3.034932
3.012591
7.021459
7.014903
3.008369
5.034122
9.037372
3.018384
5.009967
3.006517
10.011065
3.009861
2.012551
2.055913
3.012265
10.003558
3.010913
10.011505
3.016188
5.016356
3.005084
3.028763
3.017093
3.007709
3.030161
3.012165
5.015304
3.012085
15.027073
3.014996
2.016668
3.017262
3.029450
3.012325
5.024955
3.012125
15.008734
3.013478
7.014870
3.011733
3.017719
3.012205
7.004342
3.003678
3.033226
3.017994
5.033308
3.008149
5.015729
3.012605
10.022370
3.017794
2.022117
3.010953
3.030661
3.012205
10.015681
3.008029
10.017738
3.012045
2.003698
3.017654
3.030741
3.018766
5.017208
3.014650
10.017725
3.016542
5.015716
3.017614
5.012199
3.012105
5.014124
3.017214
5.020712
3.014966
10.013471
3.017714
5.009753
3.008269
17.009821
3.006916
