109.002426
4.003598
4.009581
9.014327
4.005430
4.008069
4.005651
4.003758
4.014661
8.012633
4.004012
4.011931
4.003952
4.006196
4.003638
4.006396
3.043097
4.021742
4.016247
4.011159
4.003818
4.015841
4.010879
4.009327
4.002326
4.018006
4.012871
4.006483
4.037822
4.022276
4.016407
4.006643
4.017920
4.019092
4.031241
4.015121
4.014703
4.008075
4.016447
4.014921
4.031301
4.032067
4.041132
4.027585
4.016353
4.010739
4.026584
4.035899
4.039714
4.011119
4.021741
4.028556
4.025112
4.018012
4.025672
4.020510
4.012251
4.015042
4.012351
4.030169
4.025833
4.023448
4.018712
4.016973
4.009247
4.023654
4.016725
4.018020
4.020604
4.020304
4.031442
4.016073
4.021916
4.024913
4.090784
4.028776
4.013543
4.013525
4.025748
4.029875
4.026513
4.015155
4.058829
4.023426
4.039220
4.022315
4.019618
4.021150
4.018026
4.015135
4.023408
4.016539
4.022062
4.025181
4.025086
4.023700
4.023274
4.014955
4.018645
4.024116
4.031655
4.037752
4.084496
4.018854
4.064378
4.027346
5.002950
8.026264
4.010959
4.023408
4.024566
4.053068
4.014961
4.026567
4.024520
4.018751
4.020310
4.025160
4.032853
4.027479
4.019920
4.027005
4.035558
4.020384
4.050410
4.019052
4.020170
4.042857
4.068494
4.030351
4.016387
4.032115
4.021238
4.017880
9.023658
19.023536
131.008395
40.007297
36.006962
14.027552
29.033726
58.010466
30.019418
