4.006057
3.008009
99.005775
8.049588
4.011959
4.051919
4.035705
4.015123
4.035206
4.034630
4.022836
4.031055
4.013783
4.008975
4.034188
4.017860
4.041605
4.015741
4.017554
4.008361
4.038424
4.020604
4.010307
4.032783
4.011479
4.032838
4.023735
4.038996
4.043098
4.012878
4.012449
4.047598
4.029743
4.052570
4.015996
4.031309
4.043597
4.031303
4.015636
4.021130
4.044756
4.028585
4.028337
4.015516
4.024295
4.037512
4.017520
4.020556
4.037659
4.017740
4.035340
4.033263
4.017208
4.037634
4.037256
4.043221
4.041958
4.018154
4.032247
4.055139
4.022962
4.024821
4.043728
4.035761
4.014203
4.030729
4.015276
4.027142
4.053263
4.042281
4.041607
4.028916
4.038562
4.028211
4.049950
4.029557
4.043562
4.034370
4.040271
4.023720
4.046008
4.017562
9.013815
4.058248
9.009521
9.018794
14.034927
9.023515
14.013969
9.011041
9.012979
9.005465
15.004522
8.031408
9.011445
14.020296
4.015735
9.016455
19.045701
9.035889
10.004363
8.028731
9.019645
9.017220
9.008281
14.019400
9.022769
19.024168
19.022381
9.021413
14.039181
29.011253
9.003838
9.008527
14.043317
24.036396
10.003572
8.014343
10.004423
18.008435
9.007683
9.024248
14.009301
14.008647
9.035176
9.040414
19.005570
24.010327
14.005750
9.031040
9.006969
9.041185
24.016722
