108.006095
8.017063
4.043436
5.004183
14.003652
4.005645
4.008923
4.005045
8.021403
9.011959
10.003812
3.031674
5.017031
13.010001
3.010761
12.006637
8.003872
9.018691
3.025979
5.013733
4.014933
3.041564
4.031483
4.023448
4.044210
5.005185
8.031740
5.004985
3.026780
4.036190
4.006882
4.036477
5.006777
3.037028
4.040593
4.005050
4.035473
4.037929
9.006654
4.014123
4.021917
9.012997
4.029517
7.004092
6.021008
10.003964
3.024792
10.005705
18.008621
5.004945
5.005285
12.007323
4.012911
4.035977
4.045896
4.027142
4.008303
4.031577
5.021831
8.049932
9.008515
4.039368
9.021558
4.022737
9.010061
5.005225
8.009395
6.002220
12.009054
5.016273
4.008189
6.003652
8.002660
7.024276
4.013703
4.026644
11.002720
8.004052
8.007856
6.003792
12.008815
4.048175
4.030915
7.003852
11.010067
4.024854
12.004032
6.026997
19.010933
4.032933
4.010559
9.010007
4.033403
5.010653
6.003692
9.003992
11.007243
16.003892
7.050383
4.047988
9.022956
6.003572
18.008188
9.003652
3.035350
9.016481
24.020338
7.003672
6.018093
10.003712
8.005870
9.022452
6.008927
7.008895
10.000928
3.031681
21.004072
5.009141
26.008835
9.037503
9.012925
5.000928
13.018543
9.036900
29.005390
19.034090
