7.019643
19.010147
14.018199
14.008234
5.002720
5.003752
5.003852
5.003992
4.004092
58.003532
5.003572
5.022877
19.012339
26.002780
24.002640
34.003872
39.003552
13.000928
23.010047
16.002720
45.003992
28.003592
33.002240
10.003852
8.014076
5.003972
37.006882
12.003592
9.003732
13.003652
5.003612
9.003852
4.002220
29.004072
9.011950
15.003632
13.004032
19.004092
9.003592
14.003932
9.003892
14.003732
24.003532
12.003812
6.004132
27.000928
13.007708
26.002680
13.004262
23.014165
34.021716
14.005850
19.012045
24.010585
14.005790
31.002580
37.024129
21.000928
48.005406
28.006723
