3.022633
3.008595
3.016962
8.011211
16.009539
3.012185
4.008075
3.012371
21.013603
3.010874
13.014018
3.016056
2.055103
3.012486
9.009627
9.009641
4.016564
4.014650
2.039098
3.014969
3.014902
3.010933
8.008149
3.012165
3.009501
3.031069
3.012325
10.020324
3.010993
15.011179
3.008349
4.012605
3.006777
7.014969
3.025781
3.008349
5.008255
3.011339
9.006517
6.013265
12.009801
17.020126
3.009841
3.019898
3.011073
7.029748
3.006497
3.017214
3.008349
3.009281
12.004133
3.016016
3.012171
4.003592
3.020840
14.021540
7.004382
3.054571
4.011139
4.019091
4.012851
4.018220
4.015795
4.029577
4.027364
6.012125
4.010067
13.006276
3.027958
4.016753
4.018345
4.012791
4.020106
21.010177
2.046678
3.007363
11.003972
3.022017
3.015089
3.010913
6.029925
4.026606
4.009973
4.014803
4.011859
4.028581
4.026873
4.025613
4.034920
4.023414
4.021950
4.030745
4.030593
4.007022
4.019844
4.014043
4.026516
4.022040
5.012411
8.015815
4.005650
4.011617
4.026174
4.030121
4.016667
4.023620
4.007582
4.005570
4.020730
4.020144
4.015436
4.009972
4.006963
4.014149
4.022182
4.037624
4.006602
4.032407
4.017766
4.013743
4.022692
4.026723
4.023350
4.013864
4.014115
4.012403
4.018146
4.015541
4.019758
4.035499
4.009653
4.009627
14.006622
9.018712
4.018819
4.013824
4.021644
9.012903
9.036658
9.031209
14.041811
14.012417
4.038098
14.021464
4.021503
9.022150
4.062411
4.024633
4.018680
14.029478
4.020352
4.018140
4.017866
9.017539
4.025895
4.026197
9.005270
15.000928
8.012231
4.015782
9.020664
4.028168
9.011905
4.027885
34.015247
15.004382
14.003350
13.020554
4.047947
14.015755
4.019685
9.021236
