3.041224
3.015576
3.015816
13.010773
3.028079
3.007257
3.024881
3.009281
35.019139
3.018214
3.009141
12.000928
3.022310
3.007023
10.014623
3.019471
9.048282
4.024968
4.019497
9.022364
4.018751
4.029722
4.026513
4.038139
9.012651
4.040945
4.046456
4.020146
4.065535
4.024881
4.020996
4.036604
4.037552
4.026210
4.054580
3.012406
11.011453
3.085155
3.020617
6.023620
8.008195
3.028958
9.027205
3.015099
4.015049
3.008189
3.010653
3.052898
5.000928
3.041094
3.023882
3.015833
9.006977
4.008229
2.013851
3.035947
3.008309
7.020938
3.021155
4.008289
3.055268
3.009899
8.014527
3.010281
3.014961
3.033473
3.011265
26.003612
3.021570
3.009949
8.012545
2.029178
4.010221
3.015556
4.023479
3.016843
3.014237
17.007431
3.017440
4.016925
3.012130
7.032813
3.004172
4.009581
3.015596
4.041293
4.052731
4.026759
4.033088
4.011239
4.027399
4.033010
4.034516
4.022078
4.041430
4.016648
4.029638
4.020198
9.016681
4.044387
4.021585
4.023378
4.010241
4.011077
5.022748
8.021607
9.012689
4.039631
4.036169
9.032797
4.006542
4.033542
4.028657
4.029484
14.025860
4.042331
9.016743
14.005630
9.014505
10.015139
19.003852
9.017889
8.023774
9.023962
9.026140
4.028282
10.000928
8.032195
14.045447
5.007337
8.020875
4.053666
20.013141
3.036793
19.040430
4.038697
9.036809
9.013936
14.046902
34.010139
9.049935
14.034383
4.033675
19.016527
19.011359
15.005610
8.015981
19.010839
15.003772
24.006359
13.026697
