2.033734
2.021848
2.016542
2.021336
2.016282
2.046877
2.009773
2.009927
2.016334
76.010301
2.013824
3.004583
14.026597
3.014822
11.017067
2.029649
2.021430
2.027445
3.009349
12.003572
2.022190
3.035893
2.015465
2.051765
15.014783
12.028513
6.009807
2.032108
13.003808
2.032923
2.036983
11.016372
2.055682
2.024621
3.013437
3.003992
3.025189
6.019125
3.005770
4.004112
10.030909
6.031147
2.029017
3.003712
3.012471
15.003752
3.015469
7.003972
2.035253
10.015501
2.030960
7.009170
2.014090
17.018066
2.065329
2.026493
2.019546
3.018526
2.038158
2.013923
2.014284
46.000928
3.008361
3.004012
8.019532
3.000928
3.003572
2.047333
8.010953
7.015671
2.010045
10.025046
3.003532
5.011331
5.003672
3.029517
3.022147
16.003892
3.013835
4.011431
4.049714
4.007389
4.020158
9.008715
7.011894
11.022470
4.011893
4.005011
4.027398
4.029530
4.037497
8.005310
6.005265
13.026532
5.000928
3.033739
3.016415
4.003572
6.013824
3.019050
4.026534
3.011845
5.017540
8.009661
10.007142
4.005416
4.019248
4.008821
3.007303
5.055005
13.003812
21.005124
13.006823
4.043676
19.005091
4.018812
4.014678
5.003912
8.018556
5.003552
4.004607
13.013907
10.004092
4.003532
13.008394
7.000928
6.047861
5.000928
3.030605
5.000928
3.017248
10.000928
8.014257
5.003772
21.006365
6.034411
4.024372
10.003532
8.021166
19.032383
9.036580
14.006922
29.008355
9.019474
9.022805
9.018472
16.000928
17.017288
