107.015641
13.002440
25.008648
11.027226
13.015289
20.006956
19.008529
22.036340
10.005178
13.044236
10.011513
19.009035
37.002400
20.079445
9.044932
14.014835
15.012465
20.007537
13.009321
13.016995
14.019192
14.023216
13.021284
14.002660
40.007383
11.033128
12.026899
19.009333
18.021498
20.110789
32.000928
30.000928
20.016625
15.003932
18.016680
14.117495
11.022479
27.003958
18.112140
18.002840
25.072693
10.050290
24.026477
14.007157
38.032189
20.006737
25.009339
13.009813
20.007491
18.006857
18.009547
10.015218
13.014849
14.018676
12.016707
21.022532
17.054533
