4.002042
105.000928
3.000928
3.000928
3.007222
3.012210
15.008828
3.000928
35.046595
3.000928
6.000928
3.051480
3.000928
21.000928
3.007502
14.007242
3.000928
3.000928
6.005616
15.000928
3.004018
3.000928
13.003572
7.000928
8.009527
9.006010
3.000928
10.007608
3.000928
3.000928
7.000928
3.006116
5.000928
3.007961
3.053089
3.000928
3.003872
2.049190
3.000928
8.000928
16.042651
3.000928
15.005970
9.005490
3.000928
4.000928
12.000928
3.000928
3.011885
3.000928
7.023488
8.000928
8.007362
3.000928
7.007754
3.000928
3.007422
3.000928
15.008581
3.000928
11.000928
3.014324
3.000928
36.000928
3.050990
24.018433
3.000928
3.000928
3.003992
3.000928
9.000928
8.052641
3.000928
20.005490
3.000928
3.000928
3.000928
7.009166
3.000928
8.000928
18.000928
7.005950
3.000928
11.000928
3.008500
3.000928
10.019770
19.007828
3.000928
8.000928
27.000928
3.004678
18.000928
6.000928
13.033330
3.000928
8.000928
16.017050
3.000928
8.000928
3.000928
3.000928
8.007662
3.000928
10.029187
3.000928
11.016351
9.000928
3.056928
3.000928
11.000928
3.073600
3.000928
7.003752
3.000928
3.004018
3.000928
2.000928
7.005830
3.000928
10.027978
3.000928
22.000928
7.010513
5.000928
9.000928
3.009246
7.000928
11.006942
3.000928
25.007622
3.000928
25.005830
3.000928
21.006274
4.000928
3.011951
3.000928
11.000928
3.004238
3.000928
35.025180
20.000928
3.012559
3.000928
21.000928
3.007142
5.000928
3.008376
3.000928
10.031732
9.044029
3.000928
13.000928
7.000928
3.011319
3.000928
30.005870
3.000928
4.000928
21.000928
3.005990
14.008014
3.000928
3.000928
12.000928
8.007488
3.000928
11.000928
3.007462
3.000928
16.000928
3.004118
3.000928
8.000928
6.002220
6.000928
3.000928
3.005310
3.000928
11.009973
3.009374
3.000928
8.000928
3.000928
3.000928
9.000928
3.024574
3.000928
16.000928
3.004378
3.000928
11.000928
15.000928
7.005110
3.000928
3.000928
11.021476
3.000928
3.000928
12.000928
3.014575
3.000928
11.000928
3.009062
3.000928
3.000928
11.007582
3.000928
10.006842
10.000928
5.000928
7.028783
3.000928
2.016842
5.000928
16.005990
3.000928
3.000928
7.000928
9.000928
3.004138
3.000928
10.013086
3.000928
4.000928
33.000928
4.000928
4.003592
4.000928
11.008309
15.000928
13.023124
5.000928
24.000928
9.000928
4.000928
3.032651
14.005910
16.000928
3.000928
3.015403
3.000928
6.000928
3.012221
3.000928
5.006010
24.006762
3.000928
8.014923
12.000928
3.002500
3.000928
6.000928
4.000928
3.007062
3.016119
3.000928
6.006802
3.000928
10.009513
3.000928
20.016635
25.000928
3.009686
3.000928
10.049911
3.000928
3.000928
16.007042
14.012071
3.000928
3.000928
12.000928
3.053747
3.000928
21.000928
3.013709
39.007322
3.000928
5.007642
3.000928
10.007222
3.000928
3.000928
122.000928
3.009214
3.000928
21.000928
3.005190
3.000928
20.029896
3.000928
6.000928
3.005990
3.025605
33.000928
12.000928
3.004298
3.000928
3.000928
3.000928
2.047455
5.000928
9.000928
3.052211
3.000928
12.000928
3.000928
3.042925
3.000928
3.000928
7.000928
3.005656
3.000928
3.000928
6.006130
3.000928
3.000928
17.000928
3.007962
25.000928
3.011311
3.000928
13.000928
21.016421
3.003034
6.000928
3.007282
3.000928
13.000928
3.015499
7.006470
3.000928
3.000928
12.000928
3.014369
3.000928
6.000928
3.029013
5.000928
8.039537
3.000928
3.000928
3.003912
3.000928
3.005190
3.000928
15.007742
5.000928
3.049142
3.000928
6.000928
33.005610
3.000928
3.000928
3.000928
3.000928
3.040850
3.000928
13.005770
7.000928
3.009926
3.000928
3.000928
7.000928
14.000928
3.004498
3.000928
3.000928
6.019380
3.000928
8.000928
3.000928
7.005970
3.000928
11.000928
3.004258
3.000928
5.030200
3.000928
15.005870
3.000928
26.000928
3.044235
3.000928
12.006537
7.013983
3.000928
16.000928
18.024446
14.005570
3.000928
3.000928
11.008734
3.000928
20.002220
3.000928
15.032997
3.000928
2.000928
78.000928
3.047313
3.000928
15.005870
14.026590
10.000928
3.003958
3.000928
36.012070
3.049528
3.000928
16.000928
3.038092
20.000928
3.044364
3.000928
10.005890
3.000928
11.000928
3.007342
3.000928
15.009913
3.000928
26.000928
8.008814
3.000928
11.000928
3.011558
3.000928
16.000928
3.006402
3.000928
10.035160
3.000928
1.014871
23.049165
3.000928
3.000928
12.000928
3.036040
3.000928
7.000928
7.007062
3.000928
3.000928
2.008205
28.034658
3.000928
3.000928
3.000928
7.006630
3.000928
22.013497
7.019447
3.000928
12.016849
7.006988
3.000928
11.000928
3.009908
3.000928
10.010081
3.000928
3.000928
11.007302
3.000928
6.000928
3.007542
3.000928
16.000928
9.000928
4.000928
3.032194
3.000928
15.005930
3.000928
8.000928
11.005890
3.000928
13.000928
3.000928
18.000928
3.006350
3.000928
20.005950
3.000928
8.000928
6.005210
3.000928
3.000928
3.000928
7.007462
10.000928
4.000928
3.060135
3.000928
13.000928
6.038005
3.000928
10.005710
3.000928
15.012858
3.000928
20.022168
3.000928
11.000928
3.007928
3.000928
16.000928
3.006668
3.000928
3.000928
6.007202
3.000928
3.000928
16.007582
3.000928
6.000928
3.007302
3.000928
3.000928
39.000928
12.000928
3.007994
9.026019
3.000928
6.000928
3.030508
3.000928
11.000928
4.000928
3.058280
3.000928
3.000928
11.008028
3.000928
8.000928
3.003732
3.000928
3.021295
21.000928
7.005830
9.008833
3.000928
15.018580
17.000928
3.000928
3.000928
3.009253
3.000928
5.021466
7.000928
16.007582
14.006922
3.000928
26.000928
14.000928
3.003838
3.029739
8.000928
12.000928
3.003978
3.000928
6.000928
9.000928
18.020519
7.000928
6.014104
3.000928
13.000928
2.000928
3.012589
3.000928
13.000928
11.008760
3.000928
13.000928
2.000928
3.004038
3.000928
20.005110
3.000928
3.000928
26.005510
3.000928
10.050361
3.000928
7.000928
7.007742
3.000928
3.000928
11.008041
3.000928
3.003532
7.000928
9.000928
3.015257
5.000928
3.009440
5.000928
3.006030
3.000928
15.005310
6.003912
3.000928
3.007942
5.007070
3.028566
3.000928
7.000928
7.009447
3.000928
8.000928
12.000928
3.028297
3.000928
3.000928
118.000928
7.005670
3.000928
10.025380
3.000928
36.011870
3.032577
9.049931
3.000928
2.003832
3.000928
3.031051
3.000928
9.003892
18.000928
11.005750
3.000928
6.000928
3.006682
3.000928
4.000928
13.000928
11.014834
5.000928
3.006290
5.000928
3.013843
3.000928
8.000928
3.000928
3.000928
3.004518
5.000928
3.007109
10.000928
3.016573
5.000928
3.006903
3.000928
3.000928
16.008202
3.000928
9.000928
6.000928
9.000928
3.049658
5.000928
3.046114
3.000928
3.000928
7.004012
3.005476
3.000928
12.000928
7.042504
15.000928
3.008688
5.000928
3.006383
3.000928
3.000928
6.005930
3.000928
3.000928
3.000928
2.042178
3.000928
6.000928
9.000928
3.007962
3.000928
11.000928
3.004278
3.000928
21.000928
13.009000
3.000928
17.009027
7.005470
15.000928
3.027448
20.000928
3.004018
3.000928
23.003772
16.012530
7.000928
7.000928
3.005630
3.038713
9.000928
15.006370
3.000928
15.005790
5.000928
3.005550
3.000928
2.020117
3.000928
3.007542
3.000928
16.000928
3.005631
3.000928
11.000928
3.006963
3.000928
3.000928
16.005210
3.000928
16.000928
3.010207
3.000928
5.010401
3.000928
8.012165
12.000928
3.005650
3.000928
3.000928
16.005310
3.000928
3.000928
3.030685
7.007142
3.000928
3.000928
11.007442
3.000928
15.005170
3.000928
3.000928
7.000928
3.007102
3.000928
13.000928
3.000928
3.000928
3.023689
10.000928
3.004538
3.000928
3.025162
7.000928
3.006130
10.000928
3.052202
3.003574
6.000928
3.019696
3.000928
9.000928
15.019697
3.000928
6.000928
3.002706
24.039358
3.000928
3.000928
6.005290
24.033151
3.000928
11.000928
3.004018
3.002906
18.000928
3.000928
7.024122
3.000928
8.000928
16.008728
3.000928
56.000928
4.000928
4.000928
3.006902
3.000928
6.000928
9.000928
3.026062
9.005270
3.000928
10.005968
19.013679
3.000928
3.000928
41.007895
3.000928
16.000928
3.002646
3.000928
8.000928
12.000928
3.008574
3.000928
16.000928
3.035943
3.000928
3.000928
3.000928
7.008382
3.000928
20.007383
3.000928
42.000928
8.000928
13.005230
3.000928
10.010206
3.000928
10.013977
3.000928
3.000928
7.000928
3.010587
5.000928
3.009733
3.000928
10.046201
3.000928
16.000928
3.007938
3.000928
3.000928
7.000928
3.022232
5.000928
4.000928
3.037355
5.000928
3.020996
3.000928
15.058976
10.000928
3.008041
14.045657
