4.029214
3.012179
3.012657
3.009127
13.000928
19.005425
11.014349
3.010553
13.000928
3.006776
3.002506
3.011671
3.014143
37.016736
3.004093
3.008121
3.030512
2.014438
24.015129
3.005605
3.019292
3.011173
22.011473
3.008949
3.023154
3.009241
14.018800
40.039459
3.006863
5.024084
3.011065
30.020080
3.003658
15.013755
3.009659
2.008395
12.022600
3.003992
17.023725
4.013650
3.008929
3.029537
3.008467
7.015797
3.005310
3.012811
3.006402
7.004818
3.016602
3.021780
3.015788
15.010899
3.004558
10.037595
3.017160
3.012231
9.016152
3.016722
3.009341
3.013157
3.030006
5.007083
3.010099
12.007357
3.007989
3.034927
3.006642
5.008575
3.018735
18.000928
4.017900
13.011213
3.006262
3.019523
3.012791
5.009507
3.006836
12.006030
3.009367
3.015601
3.007562
10.021476
3.006690
23.000928
4.018666
4.019586
4.000928
22.015015
3.014249
3.005278
7.005138
3.002126
3.013571
3.022355
40.011351
3.006516
33.000928
3.005098
3.005230
3.014183
3.008041
32.002406
3.006617
3.011205
3.005405
2.011969
3.003712
3.018180
3.009339
7.012813
3.004032
3.019624
3.011073
17.008409
3.008061
3.008335
3.005338
2.017247
7.017008
3.005325
2.020918
5.013855
3.003938
3.006557
3.028164
3.004698
2.020459
3.011991
3.016826
3.009641
2.029541
3.010919
3.013017
3.005018
8.011299
10.007531
2.023090
3.006722
3.012891
3.024783
3.010833
6.015921
3.009773
23.000928
8.006319
3.005204
3.027177
3.000928
12.015202
7.013103
3.024334
23.000928
3.021158
7.024232
3.003958
2.033564
3.013598
3.026468
3.006216
2.027367
3.010985
3.012857
3.013655
2.008249
3.009373
3.012711
3.011025
3.013909
3.022276
3.002586
3.024380
3.004858
8.000928
4.000928
12.021154
3.028558
3.008167
7.021165
7.018338
3.009621
17.021648
3.006776
3.011379
3.011737
23.000928
9.018906
3.006677
3.008795
3.018619
3.004638
12.010341
3.008449
3.024746
3.007763
2.010673
3.011093
3.007795
3.009973
2.010993
3.007103
3.011599
3.007929
5.021770
3.014495
5.012797
3.019204
12.000928
7.028986
3.009601
27.041178
3.006317
3.016441
3.009773
7.009895
3.014941
3.014502
3.012291
13.009561
8.012657
7.013609
3.012299
2.011445
3.007137
3.014197
3.013758
2.015910
12.014589
3.010633
3.006897
7.015374
4.000928
3.007447
3.014309
10.006689
3.009847
45.016949
3.018312
2.010001
3.008387
3.018500
3.024827
2.013129
3.000928
3.010133
3.015910
7.010707
7.011625
36.000928
3.012091
3.018220
3.013345
12.012126
8.006917
3.021104
3.035652
2.026146
20.009661
4.016974
4.003572
4.011291
8.017974
5.009099
12.015887
6.011759
10.008809
8.002260
18.016488
5.014263
4.012971
8.007736
5.003992
8.039857
4.014935
3.005244
3.030026
3.014964
27.013065
10.000928
7.011953
3.014224
3.011053
10.045443
3.012105
7.011293
3.012231
3.013497
3.010593
37.029943
3.012145
3.013295
3.004838
7.019797
3.010447
3.015527
3.004798
12.008289
3.008575
3.025312
3.013151
2.015675
3.006617
3.010799
3.016214
18.019518
14.009501
4.009501
3.043914
4.000928
4.000928
5.013057
9.016122
8.011153
8.009281
3.037076
4.023851
4.031218
4.003578
4.015747
4.029746
4.028871
4.031864
4.016974
4.053788
4.024484
4.011151
3.017588
10.005330
3.007157
2.020173
3.013647
3.014090
3.017340
2.018068
3.016934
3.024040
3.009933
20.011399
3.018808
8.018814
7.012823
3.026841
3.004098
15.028632
3.015676
10.026386
3.000928
2.042733
3.010035
3.014155
3.006330
10.035441
3.018000
2.013695
7.012793
3.007563
3.009507
9.023386
3.038036
3.017028
3.028091
3.005676
7.015027
3.011121
3.033214
3.015842
5.035076
3.013515
17.010739
3.003978
3.025464
3.004998
3.000928
11.006909
3.007503
5.016362
3.006576
2.005391
3.009813
3.018006
3.008043
14.000928
32.016462
3.005185
3.005551
3.006896
7.000928
3.009601
3.015354
3.020756
5.021072
3.015688
5.008301
3.004738
2.018952
25.025417
4.000928
6.005556
3.018138
5.021258
3.009675
7.000928
3.015150
3.012557
3.012891
20.009161
3.017760
3.006457
9.016894
4.018440
3.021970
3.005370
3.010751
3.009621
5.014057
3.013417
2.005231
3.004718
3.015562
3.010187
5.018082
3.012251
22.010773
3.005665
3.018978
3.012357
25.039625
3.023238
5.027144
3.009653
36.004858
3.012703
3.006656
33.000928
13.015456
3.019645
3.015974
3.018445
37.017009
3.006937
3.008175
3.016087
7.006942
7.029104
3.009281
2.010453
7.005251
3.006470
7.012299
3.006397
3.009285
3.013418
38.000928
3.009653
7.018841
4.008855
3.007989
36.025000
3.011319
3.012203
2.000928
3.008209
3.012125
3.006836
17.006737
3.007555
3.011785
3.006536
22.008009
7.018348
3.003858
43.000928
5.003114
22.017575
7.006902
3.005098
30.039281
3.015197
5.009827
3.020662
28.020532
3.025021
3.005065
3.018768
3.009407
7.017720
3.011285
3.018500
3.016922
23.000928
12.009581
3.022608
3.014523
37.013306
3.005205
3.035527
3.021903
10.019458
3.006962
15.020208
3.016579
17.005704
3.000928
3.012997
3.014389
10.015589
3.012392
5.020099
3.005265
12.009501
3.018226
3.026451
3.005316
3.000928
18.014215
3.017465
3.021584
3.025814
2.016714
3.028429
3.017079
3.009633
10.017870
3.009605
36.026979
3.017454
3.025801
16.045316
3.015607
3.012545
2.012131
3.007137
3.019725
3.008295
2.012545
3.015283
3.012059
3.004998
2.007328
3.000928
3.015215
3.014670
7.020466
3.000928
3.012645
3.010233
3.016016
3.009261
3.008655
3.012052
3.007695
5.015709
3.004078
13.014390
3.008249
3.003973
3.017852
3.006136
4.000928
32.006296
3.007821
3.024146
3.019006
2.014389
7.011171
3.016074
17.009445
3.009147
3.012811
3.005145
2.010241
3.006257
3.019758
3.014609
18.020838
8.020886
3.031057
3.014623
3.003958
10.019123
3.017510
27.017808
3.005285
3.046853
3.010145
17.016690
3.011239
3.043705
3.020637
3.009641
14.018820
14.014303
4.009921
7.015920
8.013503
4.042165
4.028820
4.032649
4.015776
4.019346
4.012251
4.040692
4.056297
4.016573
5.004642
8.033600
4.005656
3.003858
5.008461
3.024882
17.013764
7.028195
3.017426
15.023598
3.010793
7.022208
3.012611
3.014396
3.005365
2.009213
3.014441
3.013729
3.004778
13.000928
9.026823
3.019306
3.006637
3.012651
3.007729
15.026692
3.006897
10.008921
3.012465
37.000928
3.010241
3.022487
3.012377
23.010081
11.008681
3.014118
7.032216
3.008609
3.012591
3.017334
18.013201
3.034086
3.004945
3.019482
3.015908
5.006903
3.020582
8.000928
3.009541
3.015050
3.041949
3.014369
12.037839
3.012253
3.015668
3.012437
2.009667
3.007835
3.015253
3.009121
3.021304
18.009833
3.005365
3.021488
3.000928
12.018038
3.010805
3.007362
3.010945
17.015056
3.012105
3.014114
3.008341
8.018787
4.016946
3.019478
3.019140
3.027866
3.013587
17.000928
7.016167
3.013143
5.030787
3.004092
27.000928
7.035288
3.005470
12.026534
3.008049
3.006643
3.011551
3.000928
4.019446
6.010073
3.006696
7.010753
3.007237
3.017280
3.008523
8.006556
3.018300
3.008355
3.013737
3.006377
12.018666
3.028041
3.009667
3.016528
5.014635
3.009033
2.017714
3.011413
3.013117
3.008141
2.006577
3.015642
3.012537
3.018186
27.010267
3.005045
3.022474
3.017706
3.007949
4.018200
3.005018
3.008389
3.012412
3.019418
3.000928
3.017158
7.016747
3.012011
3.000928
3.012209
3.011248
3.010499
3.011953
30.015542
3.009959
13.010513
14.018466
3.000928
3.010387
3.021876
3.005145
8.002266
3.010959
3.007989
3.021239
3.017960
27.006795
3.011513
3.009719
3.015562
17.018162
3.008921
3.027223
3.022597
15.018952
3.000928
10.019784
3.023066
2.023954
3.004012
3.009313
3.023736
5.012271
3.006889
12.026076
29.010529
3.004965
3.021158
3.009441
15.027627
3.006316
2.014027
3.002366
3.020104
3.011685
7.017106
3.006797
3.023589
3.006636
2.013823
7.026616
3.012025
5.032743
3.011842
9.000928
66.007142
3.012731
3.009693
22.008449
3.008675
3.019892
3.011973
12.012651
3.000928
3.010951
3.014815
3.006537
4.000928
9.018466
4.000928
7.038035
3.025208
3.015145
15.023624
3.016774
3.018258
3.033862
7.014469
3.009661
10.053171
3.012457
2.012045
3.005665
3.011339
3.014789
12.009321
3.008435
3.011499
3.009639
7.009401
3.009147
3.024800
3.016768
30.019384
3.006516
35.015553
3.017954
33.000928
3.029122
3.005470
3.026287
3.004738
3.000928
23.005651
3.012243
3.014696
3.019892
2.018154
3.009501
3.026679
3.010313
7.021196
7.018699
3.005805
26.010817
3.018586
3.012377
2.007177
3.008021
3.011419
3.018626
10.008855
3.000928
2.030619
3.006797
3.028863
3.000928
53.002566
9.016908
3.008375
3.000928
3.004078
3.000928
3.009861
8.016442
7.021564
3.022035
8.000928
4.002706
3.007428
3.013789
3.016093
3.013369
2.019008
3.010293
3.020038
3.009567
5.032676
3.016987
7.009247
3.015702
3.011045
3.006336
5.020649
3.007942
15.010173
3.012206
10.025396
3.011133
5.028151
3.018412
2.007475
3.006829
3.018272
3.011571
30.014787
3.011279
5.013397
3.008495
2.022210
3.008715
3.014962
3.023171
15.017460
3.006596
13.011085
4.020380
8.000928
3.012103
3.016720
3.007096
12.009381
3.009421
3.028257
3.007168
2.009101
3.008109
3.010153
3.006316
10.014515
3.011165
12.015256
3.006011
3.012671
3.006296
23.000928
2.012719
3.012691
3.010205
1.008129
3.016706
3.012771
58.000928
7.034306
3.014303
3.020718
5.008928
3.005725
2.016449
3.000928
3.024702
3.013983
2.010833
3.008169
3.018744
3.007149
7.031957
3.007017
3.011719
3.006616
5.040277
3.018048
2.014276
3.018966
3.025996
3.012219
17.008029
3.000928
3.015493
3.005685
5.020798
3.006590
17.000928
3.000928
3.011459
3.016093
8.016602
3.009501
8.010029
3.014661
3.013171
2.008529
3.006756
3.025833
3.008263
17.010841
3.005185
3.027519
3.015710
12.005085
3.003732
3.010167
3.024095
23.009601
7.044704
3.011491
3.017580
18.019160
4.000928
4.019320
3.012985
3.021612
3.012437
3.006737
22.008985
7.036973
3.005796
2.009521
7.012557
3.016594
15.033521
3.016709
3.018272
6.013135
3.011333
17.028944
3.009247
3.031023
3.006636
7.016242
3.009607
3.015508
3.013033
7.019286
3.004138
3.005450
3.006817
2.008349
7.029348
3.006356
12.016854
3.009961
3.041632
3.011013
10.033568
3.004438
5.005477
3.014974
10.044831
3.009241
5.010625
3.016902
7.025221
3.008635
3.021270
3.004178
5.025283
3.011413
12.015722
3.008149
3.019882
3.004618
5.027653
3.011091
32.021631
3.006937
3.026981
3.011019
5.009793
3.009607
12.024074
8.019480
3.015095
3.008075
62.021682
3.003878
3.014170
3.007408
5.008495
3.004678
5.016421
3.015761
2.018544
3.004072
3.027857
3.014542
2.026607
3.018730
3.030849
3.009901
7.010633
3.006497
3.009993
3.015275
7.019212
3.006917
3.018386
3.000928
12.022880
7.026276
3.005631
12.009341
3.008029
3.011179
3.005338
2.026883
3.005290
3.015746
3.013079
8.009661
3.006508
7.018912
4.003738
4.032247
4.021784
4.041437
4.014064
4.043539
4.022276
4.007134
4.024534
4.018307
4.014892
4.026998
4.029600
4.005090
4.013889
4.014963
4.046263
4.013071
4.013783
3.012305
37.046013
3.019158
3.015941
3.005505
10.005750
3.000928
8.000928
4.023020
4.000928
3.008169
3.005405
3.036742
3.009733
7.019204
3.020844
3.011107
11.006997
7.015668
3.006622
12.011529
3.009227
3.010247
3.015696
5.026437
3.014670
17.006556
3.012446
3.017464
3.019978
25.011465
3.008361
10.021916
3.025471
22.024548
3.008449
3.017700
3.008481
3.005098
9.011991
7.013183
3.009807
3.025049
2.000928
3.011503
3.005790
3.014169
10.020992
3.020498
2.012377
3.006997
3.009987
3.006676
7.007077
3.006877
3.020310
3.014265
10.019916
3.004858
3.000928
3.011645
3.014656
3.013023
3.004578
20.010039
3.006928
7.015141
3.005605
3.020916
3.020470
12.020859
3.007443
3.023955
3.009153
17.014990
3.016196
3.020433
3.009481
12.006682
3.015007
3.013503
3.004978
8.014448
3.007903
3.012145
3.020024
3.015481
8.009455
3.000928
7.006563
3.016262
10.036294
3.013203
7.041411
7.012983
3.021816
12.015526
3.024143
3.010999
3.004578
2.005505
3.019467
3.040679
3.015215
2.029525
3.015341
3.016322
3.000928
13.000928
3.011119
3.009797
3.014608
3.009599
35.009713
3.012929
