2.094563
4.035547
18.000928
19.000928
7.019014
14.035399
17.011705
2.040254
13.000928
7.034351
2.078141
6.020842
2.062323
6.037975
3.003808
7.028066
9.025095
5.004132
6.006702
4.028894
2.079915
6.015829
2.064528
2.010301
8.043382
2.078178
3.024102
7.013695
2.081642
46.028956
2.072571
7.007296
28.041002
16.040630
30.004112
2.030088
2.068411
2.027518
15.014625
9.043313
2.025794
4.028877
5.063372
12.033821
2.066344
3.026572
12.012037
2.054603
6.017980
6.009467
2.023263
2.077592
2.059646
2.023380
5.017379
2.074907
4.014869
9.003912
6.036343
7.012872
2.038466
10.017192
5.023830
2.029757
9.017860
8.010979
2.031289
6.008993
2.065841
2.060280
8.030291
19.042557
14.046249
2.077744
3.021507
5.010261
6.033343
9.019158
2.105905
11.019079
4.037374
2.076444
13.035718
7.011971
2.091016
6.021100
2.083727
6.037879
4.036070
2.085333
4.008049
2.065272
8.010513
2.045068
4.002220
6.032243
2.053973
2.044115
8.048614
9.025374
9.017272
11.040648
7.016308
14.009227
2.060210
11.007935
2.046640
4.009147
2.039116
2.019060
2.015415
2.040680
2.081442
3.027198
8.018135
11.023050
8.012325
4.027860
8.003572
3.007503
2.065803
3.034647
2.102778
7.022816
4.011713
3.011951
2.063138
2.080679
9.000928
2.031037
11.015230
9.004032
13.007237
6.022170
3.019649
10.003852
5.007062
2.071582
6.039277
6.006677
2.092192
2.048979
3.023802
5.010733
22.011885
3.039153
2.072783
6.020030
2.072421
12.019926
6.004965
6.006688
2.068902
2.040546
2.077744
2.034274
2.109674
7.010591
2.027548
2.057351
12.053401
4.068056
7.035855
2.077818
3.014829
2.089020
3.008009
5.009653
2.062164
1.039761
6.020346
2.048612
2.086222
3.039880
5.011905
2.039933
2.069635
6.017574
10.016242
3.041442
2.089619
12.016647
3.057196
2.050445
7.031707
4.034535
7.031321
9.012997
2.074774
3.006196
3.009421
2.082058
7.019811
2.018266
2.078816
7.021488
13.008701
2.075101
2.009647
2.029229
5.040167
6.056891
8.014303
5.004571
2.129600
12.006617
3.009420
2.096628
2.063856
3.013609
5.012605
2.017037
6.009500
6.032601
2.075544
6.037047
2.088694
3.026414
13.004663
3.043810
2.080678
9.000928
2.003592
2.083812
5.034064
6.036770
7.027356
2.061795
2.028632
2.081163
10.018026
2.091539
16.034691
2.060694
3.014949
2.046228
2.075705
11.056339
2.054280
6.021084
6.032613
4.031255
12.009567
2.040988
6.022902
19.012031
2.068759
2.024274
3.002566
2.015090
16.011299
2.009427
2.033213
2.063497
7.034810
3.020380
5.024594
17.011205
2.035344
6.017180
6.021650
4.023429
4.027391
2.093444
2.090686
3.025838
2.042896
2.015569
4.008657
6.018095
2.070990
11.025007
2.073263
12.007103
2.056307
15.019014
2.017646
2.020706
5.048886
6.014463
8.011673
9.006887
11.008201
2.044978
8.068829
4.060829
2.023051
2.083961
11.057523
19.048972
9.040562
2.092874
2.028743
5.015529
2.037721
2.074533
3.022217
7.052331
6.031581
4.031855
14.003592
2.074944
2.078741
1.055916
6.024014
16.003592
10.038071
2.069411
4.012485
6.016511
2.078772
2.022378
15.024388
22.006543
2.081272
16.022528
2.017535
7.015090
2.091390
5.023735
2.085693
8.028642
2.035629
3.019487
8.013531
10.011265
7.012705
12.034929
10.029715
8.042555
9.011811
6.053553
10.021976
7.029965
3.038463
3.023212
4.011213
3.009721
4.002360
4.002660
4.010613
3.019167
2.052528
4.044330
3.019274
12.008363
2.059784
3.009221
3.002700
2.035204
6.002760
6.014929
3.006677
2.033678
2.086700
3.028928
12.038769
9.029554
10.006957
6.037730
2.022860
3.018339
2.051993
4.017054
2.060131
2.075820
11.057121
2.019996
8.037187
6.028769
4.026478
2.095255
2.079306
4.003952
2.052608
17.003572
5.035907
2.082264
2.027270
4.043368
6.012865
3.012511
7.036529
2.082996
7.012345
5.017534
27.007342
2.069728
4.010913
5.012925
7.030050
4.016262
9.035309
14.014563
2.110795
10.036435
2.018645
13.000928
6.017493
6.058259
5.000928
2.028771
2.073367
6.010839
2.018306
3.000928
3.000928
2.037381
2.022508
11.049953
2.068143
2.034964
6.033467
3.028236
2.090555
2.024923
6.020218
4.044724
2.048047
7.017910
13.024462
2.058465
2.027659
10.000928
8.004383
2.031942
10.042047
2.073174
2.042779
4.037918
16.003772
2.049217
3.009507
2.003672
2.029011
2.085476
6.004387
2.100384
10.017687
9.019152
16.007609
7.015029
2.081161
13.051128
18.004132
3.055665
7.006417
3.002520
2.078014
2.066027
13.015339
2.108821
2.044585
11.043209
2.079867
3.030049
4.024528
14.008918
7.047825
2.060086
2.026293
13.008281
4.062163
2.067640
6.005090
2.033769
3.016422
2.053514
2.021188
6.011797
2.020261
3.027478
7.016759
2.012335
2.022668
2.071230
2.011793
7.041251
2.084490
2.024542
13.028544
4.043489
2.076414
8.005524
4.031175
4.008069
2.061936
2.014564
6.034349
10.023358
2.070074
10.047447
2.035619
6.019701
4.042866
2.028722
6.047910
9.021162
7.015841
3.040071
13.008940
2.089744
10.018066
19.038593
2.086957
4.008109
11.014010
2.081817
18.007043
2.035783
3.015676
30.016701
2.059619
2.018219
10.002220
2.089616
2.058925
2.007828
2.067486
7.031709
4.044186
2.096483
3.014009
2.064546
2.021750
2.018280
6.045957
3.008709
16.002380
9.031484
4.020994
5.043438
7.012611
2.083013
6.039951
2.087999
5.004132
10.033110
2.078843
8.024046
2.052447
2.084004
2.019506
2.065120
17.029807
13.000928
2.074543
3.010357
8.002480
2.043624
3.013137
15.036882
6.029819
9.027096
10.000928
21.039617
4.016487
6.029639
10.018160
2.033481
2.068340
3.004012
6.048650
6.075251
4.013437
2.094265
14.019522
2.036297
7.015007
11.004012
2.033851
2.057112
13.025774
10.003692
2.074245
2.090367
12.003852
2.048371
5.024592
2.071832
2.053776
3.025034
2.072050
2.043936
7.039844
8.048887
9.033602
2.058248
18.006837
2.076054
2.026439
6.009673
2.062578
7.030297
8.026693
2.069191
2.055487
6.011293
4.019080
2.052570
20.021119
2.076635
7.002540
6.032268
6.003872
2.096707
11.016682
5.011453
3.012085
2.102343
2.027736
17.022229
6.020838
4.007917
2.013641
3.011139
2.011693
6.020529
2.065010
2.019258
6.029210
3.050594
3.021824
18.021702
12.003692
7.015519
13.013941
2.066759
3.005165
5.057261
6.011179
11.016001
2.035026
2.078153
22.011492
4.028662
2.026172
5.008008
2.086751
4.008881
11.005710
2.080426
8.031455
2.054863
2.075268
2.055705
8.028630
4.027917
2.058676
7.005584
4.028285
10.009821
9.028816
2.088064
2.064986
7.012065
2.015213
2.013657
7.035098
7.011171
2.013051
4.018661
14.017827
3.024888
17.003812
16.037053
9.050216
2.047019
2.062739
2.084344
6.033445
3.031281
11.057238
4.040850
7.014935
6.014989
2.051771
6.028005
9.052092
5.003672
2.003592
2.065074
7.055343
12.038851
2.020831
2.041500
2.075525
3.011253
16.015810
7.004092
2.051869
6.014245
3.004052
2.068685
9.014975
2.069445
6.054532
11.004483
2.051930
2.080970
12.024818
6.004072
3.004905
2.044298
2.072522
7.003552
6.006823
6.027625
24.023368
4.013341
2.078303
8.043354
4.017633
2.037383
4.023042
2.036726
6.016719
17.016613
2.013649
2.063724
2.039135
6.017347
2.038498
17.014935
2.039134
6.050739
2.023414
3.011453
4.035533
12.010447
2.082182
6.031133
11.040277
35.020640
11.016854
2.044030
2.061052
2.022183
7.033593
5.012045
2.024336
8.019464
6.021910
4.032103
8.004442
2.075708
14.003532
3.021585
8.034014
2.104464
2.080350
8.032586
6.009201
8.029312
6.040642
2.059204
2.036107
15.026600
12.018768
2.010247
4.003632
2.006888
5.012715
2.081728
2.071670
12.004662
5.037463
3.047628
5.003712
2.059584
2.027965
2.024496
8.029949
12.007707
2.033962
2.026584
8.008329
3.080170
22.005670
6.015821
4.017293
7.029348
2.069338
2.019106
9.015542
5.010433
2.111661
14.022884
2.069410
2.041139
8.046965
2.047169
6.041135
2.082326
4.015109
2.023762
6.003812
6.018097
12.009821
2.024224
2.023176
18.015130
12.003592
6.005005
6.040303
2.030309
27.014103
2.020904
5.008648
2.028657
6.027981
2.037090
6.021030
6.023872
5.019964
3.065567
5.000928
3.013371
9.020998
4.017773
12.034881
9.027918
2.053709
6.019340
8.003652
5.034001
7.008749
6.013031
6.030993
12.020770
2.040912
5.003532
5.047530
4.026234
3.014057
10.030619
2.032762
11.037767
13.011585
12.012245
4.006356
4.082346
2.098015
4.031635
2.041592
3.008523
2.117492
2.066394
6.021928
6.039614
9.008154
19.059609
9.003532
2.106713
2.032370
3.015169
13.004503
2.063203
2.016182
2.053875
2.035100
4.011113
2.008028
5.015035
9.006636
2.030799
2.081551
6.058345
2.086302
2.072959
8.051818
2.005685
7.007057
5.007889
2.104216
2.080723
6.008713
2.016189
3.021748
2.049969
7.011173
2.065657
10.031027
2.108104
2.043645
6.042955
2.032219
6.020743
9.019542
2.022997
2.024360
2.028531
2.022130
4.051194
3.079469
2.055928
3.003772
6.029779
11.036510
7.030958
4.010247
2.062193
2.044608
14.018211
2.024521
6.046049
2.078444
8.012191
2.011273
3.047781
2.017208
11.009367
3.022759
2.013211
22.027204
11.013765
