4.005717
3.000928
3.005510
3.000928
96.000928
3.007562
4.006722
4.018220
4.005990
4.005550
4.036926
4.010419
4.014475
4.005950
4.007108
4.036387
4.033374
4.031154
4.007142
4.035448
4.032797
4.047836
4.007042
4.044562
4.008368
4.043506
4.011039
4.007082
4.005890
4.046703
4.005716
4.013519
4.012551
4.012677
4.005370
4.007947
4.051692
4.011479
4.008955
4.038852
4.051393
4.009546
4.037668
4.005490
4.005810
4.034372
4.005430
4.012551
4.036194
4.032352
4.006343
4.005090
4.007562
4.002220
4.024188
4.030609
4.007262
4.013931
4.016943
4.030394
4.027426
4.014849
4.034589
4.007562
4.008541
4.038982
4.022236
4.007188
4.008175
4.007822
4.008321
4.031909
4.023710
4.008614
4.028404
4.031090
4.045043
4.008195
4.030613
4.005191
4.023096
4.014553
4.010399
4.008726
4.022942
4.002220
4.005770
4.008175
4.037378
4.006868
4.011119
4.012985
4.005870
4.009687
4.008367
4.005530
4.031689
4.007668
4.006291
4.010480
4.044151
4.007523
4.023608
4.005230
4.002220
36.000928
7.007102
4.008207
4.039200
4.006822
4.002220
4.026999
4.008375
4.007502
4.019384
4.008648
4.025870
4.006070
4.007228
4.005991
4.007561
9.011501
4.034839
4.009000
4.019609
4.029150
4.007622
4.009888
4.019166
4.005510
4.005410
4.005110
4.039441
4.007602
4.007202
4.009108
4.008228
4.008494
4.006010
4.007582
4.010067
4.009887
4.003778
4.010127
4.007282
4.043492
4.005170
4.026501
4.050094
24.018971
4.006642
4.035935
4.015109
4.006050
4.007002
4.005510
4.028326
4.009853
4.038016
4.032363
4.007309
4.023204
4.055208
4.002220
4.015289
4.015817
5.015481
3.024108
4.008288
4.037466
4.006090
4.016087
4.007442
4.005170
4.033824
4.039025
4.049588
4.051079
4.037562
4.011059
4.032918
4.049010
4.006250
4.005910
4.036974
4.009121
4.005816
4.008055
4.002220
4.036466
9.012017
4.044122
4.007423
4.007928
4.008795
4.020206
4.010287
4.024525
4.008535
4.005470
4.021722
4.038664
4.006449
4.032913
4.010095
4.005610
4.007342
4.007948
4.020774
4.009507
4.014423
4.019958
4.042743
4.010280
4.047900
4.047043
4.009467
4.021871
4.006643
4.009308
4.009519
4.008121
4.008268
4.005350
4.037926
4.032375
4.006662
4.007103
4.007741
4.007482
4.007009
4.024450
4.005410
4.022806
4.022110
4.042346
4.028057
4.005870
4.006770
4.013665
4.034553
4.006843
4.010879
4.013964
4.027250
4.029831
4.009773
4.012971
4.002220
4.007702
4.039721
4.037112
4.008755
4.008173
4.007580
4.010799
4.034616
4.007023
4.023788
4.007288
4.040580
4.008375
4.008855
4.023738
4.009693
4.006740
4.005370
4.016387
4.008200
4.005911
4.034561
4.051475
4.011318
4.007749
4.006622
4.018446
4.022728
4.038461
4.009800
4.009846
4.005790
4.005370
4.030623
4.018581
4.007242
4.005850
4.004950
4.002220
5.004422
3.040619
4.011845
4.013713
4.032461
4.011439
4.005750
4.007808
4.005490
4.007542
4.039768
4.006110
4.005670
4.015209
4.031959
4.040509
4.006150
4.008460
4.011687
4.009534
4.028384
4.034987
4.015543
4.033401
4.009325
4.012657
4.005610
4.020224
4.050650
4.012303
4.008988
4.035198
4.030330
4.028636
4.009760
4.012991
4.013984
4.027523
4.006902
4.038059
4.036475
4.009875
4.023714
4.009768
4.008782
4.048982
4.006310
4.014483
4.005670
4.008435
4.010233
4.045234
4.008522
4.024867
4.033417
4.006782
4.008835
4.006423
4.043152
4.005950
4.008215
4.038969
4.007662
4.016640
4.030577
4.007602
4.005690
4.009787
4.005070
4.007623
4.028198
4.005610
4.054108
4.018490
5.004342
3.009181
4.038468
4.006210
4.007162
4.032650
4.025376
4.009028
4.034843
4.010660
4.029610
4.026088
4.020854
4.010466
4.005510
4.002220
4.018580
4.031142
4.006349
4.007323
4.034000
4.005870
4.009275
4.020664
4.013583
4.012957
10.000928
3.013231
4.042863
4.012291
4.009846
4.022742
4.009833
4.035647
4.037795
4.007722
4.008542
4.039928
4.019352
4.006070
4.048901
4.029157
4.006488
4.007442
4.006070
4.017290
4.051960
5.005794
3.033492
4.005430
4.002220
4.009485
4.005556
4.030312
4.022603
4.005690
4.040078
4.037015
4.005510
4.006975
4.034408
4.032832
4.007162
4.007409
4.002220
4.014199
4.031883
4.008168
4.041948
4.017234
4.009653
4.025008
4.011437
4.014571
4.022664
4.007462
4.007542
4.033352
4.009588
9.008855
4.007262
4.007122
4.019412
4.007308
4.011045
4.007541
4.023176
4.005270
4.005550
4.048609
4.044837
4.012226
4.029198
4.045512
4.007269
4.008355
4.008961
4.015471
4.008581
4.005410
4.035217
4.033533
4.019821
4.005270
4.030740
4.027607
4.044588
4.007602
4.007502
4.034515
4.006822
4.042458
4.002220
4.017381
4.028077
4.010293
4.005250
4.005770
4.009860
4.008435
10.000928
3.048542
4.030551
4.007602
4.007901
4.007806
4.007762
4.010107
4.007002
4.008927
4.022070
4.021444
4.028205
4.013491
4.007243
4.009575
4.035779
4.047307
4.010313
4.034215
4.006070
4.043666
4.048340
4.009648
4.013797
4.027394
4.007202
4.042904
4.017713
4.024511
4.008655
4.033821
4.013981
4.028196
4.007002
4.025087
4.012563
4.033503
4.005471
4.011320
4.002220
4.005950
4.007522
4.014069
4.035236
4.009247
4.039087
4.037264
4.013405
4.011203
4.009753
19.002220
4.005490
4.022488
4.019964
4.006570
4.030696
4.005310
4.048684
4.035907
4.006962
4.008568
4.007662
4.009868
4.031317
4.032363
4.028302
4.006589
4.021584
11.003852
7.034029
4.032783
4.025680
4.005630
4.005450
4.049304
4.008535
4.006450
4.005770
4.007168
4.006050
4.029928
4.021438
4.010200
4.005230
4.033058
4.008262
4.005190
4.006942
4.011079
4.010341
4.007682
4.038926
4.035004
4.036160
4.006782
6.004052
7.013499
4.002220
4.026750
9.014361
4.007722
4.043890
4.005410
4.028685
4.008820
4.032113
4.033716
4.007908
4.006862
4.006050
4.005850
4.029123
4.010427
4.014489
4.011557
4.005870
4.006870
4.019966
4.008695
4.005770
4.005630
4.014740
4.005790
4.023123
4.021174
4.005850
4.009180
4.005650
4.033835
4.008355
4.007122
4.002220
4.008115
4.047810
4.008021
4.006942
4.033970
4.010247
4.054887
4.033892
4.007642
4.009155
11.000928
7.012597
4.006350
4.007462
4.011720
4.011266
4.028490
4.038030
4.006963
4.011579
4.005710
4.007322
4.007662
4.009248
4.002220
4.013426
4.007302
4.036273
4.038005
5.004482
3.013043
4.005190
4.009848
4.015867
4.006902
4.006190
4.020004
4.033441
4.030558
4.037948
4.029038
4.032777
4.006090
4.008561
4.040898
4.007362
4.042384
4.011379
4.006010
4.012051
4.011153
4.005510
4.009148
4.016193
4.051446
4.025254
4.009682
4.018253
4.005370
4.011760
4.043390
4.046764
4.007501
4.018132
4.005510
4.005090
4.008455
4.008583
4.005810
4.033428
4.026486
4.005190
4.011167
4.011345
4.002220
4.026710
4.039814
4.008735
4.005630
4.009580
4.007988
4.043967
4.009533
4.036679
4.008321
4.006010
4.006762
4.006882
4.034060
4.007202
4.006051
4.018312
4.010026
4.015882
4.008622
4.005910
4.020438
4.009921
4.005390
4.006243
4.028774
4.021856
4.040818
4.012937
4.006816
4.007242
4.006234
4.011519
4.034687
4.006130
4.046852
4.042529
4.011779
4.016002
4.009941
4.015761
4.017027
4.007722
4.008555
4.007961
4.010300
4.005450
4.009208
4.005570
4.010267
4.006090
4.005310
4.005670
4.006050
4.014086
4.015701
4.007821
4.019436
4.012791
4.019679
4.008335
4.010501
4.014131
4.012691
4.005390
4.005710
4.011039
4.006642
4.047550
4.037474
4.038087
4.034975
4.021350
4.009775
4.010837
4.008915
4.041484
4.036119
4.007482
4.031532
4.024664
5.000928
3.016224
4.008508
4.006050
4.009328
4.008461
4.008282
4.006629
4.005610
4.009441
4.005210
4.019432
4.007382
4.008108
4.008602
4.026884
4.007322
4.015401
4.029285
4.007762
4.044173
4.005950
4.008761
4.021824
4.017731
4.021651
4.013811
4.007641
4.015107
4.007868
4.010327
4.005650
4.009519
4.006782
4.028188
4.010899
4.006030
4.048791
4.007801
4.013810
4.029277
4.002220
4.008267
4.010099
4.026505
4.046388
4.042568
4.005430
4.023642
5.003992
3.032624
4.022877
4.005670
4.008761
4.004058
4.021422
4.018105
4.005670
4.036929
4.005650
4.031084
4.006090
4.007062
4.056387
4.006942
4.005230
4.008008
4.014015
4.011179
4.025995
4.047526
4.005270
4.011359
4.025158
4.005690
4.009299
4.028063
4.032505
4.033501
4.007328
4.006070
4.006150
4.040291
4.029040
4.026333
4.040867
4.005390
4.009613
4.005970
4.005550
4.002220
4.027054
4.044791
4.008131
4.010951
4.022384
4.007762
4.007508
14.034943
4.014193
4.005190
4.011485
4.002220
4.024315
4.008341
4.019199
4.006808
4.008895
4.040077
4.014631
4.038942
4.006250
4.012186
4.009447
4.013797
4.005170
4.008120
4.007576
4.009573
4.005210
4.007482
3.005405
10.012671
4.034648
4.021762
4.035226
4.009908
4.041486
4.008368
4.007288
4.006310
4.013481
4.012777
4.008715
4.008268
4.007462
4.008522
4.018617
4.017533
4.008173
4.033063
4.011327
4.008182
4.022498
4.006290
4.005470
4.009159
4.007208
4.022356
4.013149
4.009148
4.005370
4.008128
4.008435
4.008955
4.033019
4.037776
4.014843
4.018487
4.012457
4.007288
4.005890
4.008908
4.008015
4.007262
4.005810
4.010113
4.006908
4.017107
4.008815
4.013391
4.023540
9.008888
4.002220
4.009979
4.010113
4.010221
4.011155
4.011025
4.008466
4.009133
4.006888
4.028293
