4.012921
8.009041
3.044862
4.027942
4.015141
4.012817
4.011311
4.014364
4.013623
4.011811
4.017373
4.016595
4.012771
4.021603
4.024270
4.015375
4.035654
4.009473
4.031171
4.019591
4.017806
4.027178
4.036703
4.016951
13.009121
22.013918
3.019932
3.045258
4.034658
4.022228
4.021156
4.006483
4.017640
4.011539
4.020810
4.023208
4.012697
4.023372
4.020345
4.008415
4.016887
4.042985
4.036384
4.012357
4.014395
4.017254
4.021190
4.036956
4.028770
4.020938
4.010939
4.009113
4.021265
4.027937
4.022872
4.009299
4.016728
4.023314
4.017919
4.015867
4.033560
4.019412
4.012157
4.031921
4.007803
4.016527
4.022488
4.025699
4.012603
4.015289
4.007823
4.025071
4.020736
4.021215
4.018786
4.008195
4.038163
4.027697
4.019464
4.009733
4.029517
4.037495
4.030703
4.026574
4.009667
4.037291
4.008795
4.029631
4.022834
4.015307
4.023102
4.023042
4.005350
4.014481
4.006703
4.014904
4.016968
4.023778
4.027626
4.015015
4.009327
4.004018
4.025640
4.024826
4.010625
4.006883
4.025907
4.015227
4.015176
4.007083
4.017986
4.021164
4.010899
4.006963
4.011079
4.013811
4.020560
4.020078
4.023031
4.034557
4.026477
4.014589
4.028191
4.025486
4.014934
4.020781
4.010739
4.015367
4.009991
4.021416
4.019636
4.021228
4.039529
4.034218
4.015495
4.014655
4.019858
4.033333
4.019486
4.017738
4.017367
4.026558
4.009273
4.011365
4.040618
4.018960
4.025549
4.015061
4.026719
4.019364
4.023144
4.017987
4.022856
4.030154
4.012251
4.012571
4.033568
4.022922
4.018305
4.016427
4.028986
4.031038
4.015573
4.017468
4.012837
4.010991
4.026170
4.014941
4.031253
4.028632
4.015813
4.023420
4.027877
4.029968
4.017631
4.009487
4.042238
4.006863
4.022588
4.018160
4.009859
4.011605
4.037717
4.023574
4.021902
4.011587
4.035519
4.008821
4.034457
4.010953
4.013903
4.033706
4.015407
4.022608
4.010233
4.028200
4.010999
4.042909
4.024134
4.020318
4.013123
4.022043
4.016921
4.018339
4.016221
4.019592
4.018035
4.037940
4.017940
4.023138
4.039580
4.032885
4.025660
4.033719
4.020655
4.031431
4.023814
4.016620
4.019992
4.014399
4.017927
4.023896
4.015401
4.015693
4.020704
4.031727
4.013389
4.012219
4.018086
4.023668
4.018518
4.009547
4.028425
4.032449
4.011379
4.004930
4.012097
4.023184
4.019072
4.017128
4.025786
4.038810
4.014583
4.017474
4.033213
4.013111
4.019272
4.022500
4.035563
4.015415
4.023725
4.017293
4.018936
4.014795
4.022097
4.015329
4.022596
4.028703
4.026193
4.009867
4.022488
4.025207
4.015195
4.039421
4.008335
4.019384
14.016397
4.032708
4.035592
4.030149
4.020056
4.019864
4.019386
4.012717
4.023538
4.030501
4.022306
4.008275
4.031961
4.012111
4.034923
4.031187
4.026346
4.012651
4.015340
4.012231
4.009407
4.024250
4.009379
4.027039
4.022682
4.006883
4.008866
4.025706
4.008275
4.009953
4.008195
4.011699
4.040883
4.024044
4.026590
4.006823
4.006603
4.034493
4.013817
4.021282
4.027458
4.016421
4.016549
4.028677
4.016505
4.025390
4.021732
4.010153
4.010739
4.015814
4.017068
4.014283
4.011399
4.015161
4.037764
4.012357
4.022236
4.024692
4.018652
4.031901
4.032439
4.018640
4.012551
4.014317
4.016962
4.022551
4.037733
4.015221
4.011717
4.003818
4.029816
4.009527
4.014263
4.031431
4.028301
4.007483
4.038179
4.023100
4.039271
4.038047
4.016301
4.020730
4.031903
4.043881
4.009707
4.015196
4.014424
4.011331
4.016940
4.005510
4.023328
4.008495
4.018386
4.027789
4.006723
4.010067
4.008559
4.008115
4.007743
4.015176
4.010919
4.012657
4.006823
4.041728
4.028982
4.019772
4.029103
4.019430
4.018132
4.036809
4.025138
4.008175
4.027005
4.016659
4.013849
4.012658
4.006643
4.023896
4.036595
4.009647
4.033232
4.005230
4.028317
4.013889
4.025466
4.012297
4.013889
4.008055
4.033680
4.014103
4.016585
4.018366
4.008035
4.008215
4.020712
4.035971
4.021922
4.016401
4.029004
4.025552
4.032847
4.031795
4.030042
4.018706
4.023402
4.025612
4.006582
4.009567
4.016341
4.015001
4.007003
4.045991
4.026081
4.012549
4.010507
4.018252
4.033360
4.014375
4.007203
4.017259
4.029056
4.025807
4.030206
4.016773
4.032417
4.008241
4.018046
4.024234
4.027406
4.025038
4.026338
4.008035
4.012371
4.018140
4.027770
4.012837
4.012697
4.013830
4.007975
4.021110
4.025140
4.021576
4.016673
4.026245
4.008195
4.029999
4.027977
4.018216
4.020066
4.031937
4.024388
4.022904
4.010399
17.006516
3.032075
4.005144
4.012005
8.010181
8.022810
4.023136
4.030144
4.009847
4.030695
4.023880
4.034454
4.011496
4.018607
4.016222
4.036815
4.016192
4.037535
4.008035
4.016628
4.018018
4.037789
4.023975
4.005870
4.020970
4.026405
4.024140
4.030369
4.031230
4.031079
4.012583
4.020917
4.030841
4.011165
4.024760
4.022362
4.014683
4.022102
4.018632
4.028209
4.028576
4.014021
4.023614
4.030669
4.030049
4.027594
4.032407
4.015841
4.018066
4.015356
4.013835
4.027266
4.040345
4.012617
4.021362
4.020508
4.024214
4.011511
4.020064
4.014023
4.028280
4.016608
4.018300
4.016728
4.016854
4.006928
4.019380
4.029382
4.035361
10.007447
3.041338
4.019869
4.028213
4.011739
4.016834
4.019284
4.022754
4.009673
4.026926
4.031436
4.014329
4.015861
4.028009
4.031767
4.016714
4.027931
4.023334
4.030786
4.009373
4.020284
4.006883
4.038794
4.022700
4.025984
4.016974
4.008175
4.026713
4.003878
4.006603
4.025826
4.029031
4.029554
4.008195
4.029043
4.018324
4.012703
4.037672
4.025114
4.024480
4.015395
4.010659
4.015914
4.021816
4.010268
4.008395
4.008255
4.025341
4.033327
4.033312
4.007842
4.010033
4.012937
4.012697
4.006875
4.014411
4.011319
4.023617
4.021262
4.021564
4.008355
4.015423
4.008461
4.005210
4.010499
4.012211
4.006843
4.026838
4.023940
4.010419
4.024174
4.007143
4.008455
4.013077
4.025185
4.009767
4.008812
4.027575
4.029068
4.008395
4.031244
4.009647
4.009821
4.016965
4.034585
4.019368
4.025633
4.015235
4.019438
4.006782
4.035717
4.020484
4.016914
4.010959
4.026261
4.038713
4.008275
4.013335
4.053896
4.040929
4.016127
4.027651
4.023258
4.025406
4.028097
4.016289
4.018562
4.029997
4.024614
4.015361
4.032700
4.010465
4.009207
4.015708
4.031249
4.017728
4.023980
4.023848
4.036477
4.008987
4.012331
4.026920
4.013157
4.017269
4.029243
4.020058
4.011499
4.021109
4.009727
4.008191
4.012509
4.018272
4.014901
4.016496
4.019784
4.018894
4.022055
4.016834
4.037483
4.020690
4.015295
4.016307
4.039443
4.034215
4.028368
4.024520
4.016600
4.022182
4.023056
4.037897
4.006763
4.009847
4.019898
4.024033
4.009673
4.010719
4.019669
4.020258
4.029526
4.007861
4.027068
4.024782
4.015641
4.008535
4.037631
4.017054
4.023162
4.021730
4.017560
4.011451
4.022470
4.018179
4.012917
4.032325
4.013789
4.032632
4.030229
4.017940
4.005150
4.015907
4.011339
4.040270
4.021616
4.005490
4.005210
4.022754
4.014615
4.022146
4.010739
4.009507
4.010793
4.009719
4.017568
4.013863
4.028634
4.022648
4.018628
4.022244
4.018619
4.023353
4.028730
4.020744
4.012383
4.043466
4.025344
4.029957
4.006751
4.020866
4.019042
4.040342
4.006423
4.011265
4.017780
4.011239
4.020057
4.006388
4.013009
4.014189
4.012331
4.008849
4.017100
4.007855
4.017688
4.013709
4.007675
4.018754
4.027075
4.012891
4.025915
4.031602
4.005031
4.006783
4.020424
4.020900
4.037520
4.026779
4.008321
4.012937
4.020130
4.024094
4.008695
4.023978
4.018458
4.023826
4.021692
4.024226
4.027683
4.016200
4.015616
4.033091
4.012053
4.012691
4.026146
4.011785
4.017532
4.013911
4.024274
4.014061
4.008315
4.027768
4.027336
4.014317
4.018062
4.012557
4.011291
4.014309
4.016527
4.006502
4.011911
14.020506
4.015028
4.012019
4.026534
4.031650
4.017426
4.022142
4.017708
4.019715
4.017019
4.037915
4.020784
4.008595
4.016381
4.009607
4.010693
4.020536
4.013544
4.012137
4.030142
4.018740
4.017091
4.015361
4.011227
4.015363
4.029149
4.019718
4.007628
4.030412
4.039036
4.023746
4.018532
4.021784
4.028567
4.020309
4.018288
4.018552
4.020850
4.011171
4.014214
4.035621
4.037773
4.010273
4.024783
4.009993
4.005570
4.018240
14.008028
4.017760
4.017620
4.023451
4.022216
4.009513
4.015223
4.024090
4.018386
4.026301
4.010727
4.018180
4.031527
4.016568
4.040314
4.015081
4.014323
4.016076
4.024052
4.023268
4.028331
4.017234
4.008035
4.013803
4.006908
4.011931
4.029067
4.021078
4.020922
4.027910
4.026573
4.021924
4.028278
4.024999
4.017685
4.019412
4.025683
4.016319
4.029836
4.031813
4.021104
14.007042
4.020944
4.009787
4.011425
4.023234
4.021810
4.025410
4.027325
4.027258
4.023915
4.019160
4.025046
4.017359
4.008661
4.012273
4.028935
4.016348
4.008381
4.011445
4.032456
4.012671
4.023780
4.012479
4.029376
4.011019
4.014544
4.025826
4.022172
4.013191
4.026587
4.012077
4.018848
4.027051
4.015779
4.028776
4.016393
4.014841
4.016706
4.027636
4.020311
4.017932
4.021338
4.008695
4.028529
4.013849
4.026878
4.038057
4.013984
4.014623
4.013495
4.023868
4.020644
4.022862
4.013249
4.027511
4.030309
4.030077
4.006862
4.023708
14.053491
4.029328
4.012697
4.012571
4.028236
4.013765
4.006589
4.019166
4.013123
4.038626
4.048036
4.035763
4.006943
4.022696
4.016587
4.010293
4.021024
4.015387
4.030421
4.015734
4.012531
4.022056
4.010707
4.032620
4.032820
4.006649
4.028335
4.034553
4.022475
4.023546
4.018180
4.021036
4.009973
4.015513
4.017966
4.018326
4.026259
4.024228
4.023628
4.012665
4.030775
4.020399
4.008215
4.035239
4.008221
4.016359
4.005190
4.025931
4.009747
4.009521
4.003798
4.029211
4.019792
4.010567
4.011379
4.012343
4.020844
4.026043
4.023504
4.023648
4.019446
4.032954
4.023690
4.031687
4.023494
4.015275
4.038073
4.023808
4.033011
4.028586
4.009667
4.028136
4.014104
4.012009
4.023931
4.015806
4.008041
4.013231
4.026584
4.005330
4.017685
4.007003
4.024344
4.021236
4.027225
4.027696
4.029699
4.018846
4.032261
4.011031
4.018679
4.013569
4.013605
4.025452
4.017621
4.011239
4.012637
4.032962
4.015016
4.008655
4.024028
4.022128
4.010573
4.023128
4.027350
4.021076
4.033976
4.018120
4.028938
4.038561
4.032125
4.015058
4.022014
16.032773
4.014989
7.028712
4.035223
4.012317
4.032433
4.013843
4.022456
4.040253
4.027762
4.019532
4.012451
4.019577
16.013771
7.017228
4.022170
4.015041
4.040614
4.019826
4.019252
4.016800
4.013623
4.022982
4.033046
4.028377
4.015464
4.030650
4.010113
4.008055
4.031335
4.014597
4.011017
4.014344
4.014388
4.017778
4.011079
4.022290
4.004991
4.038094
4.016315
4.011465
4.005710
4.016235
4.022828
4.011739
4.015216
4.027594
4.003718
4.007263
4.027436
4.012511
4.010821
4.031503
4.021278
4.020790
4.013649
4.023417
4.033680
4.022282
4.035919
4.018206
4.006909
4.018243
4.006443
4.012879
4.015313
4.028746
14.020272
4.023740
4.019112
4.021234
4.029461
4.026498
4.023804
4.015181
4.036616
4.008155
4.018903
4.037310
4.026016
4.037558
4.011279
4.013355
4.019309
4.011145
4.021330
4.035289
4.021824
4.021722
4.023071
4.019056
4.016785
4.019458
4.032055
4.011339
4.029963
4.010719
4.010559
3.005624
10.045297
4.035229
4.014289
4.011285
4.013209
4.037315
4.029826
4.023414
4.021390
4.010007
4.005670
4.022614
4.020416
4.024082
4.029451
4.025152
4.015373
4.018158
4.005436
4.015655
4.008541
4.024800
4.029781
4.012779
4.008475
4.028654
4.022968
4.014848
4.021002
4.033937
4.017784
4.018560
4.022676
24.013397
9.009707
4.013757
4.017154
4.033180
4.024446
4.007322
4.013610
4.009447
4.022082
4.011191
4.026958
4.011919
4.023501
4.020318
4.003858
9.013221
4.015857
4.019312
4.020018
4.019192
4.015127
4.029741
4.024812
4.028494
4.022230
14.053803
4.021060
4.031617
4.032221
3.005484
5.026461
4.015756
4.027346
4.027447
4.027765
4.024547
4.009467
4.015395
4.008455
4.030228
4.030884
4.013615
4.023310
4.005630
4.018807
14.014557
4.034536
4.018813
4.027253
4.012611
4.029703
4.011905
4.031055
4.013077
4.022881
4.028340
4.008355
4.021968
4.027019
4.022248
4.013903
4.017013
4.015162
4.032924
4.041523
4.025886
4.033131
4.021170
4.012931
4.029888
4.028971
4.009021
4.029529
4.016173
4.008761
4.010925
4.023094
4.016968
4.037159
4.021404
4.025720
4.020776
4.027224
4.019884
4.020376
4.015433
4.010719
4.006883
4.034687
