2.058350
6.012291
4.004052
2.035034
2.049113
3.006417
2.039429
2.063903
2.011693
2.028143
1.025815
2.049634
3.000928
3.006997
2.025779
2.033816
2.008749
2.024687
2.047713
5.007117
2.023924
2.038702
15.009601
2.063135
2.019247
2.022197
2.006437
2.080474
2.057527
11.005636
30.019798
6.007909
2.021870
11.018006
2.032198
5.006637
4.005605
10.014750
2.016308
6.019726
6.033946
2.043131
6.005230
2.041388
2.014433
2.078653
7.006983
2.081956
2.076145
3.019091
2.101494
2.081407
6.036243
2.073807
2.012132
2.052815
8.017168
6.025588
2.025981
2.003812
2.085335
3.012715
4.014950
6.017054
2.071812
2.040687
2.075794
1.009901
5.011259
4.019313
2.025814
2.056680
2.041882
2.078249
7.008269
2.102983
2.060989
2.056253
2.012051
11.020192
5.019890
2.023915
2.035966
2.011345
2.048350
3.011983
12.003738
2.046945
3.009993
16.010247
2.074829
6.023194
2.074344
2.030877
2.074845
2.026706
6.012411
2.018480
22.028634
2.015530
2.014705
2.047582
8.003592
3.012325
2.050437
2.077331
6.027465
2.025015
3.014709
2.044138
2.087212
2.019861
6.012492
3.009281
2.032027
2.036184
2.046563
2.026159
6.043626
2.072173
26.011761
2.040211
2.027813
2.072037
2.036926
6.044300
2.034136
2.021106
2.023696
3.003952
3.010201
2.099325
2.029811
2.025120
2.067213
14.009421
20.016448
7.006736
14.024999
2.008109
2.063217
7.009841
2.128727
2.042625
4.014606
8.007726
10.010881
7.012552
2.067186
2.039989
2.018225
2.073612
2.075012
2.041767
2.049884
2.048773
2.060991
7.015635
9.077002
2.054648
2.064953
2.010959
2.021950
8.011213
3.041929
2.045145
2.052100
2.031135
2.084690
3.014405
3.014251
2.013544
2.021510
6.008175
2.061311
3.009361
2.079261
2.014424
3.025945
2.024189
2.078268
17.019157
2.027359
6.003832
2.029571
10.038479
2.077367
6.032982
2.071297
2.043080
2.056350
26.015664
20.007017
2.096176
2.054979
2.021304
2.012617
2.012891
3.021144
4.016815
2.053166
1.017655
5.006823
5.000928
6.009513
2.062830
1.043813
7.009841
8.014243
2.069901
2.083742
2.018599
2.031469
13.006616
4.011645
8.026164
2.040980
2.077876
13.006478
2.100468
2.068530
2.022455
2.075222
2.041690
2.110600
2.033280
2.007749
2.033854
1.009427
14.015049
4.017238
10.011453
3.010081
4.015522
2.032685
10.033756
2.067423
2.014737
2.035012
7.008069
2.040530
7.021950
2.013725
2.017294
3.022510
2.023775
5.016401
2.046425
2.027696
6.015989
6.009461
2.043366
2.052026
6.015775
7.016602
2.026499
2.070257
3.012046
2.027468
2.017388
7.009721
4.018923
2.034225
2.027659
6.010573
2.025706
2.017622
2.019398
4.010147
1.036002
6.006797
2.016611
2.014203
9.009481
8.000928
6.012931
2.060257
2.013358
2.058139
10.022290
2.016676
11.016248
2.046500
2.021884
2.052482
6.028067
11.000928
2.011385
2.044407
2.012071
2.022543
2.083653
6.008715
4.038985
2.019630
3.019541
2.029795
2.018466
3.011233
2.021216
2.017706
2.013145
2.064584
7.087809
5.024965
6.045173
2.093963
11.026925
2.086825
2.042586
2.053909
3.000928
2.012511
2.074337
2.011099
2.033334
2.076925
2.069782
2.064411
6.011865
2.087621
3.013638
2.022251
2.018192
8.013738
3.022656
2.039559
2.086288
3.009561
2.020564
2.069461
2.018780
2.022824
6.003552
2.043835
3.000928
6.027639
2.016988
2.046029
2.073005
11.007617
11.016308
3.016521
2.038934
2.022508
1.049210
2.040837
2.010161
2.064566
12.044696
3.046544
2.052330
8.005164
4.011009
2.044767
2.047703
3.012266
6.006528
2.077790
6.018924
2.042656
3.010267
2.020745
2.013984
3.006417
2.047570
2.070993
2.047402
2.034539
7.008249
4.014649
4.023589
4.000928
3.030581
7.010011
2.012797
5.011379
2.034238
2.045229
2.024043
8.007197
9.004503
2.029829
1.013171
30.036946
2.045723
2.030601
4.009381
7.000928
2.031235
12.011433
2.026808
2.036836
6.019912
2.028579
3.009441
2.048498
2.038134
13.015149
2.029655
2.019490
41.012905
2.016711
11.009867
2.067787
12.004423
2.045157
3.009081
2.012316
2.030676
8.003972
2.021485
2.026057
16.014075
2.028153
4.011925
9.013631
3.009621
2.034284
2.044619
2.072112
2.029054
2.017762
2.003732
2.075760
12.030577
3.013671
6.010613
6.019543
2.035271
2.015665
2.022419
9.015510
6.014568
2.040117
16.012005
2.026899
8.014246
8.030975
5.022232
2.022570
2.013497
8.013475
3.003572
2.103724
2.072927
2.009821
2.057801
3.009881
3.021561
2.025280
2.016076
2.013517
2.053729
3.004333
4.024525
2.011719
2.041246
3.022211
8.004132
2.104497
2.065621
6.057293
2.081222
2.028482
2.083425
2.012781
4.011055
30.011393
2.028911
2.060734
2.037742
9.008069
4.010001
3.017627
14.008283
2.044755
5.021863
8.002240
11.000928
11.013898
6.037527
2.046771
2.022230
2.021325
3.018026
3.009261
2.058359
2.054270
3.029845
2.058618
2.032968
3.004112
2.065034
2.027451
11.029724
2.069434
4.009801
3.011253
2.084876
2.086025
2.052716
2.094397
3.023700
3.009781
2.075585
2.052027
2.018934
6.000928
2.016568
2.068606
6.085712
2.065318
1.015297
6.012195
2.023569
2.080209
17.012345
10.022503
6.033837
14.010133
2.031607
3.004072
2.065289
2.016765
2.015029
2.084031
3.014570
3.021364
2.023266
2.068974
2.011777
2.038984
8.006697
6.005110
2.026188
3.018541
2.041002
2.061185
2.026692
2.080645
3.017574
2.010181
2.076168
7.033727
5.021717
2.000928
2.061169
8.015521
6.030219
2.021598
2.027238
2.065105
7.003833
4.017660
4.012239
2.041800
2.055446
2.015941
2.022648
2.009901
8.020779
10.047699
9.012451
2.098203
2.071985
2.047465
2.039500
2.015877
2.062959
2.043331
6.030882
2.024667
2.025455
2.042539
1.011933
5.020390
2.051461
2.014201
6.009787
2.021031
3.011483
2.091519
2.033811
7.000928
2.080457
3.007889
6.022222
2.020465
6.009527
2.029843
2.030296
2.006683
3.024229
2.019299
2.035729
17.003592
10.015523
6.036832
2.030376
2.042126
2.081905
7.030258
4.016482
5.012972
6.017794
2.062584
2.022036
2.028963
3.009701
11.028481
2.062988
2.046229
2.030849
3.000928
6.003658
2.037042
11.024349
7.005636
11.052886
2.062943
6.014909
2.054216
2.034607
2.067840
2.020799
5.000928
2.013313
2.081070
9.009341
2.003532
2.059208
2.068944
2.003266
2.057947
2.033226
2.035772
2.066455
2.060537
2.062147
12.013978
2.021570
2.053822
2.030888
2.022074
3.009521
3.010101
2.069299
2.020472
6.008007
2.041301
2.009441
2.035390
12.041092
2.045455
2.043641
6.030391
2.077101
2.015343
2.015875
1.019205
5.027069
2.024655
2.035304
2.059129
2.018840
7.022246
2.060597
2.030316
3.003652
2.096128
2.034362
2.016248
2.038982
6.015716
2.020118
7.031493
5.020038
2.039877
2.039347
7.018120
5.017120
2.081661
2.034772
3.007097
11.009827
2.027883
2.017516
2.037496
7.017268
18.008389
25.015043
2.057206
2.027407
3.010201
2.094658
2.047668
3.020605
2.078049
2.067369
3.025092
2.065632
2.055595
3.018067
2.072078
2.067135
6.017608
2.013772
2.026052
2.057816
3.020318
11.051997
2.040601
3.013205
2.017966
2.083141
6.019491
2.027599
2.015290
2.081328
9.005685
14.006517
3.003552
2.019286
2.084920
3.002760
2.018294
2.093307
9.003632
3.000928
2.027677
2.085146
4.004965
16.002600
6.014996
3.006583
2.053580
2.019753
2.012719
2.023815
13.021483
11.027886
2.054594
2.027885
2.014751
2.013193
9.003592
2.103015
2.018350
2.023206
2.052024
7.034700
2.020912
2.066348
2.020812
2.022523
8.006517
3.023785
2.029160
2.021211
2.010913
2.073796
7.023068
3.018137
9.019424
29.011017
6.050766
2.013346
2.026579
2.012901
2.098477
2.071371
2.009401
2.072304
5.024981
11.033314
2.095315
2.025168
2.013438
2.085574
13.010731
3.011379
2.053768
2.011093
2.015907
9.009601
2.047499
3.018426
6.045164
2.030629
3.015521
2.026638
2.019098
6.016189
2.078450
11.012105
2.061180
3.015589
2.099435
2.045127
6.018021
2.062485
6.015608
2.077992
2.000928
2.023749
2.056905
15.009659
7.027472
6.010599
6.019876
2.030087
3.019021
2.049555
2.026759
6.006622
2.024297
2.032131
2.064023
6.017398
6.022284
2.002220
2.031588
3.012305
2.023556
2.068995
6.006877
5.018172
2.038980
2.057193
3.009781
2.025187
2.086717
2.015010
2.039861
2.016813
2.025759
10.017874
20.010091
4.009481
2.092435
2.023849
6.014682
2.060749
11.006762
2.027311
3.000928
2.065562
2.073845
2.046909
2.071308
3.003732
2.030154
2.075459
17.019536
2.027385
2.036856
6.035231
2.061025
3.009341
2.040785
2.071632
2.023164
2.085045
16.007763
6.000928
4.006917
6.011753
2.080991
6.016819
5.019210
4.024103
11.010210
4.018946
6.041909
2.068370
2.019104
2.036706
10.026166
20.043560
2.036356
3.012085
6.010999
2.085659
3.003792
2.026779
2.020619
6.011945
2.062156
7.000928
2.075334
10.029524
2.082154
3.009021
2.114897
2.059571
3.003992
2.036166
2.076620
2.050885
2.070864
6.012551
9.008141
6.003932
3.013841
2.042911
2.024443
4.011165
2.023609
2.085872
2.045686
4.042755
2.109153
2.060708
2.028297
2.049825
12.016614
2.070010
2.066577
3.003752
2.071322
2.056838
2.033467
2.075784
8.010519
2.019932
2.026291
8.008120
11.013437
2.059189
11.029127
10.015177
5.013424
2.074332
2.033855
2.087128
2.036164
7.009693
2.044929
2.030961
6.006963
2.072547
3.009441
2.039972
2.056316
2.011087
2.085609
7.037448
2.040765
2.064258
2.030560
2.045259
3.008249
8.000928
2.058367
2.087082
7.008823
2.015736
3.008189
14.007257
4.019572
2.035254
2.091900
14.020625
22.023168
2.109649
2.042899
6.033180
2.020944
6.012511
2.018398
3.009901
2.085357
2.011778
6.028789
2.039403
2.015083
2.077610
3.011539
3.011865
2.066458
2.074668
6.012405
2.076211
2.015728
2.075768
3.011293
2.024495
2.068340
2.010993
2.040399
2.016794
11.026107
2.037530
6.015615
2.047818
2.010393
2.054143
3.021379
6.030895
2.076462
2.008109
2.083746
3.008929
8.012855
2.096261
2.088242
6.003678
2.069151
2.067045
2.076865
7.037784
2.094684
2.053672
6.010047
2.082277
11.011825
2.028219
6.027393
7.011451
6.012791
2.075660
2.015010
2.065979
3.017809
2.009481
18.022096
2.075783
2.011279
2.079631
2.057784
2.047365
2.084786
3.006937
2.056793
2.075319
2.007701
2.058240
12.003812
2.090714
2.056765
3.012439
4.023828
2.043372
2.039840
6.027107
6.009921
4.009381
2.036517
2.071774
2.010773
11.009621
7.007183
9.036412
2.028405
2.008129
2.035187
2.034268
2.036644
2.045787
11.000928
11.020796
2.020220
2.092016
3.007169
2.013737
2.067504
20.033519
11.060501
2.057581
2.056483
2.019646
2.073027
7.014910
2.036264
2.081382
3.010181
2.044771
2.047161
2.016279
2.024267
6.024850
10.009155
8.005065
2.018140
2.014071
9.011227
2.025655
2.053116
3.022904
2.044130
2.093338
6.009167
2.043769
2.048057
2.032654
3.015730
2.013858
2.043419
2.006410
2.053044
2.029782
3.009901
2.096258
2.078800
3.004132
2.093973
7.020730
2.008049
6.012563
12.000928
2.078318
