5.002066
4.011479
3.010067
3.008289
3.021029
3.010933
12.005345
3.016368
3.014891
3.010999
67.009727
8.015972
3.034510
4.016941
3.006308
3.014743
4.005370
2.006603
3.033781
3.005205
17.010159
12.012357
4.028940
3.015290
13.004944
4.012251
7.002240
3.041550
3.013723
13.024845
4.014566
3.010327
3.002840
3.017720
3.010021
17.033991
3.019286
3.012431
3.010321
30.021804
3.012825
17.017070
3.009401
3.031839
3.021097
18.026130
12.000928
3.025199
3.015309
3.003612
4.009947
4.011333
3.009741
3.003752
3.021228
3.013958
26.035625
3.024313
3.009621
17.015824
3.025815
3.016067
3.010041
8.002166
59.002346
4.004278
9.013703
3.031455
4.020484
4.023144
5.011699
18.022910
19.015350
8.000928
3.042767
3.015667
3.014629
4.002640
3.012911
3.008295
3.023828
3.015381
12.018074
18.000928
3.023628
3.006145
1.016718
3.034497
3.019184
17.008549
3.000928
3.025453
3.012191
12.022968
3.009281
3.034199
3.017682
42.015595
3.019052
3.046829
3.018374
8.000928
4.014557
3.010241
3.013145
3.034405
3.010477
2.029051
4.025074
8.012063
3.017848
3.010027
11.005430
3.027505
3.021931
7.034445
3.010101
3.024841
3.011153
22.012431
3.011393
3.032565
3.010601
27.033256
9.018612
3.009807
3.027313
3.007037
11.020693
3.019564
3.013343
28.000928
3.009387
3.000928
3.028216
14.016385
3.013423
7.011379
3.009461
3.018059
3.025505
17.019718
3.005025
3.035769
3.010301
18.000928
7.016762
3.040628
3.011333
6.020010
3.028305
3.009781
7.023574
3.010467
3.032967
3.018874
2.039966
8.009787
3.027275
3.011965
3.017534
3.017417
3.000928
3.048151
3.024620
43.003612
3.008275
3.018694
3.025871
3.013757
12.018906
3.003732
3.019191
3.013743
3.000928
3.010113
3.003972
3.016250
3.009119
7.016147
13.000928
3.026634
3.018333
27.017554
7.017587
3.019206
12.008429
3.013411
3.012343
3.011353
12.024420
23.026835
4.000928
4.000928
3.065593
3.044888
3.029863
29.004653
3.036764
4.009381
7.012531
3.034839
3.000928
18.005205
13.011393
3.017786
3.019512
7.029951
3.019466
3.017139
3.020320
12.026338
7.015661
3.013145
22.021616
3.016187
3.054288
3.005265
17.020383
3.000928
3.014283
3.018550
37.008355
3.009951
3.039986
3.025992
22.040214
3.002700
3.044615
3.017780
6.033079
3.012643
3.010201
3.017566
3.009921
3.009801
3.036504
9.040399
3.020000
7.018314
3.011047
3.027665
3.024051
3.035492
3.012309
3.006677
3.036474
3.018964
3.016289
12.002380
3.026213
3.021183
17.037926
49.025687
3.000928
3.019224
3.010001
2.016148
3.017960
3.019732
3.008269
3.004112
3.015035
3.016947
3.018886
3.012225
12.030229
3.000928
3.023236
3.010953
7.028897
3.000928
3.037224
3.008069
2.045778
3.011093
3.033094
3.016933
17.015254
3.010973
3.021318
3.019986
8.040496
7.009721
3.032287
3.008389
12.017880
3.009881
3.035970
3.008689
23.000928
14.012545
9.000928
3.008409
3.013523
3.027979
3.017800
12.005344
3.000928
3.028884
3.009009
52.007017
7.015815
3.015303
12.035594
29.047290
3.005625
3.031241
3.018374
12.022342
3.011945
3.009367
3.012865
17.026012
3.014338
3.018700
3.012186
37.018860
3.008869
3.061385
3.009841
2.029808
4.000928
3.002720
3.036352
3.009761
28.000928
3.033733
3.000928
4.015049
3.025895
3.005145
12.036197
7.039273
3.021184
17.014189
3.018992
3.013423
3.015416
3.004092
3.035847
3.008629
3.018286
3.018811
2.041354
3.011773
3.034100
3.013844
2.008134
7.017624
3.010301
2.016839
3.000928
3.018046
3.010441
8.005425
3.011553
4.010693
3.000928
3.038792
3.009461
2.012357
3.000928
3.029164
3.018598
3.023948
7.013067
3.033036
3.004238
8.002260
3.016662
3.010121
3.015316
3.009361
28.004072
3.000928
3.011373
3.026284
3.010041
3.009921
3.008829
3.011673
3.030921
3.021404
18.003832
3.045141
4.005430
4.011581
4.011019
3.015350
3.045196
3.015529
3.002440
4.006497
3.023289
3.000928
3.019498
3.020246
18.009041
3.002380
3.010041
3.020890
3.017194
8.000928
2.009981
3.021934
3.017087
2.012177
3.008449
3.021162
3.004512
67.012525
3.019126
3.013364
3.014635
7.004072
3.006717
3.038609
3.014077
12.013898
8.006737
3.030674
3.009741
8.033942
3.022255
2.045110
3.020658
16.021096
3.028323
3.018334
4.002300
1.015550
5.041372
3.021018
3.020719
3.009941
8.000928
3.009661
3.013717
3.019552
3.014217
22.019092
3.010301
3.023681
3.026269
13.008075
3.013918
7.011565
4.017505
3.008949
13.009641
8.000928
4.009099
17.000928
3.009733
3.024455
27.042880
3.011931
3.023528
3.011233
1.008749
3.044098
3.018194
8.015727
18.007377
3.014725
3.020338
3.016756
13.000928
3.008329
8.000928
3.037820
3.013703
18.010307
4.000928
4.000928
3.012857
3.015589
3.047341
3.040108
4.000928
3.022811
13.002660
3.013105
3.054461
3.034245
3.047382
19.005565
3.026244
3.008389
3.048234
3.033443
13.000928
3.009601
3.014105
3.024088
3.011133
16.006677
3.050156
3.012785
2.059014
3.010181
3.030269
3.011193
2.027625
3.016768
3.028005
3.010181
41.005025
3.023332
3.009021
8.000928
9.002586
7.002266
3.029404
3.004432
3.010621
7.002560
3.021584
3.016882
12.006877
3.002620
3.021364
3.016768
17.054870
3.011453
3.015055
3.013006
22.007173
3.009501
3.042196
3.008209
12.035435
3.000928
3.040603
3.009701
12.002380
3.010181
3.039593
3.012487
12.026079
3.010993
3.025001
3.010121
16.016582
3.019572
3.024934
32.000928
3.011623
3.022056
3.006105
17.023400
8.002580
3.019712
3.017974
2.030229
8.010041
3.017597
14.008875
3.017520
8.016527
7.002820
3.019697
3.010361
27.011803
3.000928
3.018972
3.024036
2.029577
3.002640
3.017318
3.010121
53.014225
4.002460
3.002286
8.010753
3.059353
3.019752
23.000928
3.011931
3.009741
3.022268
3.017974
22.034051
3.009601
3.038793
3.018926
2.018154
3.009781
3.025706
9.038139
3.012726
33.007789
4.009467
3.014297
7.037057
3.014117
3.008529
7.002286
3.026427
3.019444
3.009621
4.007317
3.010321
3.015847
3.028797
3.012691
12.048481
3.016667
3.051823
3.025074
46.006213
3.028469
3.012311
28.000928
3.009841
3.000928
3.033139
3.010121
12.032081
3.009069
3.033353
3.034581
32.010773
3.008569
3.023972
3.006683
6.022415
4.010799
3.017448
3.008489
23.000928
2.008989
3.020776
3.010181
17.006797
3.015161
4.010601
3.014523
3.017534
3.003672
8.006377
3.002320
3.022950
4.030996
3.011133
17.032581
3.002740
3.027397
3.020929
2.024700
3.011373
3.016121
3.021678
8.005650
3.021278
4.009821
3.003552
8.033139
3.009441
7.024634
3.011253
3.043203
3.013618
9.000928
3.015630
3.015176
3.008049
3.025028
3.014083
7.043102
8.009741
3.023714
3.010341
2.009661
3.000928
3.030041
3.008509
3.000928
6.032151
3.010361
47.014017
30.015923
4.009787
3.013443
4.002500
8.016647
3.035116
3.009701
2.012225
3.007077
3.019752
3.009561
3.005105
3.006337
8.004032
3.031195
3.017833
3.003652
3.039867
3.026357
3.034683
3.006837
2.020111
3.007177
3.027273
3.010161
6.011145
3.011479
3.006005
12.032645
3.002220
3.024588
3.010639
37.010481
3.013703
3.028542
3.014893
23.002620
16.026423
3.010801
7.049825
3.008189
3.026643
3.021050
22.000928
3.018054
3.030701
3.021830
7.022722
8.000928
3.037024
5.010061
3.058948
3.015644
3.000928
4.005450
3.010993
3.000928
3.011139
3.018074
7.022376
3.012165
3.029665
3.010379
93.000928
3.012326
7.020264
3.008049
3.012245
4.007057
3.006763
3.008049
3.014815
5.014211
3.015655
3.009901
8.000928
8.006637
3.009641
3.047513
3.015835
3.025420
3.000928
3.002700
3.020212
3.020538
21.016882
3.029757
3.009721
53.000928
23.002206
12.006542
3.009841
12.041738
7.027185
3.011739
3.002760
8.015316
3.011983
3.017253
3.010733
13.000928
3.006897
3.002340
3.025787
3.014570
18.009517
8.000928
3.011779
3.017279
3.030257
12.008455
3.009521
3.020884
3.015110
3.010121
3.002760
3.013181
3.053318
3.009293
2.030189
12.025846
3.010201
23.015072
3.013877
3.000928
3.023508
3.008089
7.018111
3.011105
3.022396
3.015536
17.041054
3.012033
3.023042
3.009321
3.034685
8.010087
7.016694
3.017434
13.000928
3.019094
3.000928
3.025481
3.009461
37.036155
3.010081
3.018640
3.018094
15.029353
3.009247
13.000928
4.000928
2.017201
3.035006
3.013057
12.034083
3.005625
3.043750
3.011119
45.024866
3.014138
32.037808
4.005165
13.009401
3.022517
3.010221
2.034378
3.010101
3.044197
3.010721
8.007083
3.006797
3.000928
3.031175
3.021079
2.056824
20.004112
6.024415
3.020330
7.010733
3.009847
3.020224
3.009801
52.010041
3.019306
3.027811
3.012611
23.006457
3.009961
12.023904
3.011703
13.005344
3.014269
3.011299
3.029667
3.019466
2.019372
3.017899
3.032041
3.010813
3.000928
13.004018
3.014921
3.025695
3.016302
2.016302
7.025533
3.027965
2.029351
3.019406
3.023680
3.010721
2.034933
3.012785
14.017616
3.024320
3.028392
23.010799
3.012665
3.017545
3.031315
9.036718
3.013457
25.015283
3.025060
11.015225
90.004072
3.000928
3.059023
3.014203
3.029372
3.000928
3.018359
3.033693
3.013378
3.000928
3.012446
3.011693
3.017268
3.011623
13.010435
3.010001
3.000928
3.025055
3.012805
7.030563
7.012913
3.011073
17.033704
30.009133
4.002306
4.000928
3.017694
3.016721
3.056942
3.025787
6.011303
3.033296
3.010241
11.006397
3.052992
3.012785
11.016673
3.024962
3.018100
7.024338
3.000928
3.026085
3.009361
22.017502
3.014512
3.030621
3.016348
18.012475
3.014955
3.014055
3.021850
3.020674
7.012265
3.016362
4.008975
3.027937
3.027810
2.025767
3.011753
3.023042
3.017793
8.004092
7.031109
3.020662
5.006817
3.030429
3.013357
7.025814
3.027093
3.027337
3.017714
12.043162
3.012471
3.062135
3.009981
12.031881
3.000928
9.015535
3.028851
