25.337830
23.721235
19.204027
57.087546
21.201031
22.004646
18.221558
17.851225
18.763485
16.736304
24.478077
19.301835
22.513990
20.672782
44.872125
20.091882
20.667329
20.522585
20.137514
20.439272
21.641793
20.472534
20.358200
31.520453
264.580303
19.781702
1362.944444
18.692561
20.315947
16.060764
32.421253
26.641346
52.760624
19.330072
26.399750
33.046931
33.521105
26.020643
17.263558
22.199218
54.732558
27.946447
24.180428
17.439771
27.215587
18.907821
24.875885
21.949638
54.640893
20.679258
