1189.018409
1189.003847
1189.000704
1189.000704
1189.025338
1189.000704
1189.000704
1189.000704
1189.002220
1189.040106
1189.000704
1189.000704
1189.000704
1189.000704
1189.057477
1189.014027
1189.000704
1189.000928
1189.007303
1189.008446
1189.000704
1189.000704
1190.000704
1189.000704
1189.000704
1189.046214
1189.005347
1189.000704
1189.000704
1190.000704
1189.003604
1189.000704
1189.000704
1189.042756
1189.043846
1189.011407
1189.000928
1189.012947
1189.000704
1189.008753
1189.000704
1189.000928
1189.000704
1189.000704
1189.010941
1189.000704
1189.000704
1189.017565
1189.000704
1189.000704
