1190.015027
1189.050959
1189.000928
1189.033591
1190.000928
1189.000704
1189.000928
1189.000928
1190.000928
1190.000928
1189.075218
1189.038874
1189.000704
1189.066600
1190.018460
1189.000928
1189.070925
1188.068277
1189.026632
1189.000928
1189.044376
1189.000704
1190.000928
1189.084599
1189.038226
1190.000704
1189.038526
1189.038982
1189.033138
1189.000928
1189.000704
1189.000928
1189.000928
1189.045993
1190.000928
1189.000928
1189.000704
1189.030733
1190.000704
1190.028585
1189.000704
1190.000704
1189.049645
1189.000704
1189.000704
1190.000928
1190.000704
1189.000704
1190.000704
1189.033021
1189.000704
1189.000704
