1189.037263
1190.000704
1189.010927
1189.000928
1189.020599
1189.001242
1189.046617
1189.000704
1189.035677
1189.000928
1189.000704
1189.000928
1189.000704
1189.000704
1189.000704
1189.000704
1189.044216
1189.040285
1189.000704
1189.000928
1189.006488
1189.000704
1189.038469
1189.000928
1189.038106
1189.041578
1189.000704
1189.000704
1189.051515
1189.000704
1189.034948
1189.000928
1189.048819
1189.006169
1189.000704
1189.000704
1189.000704
1189.000928
1189.021124
1189.033354
1189.000704
1189.044777
1189.000704
