1189.003185
1189.006649
1189.000704
1189.060694
1189.022203
1189.000704
1189.000928
1189.000704
1189.045064
1189.000704
1189.052311
1189.000704
1189.000704
1189.007989
1189.000704
1189.006449
1189.006429
1190.000704
1189.000704
1189.000704
1189.000704
1189.000704
1189.000704
1189.008733
1189.000928
1189.000928
1189.006295
1189.006155
1189.058184
1189.000704
1189.000704
1189.000704
1189.000704
1189.000704
1189.037551
1189.000704
1189.014600
1189.013669
1189.004582
1189.000704
1189.000704
1189.016975
1189.008171
1189.035567
1189.037742
1189.000704
