1190.000704
1189.024608
1190.030524
1190.018094
1190.030490
1191.000928
1191.000704
1188.074462
1190.055453
1188.067570
1191.036048
1190.000704
1189.000704
1189.000928
1189.049416
1190.024124
1189.000704
1191.021126
1189.000704
1189.035973
1189.004322
1190.000928
1190.018474
1190.000928
1190.018634
1190.000928
1190.000928
1188.159932
1190.000704
1189.002220
1190.000704
1190.022956
1190.000928
1189.055433
1189.031102
1189.000704
1190.027184
1189.034115
1190.056544
1189.057794
1189.000704
1188.054153
1189.000704
1190.045645
1189.000928
1190.000928
1190.054322
1189.081982
1189.026873
1189.000704
1188.074642
1189.036258
1189.000704
1188.046197
1190.000928
1189.000928
1190.025588
1190.000928
1190.064937
1189.000704
1189.068225
1189.002534
1191.047257
