1189.031331
1189.029840
1189.045867
1189.031915
1190.000928
1189.050129
1189.000704
1190.040684
1190.019428
1189.000704
1190.000704
1189.019570
1190.000704
1190.033421
1189.039683
1189.000928
1189.000704
1190.014989
1190.000704
1189.015345
1189.005188
1190.000704
1189.000704
1188.073264
1189.037418
1189.033049
1189.000928
1189.031150
1190.019252
1189.000704
1189.018926
1189.000704
1190.036060
1189.000928
1190.005704
1190.034497
1189.000704
1190.000704
1189.000704
1189.005244
1189.037322
1190.015263
1190.000928
1189.032091
1189.052117
1189.046063
1189.000704
1189.021782
1190.000928
1189.000928
1190.038972
1190.034792
1190.033773
1189.041141
1189.047241
1189.055023
1190.000928
1189.039872
1190.026049
