1190.000704
1189.040505
1189.000704
1189.032855
1190.000704
1189.026320
1189.051560
1189.004418
1189.031240
1189.000704
1189.054176
1190.000704
1189.014386
1189.000704
1189.054176
1189.054462
1189.048424
1189.046945
1189.000928
1189.010687
1190.019065
1189.000928
1189.045481
1189.000928
1189.037253
1189.046727
1189.040093
1189.011867
1190.000704
1189.026464
1190.000704
1190.030425
1189.034777
1189.054702
1189.024205
1189.025481
1190.000704
1189.037810
1189.000928
1189.000704
1189.045681
1189.008223
1189.008614
1189.000928
1189.000704
1189.044611
1190.006389
1189.031049
1189.000704
1190.000704
1189.005870
1189.000704
1189.031828
