21.048225
17.265521
21.771644
39.059130
8.601083
17.357029
11.352793
8.336440
49.450868
6.041492
29.859132
10.232019
13.896373
13.543246
17.892911
11.453203
4.934210
11.182570
14.989231
8.175152
6.942534
11.389754
16.128228
12.461677
19.855041
12.463042
8.982738
9.820227
9.005349
11.712159
6.985664
10.925989
16.803858
8.762023
14.342062
11.119192
12.976852
13.154148
9.703193
14.817401
9.018144
12.827613
11.173114
8.602763
27.378576
7.419376
17.704481
8.542603
18.161090
24.041493
16.200344
14.498359
9.820112
16.234218
13.719302
20.277363
12.498410
13.326394
25.034647
