12.493055
12.305491
12.020296
12.841773
17.326706
16.224014
12.491632
9.162893
12.118884
22.677340
18.786836
28.387052
22.721255
11.795547
11.052392
14.304857
8.738216
15.760932
15.108910
12.651421
10.710883
10.683681
16.538488
12.634356
8.928435
13.809058
19.072734
14.697922
14.535510
18.341850
14.769041
9.023707
14.992176
10.346695
18.224041
10.664879
10.233769
15.319080
12.521303
32.394582
8.530416
19.093062
13.704179
13.509090
18.403300
21.639987
19.804349
12.160462
10.578892
25.632307
12.622074
16.859982
