4.282332
4.673234
4.606536
3.667990
4.589037
4.192994
4.087502
8.791290
4.965524
3.850355
4.435264
5.486393
6.351267
3.758510
4.983761
5.459707
6.036412
4.304720
6.351554
7.556076
18.521437
5.820178
4.401759
7.349891
4.989314
4.101188
4.458794
4.468410
5.502824
5.098943
4.729338
4.584932
6.857990
3.903255
8.597358
3.831298
4.859524
4.716036
4.101268
3.978374
5.167127
6.058643
4.525032
4.428200
4.846995
3.983637
14.495107
7.197274
3.766047
4.792498
4.339274
12.357784
4.721940
4.339442
3.770284
4.503549
4.983892
6.669716
4.099385
4.427931
3.872663
4.016322
11.506197
4.082471
3.484280
8.448524
4.134849
4.319356
4.438695
5.426176
4.158998
5.310294
5.393660
4.256887
3.559471
6.477411
7.836473
3.951206
4.405636
3.859661
10.334832
3.652709
5.785356
6.281001
3.978450
