107.012746
12.005045
19.012721
8.003752
12.016948
12.024139
11.043536
15.000928
10.000928
12.012337
9.036044
10.028356
19.010901
38.023828
13.016462
17.008661
12.012378
9.042698
14.028280
14.007797
16.010873
18.011499
20.009601
12.020555
14.043802
14.050455
15.021862
12.021050
25.021304
14.016826
11.009161
14.010721
12.026186
9.038346
10.003070
10.029432
12.027544
14.044018
9.011465
9.066282
15.009821
13.048653
9.054682
19.019608
9.040055
14.056549
14.051016
9.020062
24.015429
14.030332
11.002986
13.004383
12.014455
20.008755
16.010939
10.006557
42.006757
10.003972
17.027061
30.005896
13.037031
24.016867
16.012403
8.007023
23.034509
9.044762
10.032732
14.022642
13.025267
14.030625
