28.002360
13.012437
25.018454
29.003872
14.008329
24.014673
14.010181
15.002360
22.035260
19.013383
25.004523
19.006702
33.005450
24.022170
25.000928
26.000928
17.010210
19.002600
24.000928
19.017133
25.000928
39.000928
22.017798
31.000928
15.016262
21.055033
24.028559
19.019206
19.011238
24.046801
16.041203
40.000928
26.050850
11.025001
13.005025
16.000928
22.007197
15.000928
18.000928
24.008029
15.000928
13.000928
23.059223
18.009521
27.003652
12.049631
25.000928
18.007875
25.003792
14.000928
28.030931
24.005530
