32.034485
16.003792
22.009515
24.021104
12.016508
28.012783
18.002460
14.000928
23.011585
26.004012
23.019095
15.010335
18.022864
21.007137
16.007755
24.031369
15.006763
13.011179
29.009921
19.056488
19.020562
21.006697
18.003732
25.006665
18.004323
14.009295
28.012417
19.077290
20.006784
18.037300
15.015120
18.044234
14.009788
19.002220
19.023012
19.023818
24.054333
19.012399
19.017905
10.003972
16.017328
37.015310
20.006137
22.006934
19.027784
14.032232
14.039686
14.019373
14.015202
16.004463
18.004402
17.006834
15.046246
14.058146
24.016566
19.021915
19.007675
24.018713
