14.009355
12.028151
79.061908
10.003532
23.016998
19.019792
24.009699
25.006917
13.038720
38.005145
19.006657
10.038316
49.016128
16.019889
19.023896
27.011165
21.041801
17.023644
16.039475
12.039108
24.007103
50.009361
27.007929
21.005484
29.006777
28.019232
11.007256
22.017419
11.006625
13.008901
18.015949
24.027832
14.031396
14.006363
25.005385
14.024746
13.006822
19.009667
14.022886
14.021222
34.030451
19.009953
24.047895
19.039408
19.027741
19.007108
14.041759
14.009479
11.012645
12.023264
15.007163
18.033289
24.031728
11.010007
