37.035307
50.002580
33.009967
11.002850
32.008441
10.008469
18.063987
19.008795
15.012785
10.011153
22.002220
19.025959
10.012225
18.024264
19.018910
27.005845
11.019397
10.003494
21.002640
14.012525
10.020749
16.017793
18.022268
10.030043
118.013785
19.031972
30.020115
14.018075
15.006445
9.050792
12.016307
15.003912
18.079539
12.006417
32.000928
68.012887
19.029011
15.000928
19.002480
13.027818
14.029647
19.010059
14.045396
10.019347
23.033515
16.018709
24.000928
22.013403
29.051231
19.011585
24.028320
23.015965
