23.000928
26.003952
16.039359
14.021190
19.006502
12.008595
15.016814
15.045264
22.018293
12.008214
13.024309
11.000928
23.003752
14.013943
14.023288
18.005190
19.041029
14.032023
29.011047
34.012097
14.017593
44.063867
20.008569
17.024480
18.019172
24.006582
19.016911
14.000928
24.012231
15.021156
34.007935
20.042546
59.023383
12.005305
22.004602
16.009009
18.008389
16.034923
25.103986
11.008349
18.014391
31.002780
11.019252
13.023148
15.020352
15.009335
39.005485
16.037855
21.009000
39.017391
20.017866
19.011907
18.022962
17.000928
16.021169
