12.028898
11.034353
15.007989
25.011473
43.009261
16.018968
14.011165
42.018720
13.011119
8.010293
20.010533
9.006917
17.010377
11.014746
17.026018
14.009607
19.050577
29.005871
11.005791
9.017013
23.011177
19.012685
14.008869
8.059123
14.025683
35.011371
14.014115
15.000928
24.009401
13.006297
14.008915
9.008589
11.007929
29.003210
17.010021
39.008509
14.008555
11.007809
11.051221
19.016122
19.013704
20.014570
29.009972
31.000928
21.017093
15.020322
20.014165
12.021364
11.022141
27.046520
22.009781
12.009019
18.030272
31.016470
12.036753
35.007136
23.021666
30.011451
14.020717
9.007137
