17.732348
13.071112
14.409852
15.216920
21.268519
14.101257
13.692785
10.274486
14.101677
48.927120
15.106136
31.386139
23.265061
14.028728
11.567589
14.342052
9.025588
16.232821
21.102342
15.203748
14.380081
11.313236
21.804517
19.869901
9.531521
14.509706
21.637912
17.444549
12.644497
21.148162
16.782746
11.047154
16.759090
12.791322
14.729051
12.186390
12.400468
19.708816
12.316139
32.594434
12.339977
19.520921
27.894698
13.894962
16.287301
15.931879
19.712157
12.625543
12.969405
23.513657
14.466142
15.678678
