33.417332
30.409202
20.357268
22.775565
24.835457
23.830345
19.365080
18.131045
20.294517
16.477515
26.266271
17.553718
26.335492
24.350493
26.425868
20.600710
25.875305
22.093407
23.906588
27.845653
24.954695
23.008244
23.709256
16.502372
44.199288
20.333588
194.496732
18.984280
25.673436
16.482951
37.849067
30.745840
20.277021
19.866234
34.053830
21.639663
18.850350
31.472140
19.069730
28.179767
15.464893
37.732311
32.003455
16.980680
27.081563
21.575487
31.750959
22.092069
16.233407
25.804330
