93.004692
23.042345
24.014144
32.006677
23.004798
24.000928
40.011141
28.003718
63.000928
54.003852
24.004178
18.028164
22.009075
37.016178
38.023005
24.054578
35.002246
63.011385
20.000928
28.022756
24.011765
32.013495
27.025927
34.011750
31.009727
21.019336
45.000928
22.003912
26.012961
24.002720
19.025793
33.029036
24.015761
46.010047
23.007182
48.021614
31.003712
17.054949
26.009947
83.004112
23.017393
35.004052
31.008241
21.020529
34.014135
30.002740
25.003992
27.029864
21.004332
29.002260
32.012531
90.009279
30.006756
48.008899
25.014530
28.003992
21.005110
21.028851
27.011001
28.011019
22.010100
40.003592
29.004112
20.006863
32.029223
34.005710
24.045495
19.042100
19.070218
39.046812
28.012785
56.004032
29.003872
41.007196
26.011551
21.006537
39.005610
25.007463
27.005524
73.010147
21.006496
58.004232
28.007308
24.015161
24.010705
29.043739
44.014677
44.017076
40.002320
34.002520
25.012651
32.008134
60.004323
34.002240
22.000928
36.011013
35.016810
38.002400
19.020540
17.009947
41.004312
41.008874
24.010939
