27.030819
69.027098
37.013094
123.003552
23.006577
34.008149
24.005225
25.005544
23.020961
20.000928
28.003978
45.010873
22.021402
33.012995
31.008149
30.016798
29.000928
37.008095
35.004222
24.005110
23.019444
19.005711
23.005304
16.023582
25.043833
27.064016
71.027779
23.000928
29.013255
20.005640
30.076535
21.010979
107.075052
19.006737
68.012057
24.000928
29.024807
18.006957
44.009741
18.015296
52.013469
21.034764
34.010825
41.047069
17.019254
15.000928
18.037494
31.009866
34.052148
22.073141
126.061389
129.005764
22.048638
34.021445
36.007889
34.008209
48.009921
64.007197
25.007769
19.017378
34.014483
20.008670
26.007462
50.005870
38.018619
39.016745
19.033279
19.050458
30.022374
34.006294
70.009381
49.007949
17.044510
39.079553
120.000928
24.013891
28.037933
40.003932
18.046559
30.006943
29.010161
25.047323
54.014129
192.013793
29.039157
27.005204
19.006977
44.015323
20.008349
30.014749
45.009695
28.028538
21.011013
70.002600
23.008821
22.033529
36.007483
48.003952
18.020288
22.006557
27.009987
33.035969
29.031024
15.009141
43.041277
57.008975
27.003872
32.000928
41.011719
20.013889
23.010577
31.006797
46.016594
22.013161
31.041240
89.021630
61.016891
37.035989
29.064085
30.009379
31.006357
39.006617
42.009301
28.036267
41.010350
22.031368
31.000928
32.044695
19.027561
44.023199
47.006807
19.006969
35.006917
