30.012065
41.013231
24.033561
55.009841
25.016454
44.033651
23.009719
38.022348
49.011413
35.006602
28.026896
39.012523
29.041443
30.000928
30.024654
22.028802
24.058500
30.028310
30.000928
25.006317
28.002220
33.007337
23.047165
19.029222
39.033159
24.036631
31.002540
35.023898
25.003572
46.002766
24.010941
34.000928
19.003732
39.006877
41.036989
31.041726
20.007357
39.000928
29.006837
23.048069
45.007057
29.006657
20.008049
23.010830
23.069543
39.025302
29.022057
37.000928
22.003552
37.006217
20.034679
35.008421
33.006442
26.003632
37.032897
20.008289
34.010833
139.006881
36.005421
31.013483
39.038431
25.006517
23.022816
29.053732
31.000928
27.015195
29.020790
21.003612
43.007457
27.000928
45.041552
50.008279
23.041049
25.006857
43.009335
29.030001
25.006557
15.030833
37.012937
22.021470
25.010873
25.005530
20.009663
34.010635
28.049819
24.051889
24.033182
31.003592
27.065858
44.018228
29.012165
29.068537
32.027800
16.023440
50.028055
33.032217
35.005821
38.008561
29.006582
20.006397
43.016729
35.017218
36.000928
26.015997
25.005430
35.003712
38.006677
23.029997
36.005125
28.000928
35.000928
29.000928
40.000928
43.008720
27.052760
25.010350
26.000928
31.021176
26.000928
22.030679
44.044903
29.024508
24.014169
90.002240
33.021572
40.003753
39.002700
45.003872
38.006757
23.066406
19.036062
39.043481
23.014948
25.023734
30.031491
38.030721
44.022098
59.056397
32.007313
27.008089
19.005624
