42.008541
49.032894
20.014213
43.037259
29.012257
31.002620
47.050759
49.018661
35.003792
26.017642
31.034563
35.031323
20.004112
28.003792
34.000928
23.016086
40.007477
33.022156
19.015182
26.009631
30.017001
21.031989
15.008309
25.000928
31.054838
20.017823
18.019352
29.038296
29.013131
24.029482
35.010597
36.007002
32.000928
21.000928
22.008309
19.000928
26.009161
32.000928
28.010811
31.000928
38.000928
33.010659
24.020944
40.003672
38.046318
106.000928
23.006565
23.015959
19.039704
49.026556
121.000928
60.008875
21.012185
22.023880
42.007789
33.032349
22.003692
32.000928
21.050499
18.000928
27.008275
19.012891
29.025648
16.003494
22.049605
30.003992
29.007107
18.038173
27.011433
52.008023
25.020192
22.038625
19.079409
24.012873
16.013877
32.020435
39.045252
34.007647
28.012545
20.008361
15.007889
19.008599
29.008629
34.006537
24.003832
28.055286
29.026566
34.023455
25.008109
18.031971
34.060094
35.004562
28.010093
29.054051
47.007497
23.000928
32.010857
