107.011725
24.016524
14.021303
14.007055
14.005530
14.021914
16.017673
14.000928
24.007048
14.013961
19.015470
18.004012
19.004338
16.009421
18.044769
13.020011
10.014923
19.012983
23.020658
13.010221
24.010061
20.017697
20.034495
15.018628
20.034291
16.005124
38.000928
20.003778
15.014877
11.052188
15.042681
18.014764
24.009887
14.013841
14.015563
27.019217
18.011181
19.000928
27.007083
18.000928
17.009761
19.000928
9.032893
28.010081
22.020610
30.013052
15.021930
23.036629
16.000928
19.002680
18.006997
15.021444
22.012731
14.005576
20.017088
15.018983
