44.013583
13.003812
34.003812
20.004072
17.047128
20.009767
68.018615
20.012026
19.003532
14.004112
25.011073
18.012391
26.026182
29.010891
15.008369
27.010693
19.021656
22.011731
14.008415
15.008921
19.003678
19.006888
24.004172
14.004032
23.024655
25.015232
23.046495
15.000928
11.012667
13.014855
20.006722
41.006782
15.019298
13.038177
29.011797
22.017308
13.110956
22.024283
19.019218
22.005705
17.011251
11.010913
21.009873
20.002800
27.014921
30.007142
20.016561
19.008549
16.013263
16.037233
20.004092
11.009687
12.016587
