16.003912
30.013271
34.008821
20.003812
35.015103
59.000928
27.018246
46.000928
14.032950
32.006622
15.004092
13.052775
10.008715
14.005201
20.013904
13.008569
13.019177
19.070784
20.008329
19.010519
24.009841
11.010734
18.012118
24.002220
18.008929
24.007357
14.011795
11.021902
24.021518
23.014649
20.024462
38.003818
13.014288
11.013823
10.021829
15.011165
9.016728
14.010859
16.016794
22.010093
16.009961
12.006583
14.026039
16.002400
18.009549
20.013743
33.010121
16.002726
14.022837
23.026052
22.017019
21.007667
22.010947
20.018047
25.026413
