1190.052852
1190.030239
1190.016414
1190.000928
1190.006857
1189.035409
1189.000704
1190.000928
1190.029884
1190.033547
1190.020093
1190.000704
1190.000928
1190.000928
1190.044153
1189.020210
1189.000928
1189.029337
1190.000704
1190.000928
1190.000928
1190.030905
1190.000704
1189.034960
1189.033271
1190.000704
1191.023617
1190.038101
1190.000704
1190.032198
1189.038516
1189.006009
1190.000928
1190.002534
1190.000928
1190.051970
1189.057187
1190.000704
1190.000704
1190.027779
1190.005775
1189.049176
1190.000928
1189.000928
1192.000928
1192.000928
1190.000704
1190.070798
1190.000928
1189.000704
1190.000704
1189.039641
1190.027293
1190.023588
1189.060215
1190.003150
1190.029562
1189.048520
1190.008704
1189.000704
1190.030602
1190.002534
1189.000704
1189.003030
1190.000928
1189.000928
1189.046599
1191.002704
1192.018697
1190.000704
1190.000928
1190.051273
1190.000704
1190.039008
1190.000704
1189.028225
1190.000704
1190.048060
1189.000928
1189.056080
