1189.035805
1189.012255
1189.000704
1189.040242
1189.000928
1189.045923
1189.000704
1189.002534
1189.037709
1189.056365
1189.034367
1189.009653
1189.000704
1189.033097
1190.008987
1189.047734
1189.000928
1189.010281
1189.000928
1189.011087
1190.003006
1189.038145
1190.000704
1189.000704
1189.000928
1189.008967
1189.009352
1189.009079
1189.000928
1190.000928
1190.002534
1190.000928
1189.041461
1189.000928
1189.051203
1189.037112
1190.000704
1189.000704
1189.046780
1189.000928
1189.000704
1190.000704
1189.024189
1189.012167
1189.049153
1189.046092
1189.000928
1190.052517
1189.000704
1189.002220
1189.008710
1190.050729
1189.000704
1189.006199
1189.064874
1189.073355
1189.034151
1189.000928
1189.070338
