1189.000928
1189.000928
1189.000928
1189.000704
1190.000928
1189.055356
1189.000704
1189.002534
1189.046215
1189.028620
1189.000704
1189.000704
1189.000704
1189.048895
1189.009727
1189.050604
1189.020764
1189.033128
1189.000704
1189.000704
1189.043827
1189.008271
1189.000704
1189.011446
1189.000704
1189.053031
1189.000928
1189.012967
1189.000704
1189.000704
1189.011015
1189.000928
1189.010787
1189.000704
1189.046333
1189.011647
1189.009833
1189.012373
1189.057081
1189.034356
1189.000704
1189.003050
1189.003425
1189.027168
1189.000704
1189.041988
1189.012888
1189.000704
1189.049175
