1189.021893
1190.000704
1189.007229
1189.008755
1189.053497
1189.000704
1189.000704
1189.013707
1189.049661
1189.054809
1189.000704
1189.000704
1189.000704
1189.000704
1190.005895
1189.004704
1189.000704
1189.000704
1189.000928
1189.000704
1189.049616
1189.051176
1189.034697
1189.036262
1189.015907
1189.053245
1189.000704
1189.002220
1189.015127
1189.000704
1188.003695
1189.000704
1189.014787
1189.006629
1189.000928
1189.014907
1189.001458
1190.000704
1189.003975
1189.006883
1189.056334
1189.015491
1189.000704
1190.000704
1189.000928
1189.008451
1189.000704
1190.000704
1189.070755
1189.008290
