1189.016540
1189.000704
1189.016807
1189.000704
1189.043913
1189.000704
1189.000704
1189.047547
1190.000704
1189.019454
1189.039724
1189.000704
1189.054961
1189.000928
1189.009406
1189.050921
1189.011685
1189.017207
1189.014509
1189.002534
1190.000704
1189.000928
1189.021748
1189.000704
1189.000704
1189.000704
1189.000704
1189.000704
1190.000704
1189.006064
1189.000704
1189.015807
1189.000704
1190.000704
1189.063021
1189.012787
1189.000704
1189.001458
1189.014593
1189.037940
1189.000928
1190.000928
