1190.043336
1190.000928
1191.049805
1190.036067
1191.000928
1190.000928
1192.000928
1190.000928
1191.018462
1192.000704
1190.026612
1191.031877
1190.037402
1189.033400
1190.031331
1190.013085
1190.000928
1190.028667
1189.018867
1190.030285
1189.026804
1190.018933
1189.036274
1190.022138
1190.000928
1190.000928
1190.013701
1190.000928
1190.036037
1190.038445
1190.000928
1189.002220
1190.002534
1190.022144
1190.049235
1192.000704
1189.044001
1192.037234
1190.000928
1191.000928
1190.000928
1190.000704
1191.000928
1190.000928
1190.034741
1192.032808
1191.017587
1191.000928
1190.000928
1190.000928
1190.031761
1190.002534
1189.000704
1190.028437
1193.000704
1190.000928
1189.000928
1191.000928
1191.008704
1190.046266
1190.000928
1190.000704
1189.006569
1192.000704
1192.000928
1191.023626
1190.000928
1191.000928
1190.000928
1190.030937
1192.010801
1190.036652
1190.018613
1192.000928
1190.000928
1191.000704
1190.000928
1190.035700
1190.002534
1191.049147
1189.000928
1192.000928
1189.026164
1191.000928
1194.031963
