1189.002534
1189.000704
1189.006509
1189.000704
1189.000704
1190.000704
1189.000704
1189.010027
1189.000928
1190.006288
1190.000704
1189.048351
1189.000704
1189.000704
1189.000704
1189.048842
1189.000928
1190.000704
1190.000704
1189.012887
1189.000928
1189.000704
1189.018906
1189.000704
1189.000928
1189.027326
1189.051841
1189.000704
1189.000704
1190.005715
1189.000704
1189.000928
1189.000704
1189.029365
1189.061526
1189.000928
1189.057049
1189.000704
1189.000704
1189.000704
1189.007704
1189.000704
1189.011333
1189.000928
1189.000704
1190.000704
1190.000704
1189.011147
1189.000704
1190.000928
1189.002220
1189.016913
