1189.000704
1189.000704
1189.039749
1189.048428
1189.040297
1190.005139
1189.000928
1189.000704
1189.000928
1189.000704
1189.039140
1190.000704
1189.011855
1189.004212
1189.022522
1189.000928
1190.000704
1189.009987
1189.009059
1189.000704
1189.000704
1189.016054
1189.049976
1189.006449
1189.026795
1189.025966
1189.008635
1190.000704
1189.007279
1189.000704
1190.000704
1189.006249
1190.000704
1189.011687
1189.000704
1189.059513
1189.053812
1189.000928
1190.000928
1189.002534
1189.018633
1189.041584
1189.000704
