14.011931
32.009319
14.012215
14.014309
14.016379
14.028383
9.080925
15.047460
28.040311
15.004112
13.076121
14.056974
14.032789
10.045102
18.063330
14.046632
10.016938
23.022408
9.067485
9.038730
14.070860
14.043240
9.073923
20.004063
18.020049
14.040986
11.011997
14.039643
12.043896
25.009661
23.022133
11.006230
37.032224
24.009513
29.029985
29.046546
24.015476
16.006336
17.034729
19.045410
14.033507
34.005779
44.005630
19.020982
34.072149
26.004663
38.004542
30.009281
27.010305
29.039356
24.037748
54.045044
41.002806
