9.015060
11.009807
11.007560
13.021598
14.010113
11.008689
12.016814
11.012419
14.004543
17.018055
10.013835
13.006888
24.020836
10.000928
13.055039
10.000928
8.027072
10.000928
8.017665
14.002220
14.010093
9.058035
14.030359
19.014549
15.000928
10.010633
9.000928
17.039023
10.011241
13.029990
14.040628
29.026864
26.000928
14.003652
17.020318
14.012511
25.000928
18.021842
19.028244
24.047135
24.035139
36.002240
18.000928
23.005750
14.054067
27.006338
22.000928
24.000928
28.060562
55.000928
19.000928
38.017300
24.005750
24.021504
19.008174
20.000928
28.039390
49.015787
44.024852
