8610.041597
10890.010697
11465.016516
9026.002062
7900.015636
10085.073641
10342.003110
8865.065433
10620.000928
9445.013356
11935.027372
11610.014078
9595.016956
9870.003396
10755.045048
10190.007347
11320.017880
7746.002443
11475.045194
7455.017004
10626.001772
10845.038860
10426.001242
10290.044871
11125.009475
10270.050053
10805.043501
10745.066649
9895.045532
8120.006095
10530.007873
8470.000928
9000.004597
10206.013709
8900.046681
9725.057541
10512.005469
10990.019005
8905.047733
9635.071567
10435.021759
10790.023412
10115.037256
10081.029248
10170.020229
9275.032596
