13.020722
60.027433
118.016156
15.047818
16.015556
12.014436
49.009275
20.060036
12.021742
42.025372
13.022324
13.010227
36.006150
31.014443
34.020869
26.008195
14.009147
12.030623
11.020732
27.042735
19.011119
44.039795
14.079821
17.015922
40.045536
114.044898
13.028065
29.027314
21.049375
21.064960
47.013960
39.013337
54.016753
25.039722
43.021472
94.010243
20.009921
33.009283
23.021470
17.008089
13.015461
33.022521
33.070859
16.030269
16.018606
11.019186
14.021550
21.042742
44.028931
13.030190
30.062750
45.009029
61.009717
28.009927
27.026720
37.011647
29.011709
21.011045
63.029632
24.008109
18.020158
30.015535
28.035260
52.049048
25.015050
20.018246
19.022496
43.018172
22.020560
56.010413
28.042344
42.030109
27.012991
23.061472
57.039303
13.017390
18.013883
14.032148
22.016731
16.023749
15.075033
36.023524
27.012941
28.013220
26.008509
12.014275
38.002340
25.009741
22.008674
16.008609
37.012271
25.011523
20.023602
25.019166
57.019612
16.037739
27.000928
16.025294
67.005050
21.034908
32.009721
26.031759
25.016422
49.025639
19.026027
22.009807
19.012325
19.031987
26.023630
68.017354
14.010593
27.017840
54.004609
19.009981
44.007809
14.014757
21.015410
53.016210
14.013698
28.012805
29.035731
18.060579
26.028481
65.033274
37.023448
28.014061
60.016308
20.017692
23.017159
14.070063
17.019612
18.008569
47.031786
19.010833
54.014078
24.016440
24.000928
19.019338
25.015230
71.033207
15.017245
25.032732
34.000928
15.020147
34.014876
84.080349
43.008107
33.128428
50.007567
22.029047
35.024110
43.024394
31.019050
14.006357
22.014429
26.009761
12.022913
13.021184
80.013525
48.021920
56.024295
35.017084
22.011539
13.012251
23.019054
42.052928
19.013497
11.040274
39.009641
28.007589
40.006757
31.013411
12.043262
29.085863
19.045316
58.013023
19.013205
46.016702
18.020774
25.014249
32.029716
15.007949
25.024789
29.097968
18.020618
19.019066
21.007217
43.008409
33.032197
14.032616
29.019327
33.018846
59.013595
19.011505
16.024808
16.008295
22.037376
17.030485
39.024577
19.011913
46.004243
28.010039
26.011303
29.021757
50.018188
