15.016488
93.024024
26.000928
38.026705
12.000928
74.018996
27.009847
38.023282
20.024683
24.009967
35.010567
52.028376
39.043665
11.038960
38.010067
27.014275
13.013731
53.008649
13.000928
28.026341
20.012231
29.023182
63.000928
18.022680
29.035098
15.024769
32.009261
69.023722
24.020698
148.042522
22.000928
30.009707
30.036390
33.017099
24.019650
52.106545
34.028077
15.015569
197.010839
47.014423
33.022990
27.000928
41.000928
44.000928
46.009235
34.069803
33.011079
37.007083
27.051628
18.005722
21.017766
20.034429
41.011859
87.000928
35.012111
60.009967
57.006377
61.003612
57.015860
17.012779
31.020664
44.029102
25.000928
33.000928
40.000928
47.014196
27.021778
28.000928
33.024563
20.006977
23.027375
25.000928
38.021678
22.012957
36.034869
47.009101
62.023096
38.015548
34.016442
18.014794
17.012871
36.000928
49.010381
27.013151
25.035237
12.008409
11.038308
39.049783
27.015318
39.012231
75.005265
68.015439
24.000928
14.000928
86.047719
65.013703
24.018139
15.017420
25.000928
20.013051
75.035494
55.013366
83.016647
78.003632
50.019512
34.067998
40.002820
14.020475
37.000928
43.024528
19.024303
30.000928
15.004970
29.051954
51.013677
11.012191
14.008315
53.033327
138.031523
59.015196
20.000928
55.005585
36.017480
34.009887
39.015178
37.000928
44.000928
35.003938
84.029820
125.031609
24.026031
29.016462
62.012171
89.041533
30.049146
139.062228
11.014104
