34.000928
13.000928
21.000928
37.000928
18.064812
11.123662
10.006577
31.030522
11.127197
12.007088
16.000928
17.011565
13.000928
20.006254
15.043626
34.000928
13.019670
15.116050
13.007509
9.060264
15.003852
41.000928
10.012207
26.000928
9.015349
14.000928
16.000928
11.023468
9.047905
9.067072
15.000928
19.000928
16.000928
12.000928
23.014759
11.011021
12.005171
45.000928
14.006164
12.010930
25.018676
10.019632
9.000928
25.000928
8.004238
18.009799
11.036563
17.026130
20.000928
15.008089
10.000928
17.000928
17.005285
20.008275
12.005085
16.010159
12.006417
14.000928
31.007680
19.005471
13.015529
16.000928
16.000928
16.007428
10.003592
8.061018
16.000928
10.005511
6.037439
9.039319
21.000928
14.011230
12.005350
21.013921
17.028289
21.000928
18.000928
15.000928
27.012427
19.013717
15.000928
19.000928
19.011373
26.005705
27.000928
17.034890
26.000928
14.000928
13.047190
12.014061
18.006837
13.005784
13.057431
14.013807
11.000928
13.000928
14.000928
14.000928
13.027283
14.026175
14.007442
24.005482
15.000928
9.000928
14.008629
39.000928
18.033914
17.000928
16.016249
14.007323
26.016242
11.004618
18.000928
11.007903
13.028612
26.000928
11.000928
17.011350
13.007943
14.008081
10.003952
31.000928
22.000928
11.000928
22.000928
14.012433
16.003932
11.017752
19.009135
15.004032
18.006030
10.000928
14.000928
13.022272
20.000928
16.000928
12.000928
9.015309
16.000928
32.000928
43.011251
20.012341
10.015389
17.023340
31.000928
119.000928
12.017695
11.172536
18.000928
19.000928
33.005110
10.023198
13.041660
11.036706
24.000928
28.000928
10.000928
31.020054
12.006637
21.021483
9.013363
9.048594
14.019411
11.010773
28.000928
13.005731
20.000928
14.000928
24.004163
18.006822
45.000928
13.015741
11.000928
23.010853
35.000928
18.000928
16.000928
7.012445
14.014117
59.000928
9.005561
9.000928
16.000928
41.009728
29.019938
24.015241
9.013003
11.009441
12.039980
87.000928
17.000928
18.047286
10.023886
18.032810
24.006988
14.013511
20.000928
12.000928
26.000928
28.011945
9.044095
16.000928
12.012817
36.000928
9.002360
12.025386
19.027416
14.025876
10.000928
36.000928
32.000928
13.026523
10.023282
14.011247
21.012505
19.000928
17.000928
28.009528
14.041913
10.011130
33.005610
10.000928
10.014629
28.000928
11.000928
16.020468
10.004243
11.000928
41.017025
9.023437
14.013855
19.030663
19.011582
26.000928
10.000928
162.008950
32.000928
13.000928
21.005971
14.011219
15.000928
18.014624
11.018562
17.007929
14.005570
20.004767
18.034957
10.000928
13.006082
10.000928
16.000928
21.005396
25.006717
16.000928
14.000928
17.000928
31.000928
13.007809
12.002220
9.062559
31.000928
30.000928
17.000928
18.052703
20.000928
11.000928
12.005404
19.000928
19.000928
16.000928
11.006029
14.010675
16.003270
22.018260
17.003632
12.000928
18.055835
11.009441
27.022206
34.005910
29.007462
15.009579
11.006337
27.000928
16.004198
16.007228
21.000928
13.000928
19.002400
21.000928
16.010499
16.000928
12.008215
17.000928
13.000928
13.005995
16.000928
12.011070
16.000928
15.000928
31.007969
16.000928
12.000928
61.000928
16.017274
9.007835
9.012127
14.010759
34.024125
14.009615
10.004643
24.000928
33.009867
9.009513
19.033471
10.004032
11.000928
16.005570
19.006050
14.005950
12.006657
16.018831
16.000928
13.000928
33.002220
19.007568
12.011273
31.013497
14.029856
13.012745
15.025660
17.000928
12.000928
14.000928
21.000928
16.018450
