26.063839
55.040246
18.010819
57.014909
39.011513
14.015421
46.010599
22.048048
29.034481
18.007397
23.026291
20.018252
18.008801
14.053986
37.007123
46.021336
16.008229
19.017121
29.028925
16.006322
28.009187
31.008799
54.017735
30.019579
18.016211
15.034285
30.015070
23.018996
26.021265
91.005571
21.021736
42.061231
16.058999
15.028541
26.005437
21.005941
28.018466
17.007869
30.029423
25.007217
20.021549
22.028637
25.014484
18.009394
57.026480
51.044624
18.032325
21.019992
15.030123
33.010043
17.009441
22.000928
57.038386
26.033165
26.036933
34.015395
19.030511
88.018260
18.009861
38.031147
17.007463
18.008775
33.005225
20.006917
25.041137
70.018808
18.050186
24.046656
26.026345
45.016754
28.023095
20.008295
18.022176
23.018922
27.021850
32.011033
24.006457
29.039289
20.012006
48.016601
22.029496
39.031655
31.006416
64.006542
20.021132
14.010839
26.020158
16.098534
67.037968
20.000928
18.015183
19.036124
60.014401
21.011505
43.015550
26.019665
37.019252
24.010187
80.009447
15.026688
23.005370
31.021236
16.030949
32.030055
21.007151
21.006342
40.010479
20.010627
25.024880
37.015976
21.005005
45.015076
46.006963
17.056804
80.013177
20.010841
40.015469
18.037641
20.007695
23.012731
50.010699
26.015409
20.056286
27.037570
19.016100
29.014397
30.017128
34.036084
21.059538
15.024995
16.023366
23.050409
58.013498
240.007216
30.029478
46.033785
22.031056
63.007969
23.015964
37.028494
30.012343
30.016368
16.036698
40.010739
32.020806
18.007048
15.025941
49.035720
24.017641
20.013196
26.005370
19.038471
25.009561
18.009933
23.030934
20.023164
25.009369
17.004990
29.031393
21.015679
26.017965
31.009625
34.016938
22.009767
48.010854
92.006563
31.013235
39.007268
29.039915
24.024817
30.025044
56.007368
33.000928
43.009659
81.003538
29.010253
31.004032
32.010093
51.029643
49.016195
97.019320
14.051054
15.023682
24.022578
16.016021
41.010527
25.029319
34.031389
61.019182
41.008621
35.000928
26.005524
20.029420
17.023749
45.017620
64.032746
53.018262
73.006797
28.013743
24.055389
23.005250
22.013833
23.005755
40.016401
24.029802
24.014558
14.012451
28.004502
48.007168
43.022461
41.010573
23.044199
19.018932
14.017443
49.016260
25.035205
15.019458
76.016394
58.033114
19.024808
18.012403
40.009727
44.018240
29.039350
37.023049
18.035742
20.019553
20.013669
33.011093
15.016974
14.009243
45.015296
32.033158
38.003838
56.018948
18.006596
39.006516
20.003498
28.010247
20.029571
24.045115
15.011399
71.020824
21.001946
40.012752
20.003998
27.016347
19.013978
16.010461
51.022892
18.027859
