108.004543
40.005350
54.020644
53.005985
18.008101
48.019032
47.016767
94.012551
133.005745
27.017467
61.020864
26.016607
24.022036
47.014143
26.012997
56.006997
23.017784
44.019311
45.008749
26.013683
25.008375
67.009753
58.005625
33.029219
28.016208
38.012591
35.014203
54.012471
67.020322
44.006477
29.022254
41.012377
87.016988
54.020949
47.022768
49.021806
51.013351
31.023608
37.008049
31.008375
33.010367
23.012431
41.016387
67.006817
118.005885
52.017779
58.015055
31.028999
86.007123
30.005491
39.008735
44.005405
125.025950
32.015335
69.015355
43.006065
58.023528
29.014009
35.005304
29.002520
27.014755
25.052822
76.003672
44.013803
35.018319
23.021164
158.010651
55.019192
44.003952
46.008975
82.003812
35.013943
30.010779
49.017342
87.010919
39.010879
64.021896
59.006843
27.012417
27.015375
35.016833
52.013345
32.015093
51.024280
49.013319
44.006823
36.016607
32.012671
47.040208
46.016807
75.012891
38.020422
35.012571
47.003972
36.029404
55.005630
34.017067
24.016707
57.009907
32.024514
51.012531
82.015321
46.009967
25.026593
36.010699
26.010579
51.023048
97.007835
69.014875
29.005550
89.015415
31.008635
43.019598
33.012071
56.017960
102.011799
36.013743
29.015375
24.021836
42.012351
21.012451
77.012391
44.016867
25.006623
53.015807
70.008581
58.015435
35.014183
34.009567
53.019891
49.013783
30.003952
23.007775
64.008255
40.012762
47.008549
40.015375
94.011219
29.017759
44.012251
49.012311
29.013131
34.007228
118.011059
55.017860
36.012611
54.010799
58.021074
88.033311
44.013683
40.020824
143.020604
42.020624
58.012831
43.020784
68.019906
164.017621
51.008289
64.018439
