113.005505
35.083317
21.027879
40.008675
22.017533
33.028085
25.030524
16.044681
53.003793
34.038966
45.009893
26.020299
29.026978
24.047220
26.004885
32.022056
20.005585
41.013383
44.049286
19.032279
32.014466
26.012877
22.014387
52.005865
26.024302
16.014261
26.019724
45.011905
51.011407
101.073744
31.005525
49.023282
33.019592
25.005185
23.005365
24.025998
16.038295
41.018504
89.005345
44.005105
23.011613
25.048640
19.068722
19.026992
22.012537
17.002720
22.004985
27.034756
29.006005
38.010950
32.027909
18.009873
21.032634
38.005585
54.005561
26.015289
14.030681
21.059565
22.026146
122.044026
60.028837
41.005384
34.005245
52.005545
29.020646
22.017359
28.026633
37.008403
21.021731
52.032295
24.044849
33.000928
22.024135
47.022638
26.020298
23.005505
37.002606
30.004965
25.002300
44.042358
33.033305
35.007949
25.032356
37.031012
24.042122
35.029751
28.036144
29.005025
16.012005
18.005305
22.040569
40.026896
16.032165
29.005365
35.015875
21.014197
35.021961
19.032171
29.005305
23.031381
22.020338
21.003593
29.006537
24.003693
51.004945
62.033426
33.005705
40.025070
27.117710
26.023382
24.025001
38.016422
19.045122
35.018199
20.012285
20.009015
24.026342
23.000928
37.061725
50.024686
16.068491
18.018826
137.005545
58.021286
25.016101
15.016722
24.029677
27.036290
44.038180
39.019002
25.018233
23.044284
30.056620
21.021875
42.015569
20.007167
22.016091
78.006923
44.020494
41.023740
39.035693
37.005205
59.005605
24.005405
17.008250
27.019188
40.039484
47.020534
60.041762
49.039146
60.010753
44.019265
24.025627
48.005805
31.025975
23.022541
25.018174
22.024460
27.011639
22.023684
33.016847
33.000928
30.019926
25.022424
161.011187
18.026527
31.000928
29.050151
166.005045
22.014798
35.043610
43.000928
27.002460
32.036180
25.015009
28.020976
17.032946
19.019970
36.040921
25.024700
28.039681
35.031791
232.005185
36.024900
28.005376
24.044155
40.005415
23.015729
25.005385
33.015289
25.005225
23.021082
24.026212
25.018486
20.015341
27.023100
24.040679
33.004806
27.004865
34.005465
32.002806
43.010910
50.025560
29.004945
29.005645
19.005525
36.033673
37.005865
16.019366
37.047486
25.028652
35.013363
29.009281
32.013869
34.005705
20.004133
34.005505
42.005425
17.031916
