18.004112
13.021724
14.022630
32.003932
13.016847
17.018159
14.017161
14.022636
14.008383
18.003892
18.004072
11.016025
14.010587
12.003552
13.000928
12.003838
9.038838
9.011373
9.015675
9.007981
9.031446
20.000928
13.024910
9.007349
27.004012
37.004012
23.024828
9.024118
46.000928
12.015797
31.000928
30.000928
31.042955
109.017809
27.000928
8.000928
9.003712
12.005850
14.005510
12.004032
18.004012
12.011661
9.008415
10.008173
21.003952
21.011885
9.020036
19.017234
9.033159
40.006993
84.014260
13.023184
21.003992
20.003712
16.009615
9.016436
19.005790
24.035192
19.007203
21.000928
10.003832
20.003892
25.017001
9.005871
9.006249
17.004132
11.013078
12.004092
18.002840
12.006968
14.009141
14.005790
12.006910
16.014581
41.000928
12.010791
9.008208
9.017388
14.012557
14.015375
9.020012
21.000928
12.005202
15.014241
13.007582
14.023017
24.006883
9.021064
32.003532
26.013315
9.029286
13.000928
25.005390
9.011559
14.012337
63.003852
15.023525
9.019552
12.003712
16.040842
14.014337
24.023762
14.010745
14.027068
9.012937
14.005457
14.011379
51.003732
19.002460
16.003732
30.020543
19.015387
9.005851
19.020380
9.009487
22.003852
16.024556
22.005674
23.000928
12.005990
39.011787
14.006751
14.021712
32.003772
11.025387
9.018923
12.003732
26.043613
9.039595
14.016449
14.011579
9.008683
18.003572
25.007182
17.003712
21.006479
9.005510
9.010919
9.019172
14.011137
22.003612
21.006290
17.000928
24.000928
21.027410
19.011445
9.044174
14.025888
24.007509
24.012657
21.004072
12.008215
9.014710
9.033899
9.010825
14.010047
10.003952
16.003612
16.010033
16.000928
34.002126
10.003832
18.000928
12.030874
14.034174
9.013226
14.010466
14.013891
31.003632
32.021560
14.019845
9.028802
9.009941
9.033988
9.010939
9.028628
14.005870
9.017701
9.023262
9.023340
14.014204
9.005511
11.000928
12.019261
21.000928
17.026760
9.030490
25.004052
13.007163
14.018280
12.000928
19.004132
23.003652
18.003532
24.004112
11.002220
11.024390
27.003692
16.042618
19.005371
14.015263
9.012291
19.021113
10.000928
37.003892
48.000928
19.003772
16.013197
9.024485
9.033274
16.000928
17.005657
15.000928
8.036318
12.002220
16.010778
17.003852
22.008849
13.028564
14.008088
21.003612
33.004052
14.002360
20.003592
17.047616
11.000928
12.006070
9.024848
39.023592
9.005631
12.003972
13.003952
48.004032
13.012187
14.022624
21.003732
12.011259
11.000928
22.016536
10.024249
29.004283
13.023132
9.020881
9.004937
19.021455
14.011165
24.021439
22.003932
21.006949
9.005490
14.024424
10.002340
10.000928
13.004462
26.003892
26.013406
22.003552
13.002460
12.030932
17.004092
16.012273
14.009755
27.003812
39.004052
11.016802
14.008821
9.010865
19.022628
11.000928
13.000928
13.014095
124.007842
12.000928
14.003772
16.010501
19.006384
31.000928
17.011539
29.014508
9.021338
21.000928
12.009433
17.002220
14.003632
19.000928
11.019934
14.005771
9.011745
123.003772
18.003812
11.033623
22.003592
18.000928
12.011007
17.004092
