133.003692
28.025743
15.010107
33.007768
26.003792
12.054403
18.026947
50.013906
10.010577
19.003652
18.011235
11.002220
18.004192
24.003792
19.004032
18.006982
14.043262
15.019414
43.008920
13.009861
31.003612
17.019458
26.014629
19.003952
13.026706
31.008029
38.008449
34.003952
18.010300
22.003652
31.020792
21.012757
52.014583
16.000928
32.009548
30.022544
15.002386
9.032039
9.015936
22.012711
15.007855
14.005705
14.012877
23.005950
9.018912
14.010827
12.004112
27.004052
19.021297
11.000928
36.010095
23.012406
20.008369
11.005204
14.015870
38.004052
13.039301
19.011907
15.016827
12.008979
20.014001
14.007762
25.003572
12.000928
22.004132
12.007653
16.000928
18.003852
60.026362
37.018558
17.007935
11.013151
21.005624
14.003788
29.004072
12.051661
12.005425
15.000928
25.042064
12.005425
31.035039
11.000928
44.032354
38.003652
23.036948
51.008309
12.032725
16.003692
12.007128
11.004092
9.010845
17.041830
19.012279
12.024628
18.003952
19.022237
18.005765
23.010867
11.000928
13.009009
13.030835
15.003832
11.011233
18.000928
12.008748
10.023182
18.006150
15.010831
19.008409
18.007362
12.012975
18.003732
12.012179
19.009179
11.000928
37.015039
30.003732
13.006682
29.026618
15.003792
18.008494
15.011811
9.008589
19.003872
12.068914
21.003852
23.002220
36.063098
18.003852
10.003652
23.008129
18.027700
16.003532
12.018635
27.003852
18.009930
37.008568
15.002240
23.046704
11.005225
12.006542
16.000928
23.016149
16.005225
21.007242
16.004132
22.013891
16.003572
19.002220
19.003792
17.011127
10.005204
16.005245
26.022276
34.025710
25.006676
39.003652
24.003912
13.049547
15.005285
13.016577
31.021802
18.000928
11.013801
41.006010
21.003832
19.004012
14.009521
24.019253
14.003952
9.012030
18.006656
13.014791
11.008209
23.021444
10.003752
32.014229
16.000928
24.032994
27.023679
16.012591
22.007088
16.015095
23.005390
9.018120
18.010072
9.034686
25.004985
15.008589
22.007820
11.045429
20.011173
31.020677
11.006762
18.010067
64.005645
19.003972
11.036244
33.003898
17.016973
14.028893
11.008509
20.031025
18.003812
13.030146
9.012711
15.019728
15.011453
26.005430
30.003532
33.010020
11.004012
11.004152
26.003692
24.003532
14.000928
10.024222
19.003932
14.003592
28.003712
44.003912
15.002446
43.003852
16.046630
18.020844
12.009253
14.008348
11.005445
43.006265
23.013088
11.003948
12.012505
12.005205
38.016619
13.004012
14.012871
23.009519
16.020270
18.004012
20.005545
18.002220
14.003978
10.003752
12.019618
25.002420
18.022084
20.008389
18.012377
9.013963
11.006776
14.020483
37.011471
10.006717
13.020580
11.010513
17.013645
10.005765
23.027404
21.015881
23.004148
39.000928
19.004092
13.061932
16.003772
13.006210
13.005510
11.003852
11.004272
42.023848
94.003852
12.033028
13.010191
12.005530
17.022316
30.005754
13.005890
21.005204
27.014835
9.047201
30.003952
34.004038
15.003912
19.003988
13.003712
23.011271
14.010257
27.002306
33.003972
11.002326
12.012190
12.019138
20.000928
15.025018
27.021979
24.026241
10.003314
29.007517
13.016470
11.007297
19.004012
22.046466
20.003798
13.023976
25.002340
9.010141
29.008749
13.010279
21.000928
12.049510
13.002566
16.003632
18.009155
16.014558
22.035929
22.032983
28.003792
