12.006025
9.033098
24.009887
20.005265
8.098013
12.005165
17.005745
13.022677
17.007287
15.005145
82.002406
23.005325
23.010993
21.011045
38.003872
20.004052
39.003892
19.010947
28.004172
24.020998
39.005685
24.005505
13.021931
9.026898
25.005265
34.008770
39.005445
24.005765
34.005505
25.010953
32.032099
10.005345
18.050860
34.007814
25.016725
14.022926
16.002380
41.017988
36.005325
9.021790
16.005885
30.010367
15.005465
14.005545
24.010441
13.046362
15.009130
10.017420
33.003972
20.005645
12.015243
16.053780
19.018420
23.008155
9.012345
100.007767
12.005656
30.005765
19.004032
38.010553
55.008999
23.008261
26.008499
55.005285
17.005625
14.003593
13.018671
45.003712
31.004614
27.004064
34.000928
40.004945
38.005465
18.033627
21.005285
18.014065
264.010803
24.005485
11.005285
23.006857
57.012977
26.000928
23.005725
30.005285
43.000928
10.009560
22.013561
17.009501
32.009821
24.000928
19.002260
29.005165
14.005825
28.007482
38.014534
25.018455
30.022992
19.005985
20.005345
23.011613
134.005285
9.018439
16.005505
21.020092
10.014097
13.008554
17.024720
27.002840
24.005305
11.023628
21.019319
44.011739
14.018919
11.006657
23.007142
14.004985
34.005385
19.005345
24.005365
24.025452
44.000928
23.006869
30.020412
29.005445
13.016467
25.005705
18.017475
17.031083
18.004232
18.003612
10.027521
10.009667
13.005705
31.009833
14.009667
20.005425
25.005705
10.007507
52.007583
54.004213
24.000928
44.000928
13.026654
20.009501
13.013991
11.006637
63.005525
18.011925
24.020391
19.016261
105.005485
44.005965
44.006777
15.005305
32.011467
25.032705
18.006251
10.031256
19.008329
19.014417
12.005125
14.024815
16.005524
16.008609
17.012585
19.010531
14.014957
18.038158
13.026549
10.060132
10.005745
13.014489
25.005405
12.008489
45.011146
14.031980
20.005125
18.022173
24.010171
20.009321
16.002780
19.000928
52.012265
29.005685
13.018047
26.011330
73.007503
24.005785
18.030618
9.018470
20.005965
13.009927
23.044374
11.008195
14.030149
35.009429
23.000928
8.022396
27.005205
32.005884
30.009929
58.005785
34.005425
18.030469
16.012110
43.000928
24.005765
24.005605
13.041555
55.004925
19.021460
28.005810
15.005305
13.016294
19.036139
20.005885
14.005585
28.002220
39.012965
24.024468
15.000928
19.000928
16.005545
22.002600
29.014457
32.006722
10.010613
29.005885
13.012477
18.004905
32.005545
13.005845
14.013594
13.018527
35.005265
34.005765
13.042414
12.021107
16.021379
9.021982
14.030317
12.005625
12.005185
21.007017
22.000928
34.005225
19.013231
13.010407
26.011010
24.023199
17.021627
15.005485
28.007222
14.008575
9.020558
17.004965
22.000928
13.023727
30.005805
39.005185
28.013666
9.016725
15.005485
20.005505
39.007969
53.005745
23.012654
60.007787
44.007463
18.043110
9.014269
12.005065
37.005365
9.010317
30.005465
15.004253
32.005525
29.000928
14.012625
9.019764
16.005865
46.011584
34.015720
24.008834
35.004424
19.005545
31.005545
62.005465
14.000928
13.082779
24.015479
27.005605
