38.000928
24.003612
29.003612
18.006251
16.013223
19.008129
13.016889
23.007662
14.016267
13.011353
76.003712
15.004012
14.026280
12.013871
15.007595
25.003952
13.002286
14.008695
11.005285
11.039177
30.000928
13.036445
14.015635
20.042555
33.013183
14.017565
24.019700
12.008789
22.000928
64.004467
19.008329
12.003592
15.008435
14.026133
13.010993
23.008915
20.006863
35.062583
15.009367
12.006957
27.003572
19.005495
12.028985
19.027923
25.003972
15.014694
15.027915
28.018204
17.007062
13.005465
15.058936
10.009307
24.004533
28.016885
16.003572
16.006617
31.000928
33.006942
20.004072
14.000928
19.011831
30.008915
10.009099
12.004112
16.007197
11.018965
25.013035
11.003792
31.007367
15.010495
11.009661
22.008335
15.000928
23.003789
9.068046
29.004502
11.005595
18.002820
17.016505
11.044426
17.026080
14.014037
21.002740
17.006050
9.060531
16.012751
17.020961
21.010087
23.000928
18.005890
15.009714
19.003952
19.024570
23.005450
14.028726
20.003952
11.003852
17.035513
15.006335
16.009749
55.015841
15.008655
13.017482
18.003552
11.003652
13.010993
15.028643
19.002220
11.006703
26.007003
14.021441
20.014166
21.003692
21.011113
11.014006
25.011613
9.027217
17.003972
14.006977
14.009327
14.000928
23.002220
19.006717
10.013291
10.012074
11.003752
13.027167
16.016083
10.005795
13.010193
14.037140
16.009667
15.019512
12.006297
9.030494
25.003972
14.007709
12.007123
9.020192
14.016583
10.011471
19.003752
28.008683
16.003952
14.011439
12.016712
10.006437
21.004072
14.011133
31.006802
19.015605
15.003992
14.009313
11.020904
17.003732
25.002320
11.019330
10.051000
12.019344
11.010965
12.003912
17.011443
9.010261
14.007809
10.004053
12.010503
19.005510
19.012171
19.013417
22.003792
13.018920
39.012247
16.006976
15.008461
14.008455
10.003672
10.008835
11.008715
15.037441
17.003952
12.014366
20.003632
19.012245
15.005585
12.010834
39.002760
13.010347
20.008315
10.028167
15.005950
17.000928
15.005645
19.000928
15.004052
19.018801
18.003532
10.005570
31.027764
14.005390
10.014998
29.005265
11.005405
11.007422
19.025872
14.028626
15.003612
18.003818
9.123746
12.006757
13.003932
19.008575
11.005765
20.000928
14.005385
17.016641
8.023059
11.055498
10.009974
20.003992
9.029416
13.000928
23.008823
29.007602
10.011510
28.007483
12.000928
11.027865
9.131173
15.016469
11.003672
15.009155
45.003678
26.003732
12.013351
12.004092
