97.015649
32.026856
38.018026
41.008189
35.029531
22.003792
20.008469
72.071775
18.004945
16.013503
40.005024
15.044978
13.008349
21.041299
30.020625
35.026310
34.027056
15.016320
17.000928
23.000928
40.013983
24.015345
23.000928
46.012705
58.045023
22.025140
33.005984
30.011725
55.004362
45.011211
42.022422
25.017081
15.010093
57.015602
54.036564
19.048053
34.031923
19.018832
19.032381
35.004602
18.040778
14.031010
26.023369
22.008215
34.045210
49.005676
19.042058
34.034175
19.042558
35.008189
18.038828
34.048783
14.035989
26.021290
39.031240
32.028594
25.014029
15.031441
24.036823
67.012777
25.007808
33.043933
39.009880
28.005284
22.029969
29.008049
17.010307
41.029995
22.042153
31.027311
15.022588
32.004109
40.040465
29.014051
42.033806
74.035105
23.028942
38.048447
53.011387
24.012071
24.039155
18.007835
13.051960
19.012265
20.017729
60.037031
49.016313
27.034764
35.000928
48.028817
50.015788
43.036254
36.008249
17.025264
14.006983
18.008089
41.028212
22.007749
22.048619
27.011645
27.003752
56.031431
44.034154
19.011161
29.008027
50.021685
15.028218
164.076755
34.038163
29.030582
32.003738
34.010127
19.014323
46.028407
47.028051
14.031210
19.023180
24.010087
34.004993
26.025180
17.023259
44.043897
31.013009
27.005382
49.022760
34.033135
18.008029
25.015485
29.018092
16.017068
52.019632
144.009967
18.008589
20.016741
19.015815
14.018180
19.011249
27.005144
36.040917
74.019526
18.031043
32.034850
34.004032
24.034246
34.016734
21.011904
55.028756
23.008329
25.023595
23.017705
26.031355
26.009687
26.033447
18.027531
40.038309
34.019224
29.010239
61.036205
28.009661
26.008029
35.005084
22.019086
29.020424
27.011565
17.014243
24.008209
22.005711
14.000928
53.025324
25.000928
24.038662
43.030541
18.008489
25.015240
54.004326
24.010991
42.044059
35.005064
35.028845
14.005410
17.003732
22.004985
29.004482
28.024520
24.027148
25.019442
32.004012
