13.013625
38.009481
22.025832
32.015776
22.022312
12.004028
17.011119
19.018199
20.022930
16.004112
30.047439
15.017705
23.008375
14.045096
12.051702
19.018957
12.010593
14.031572
17.008772
35.056003
15.011773
12.004112
16.013185
22.010733
18.042802
12.016151
14.004825
14.010347
13.035497
25.004052
15.003812
14.020292
27.032591
25.020854
20.011765
21.004052
30.007469
20.011633
12.021586
14.009681
22.067047
22.021678
10.017895
11.004052
41.045989
32.008941
17.011293
24.013465
22.000928
26.012233
19.005250
20.000928
14.003712
34.006330
23.008149
13.087103
15.008589
16.004498
37.005224
13.057778
15.011393
13.041633
19.024329
20.003952
15.014803
12.062111
12.002950
18.012775
16.007729
17.000928
15.074577
14.013291
21.010387
13.004032
26.010021
13.019892
20.003912
11.037198
16.132530
25.027484
17.051872
17.072958
20.090589
21.007016
13.014355
16.013917
19.000928
38.017609
11.015291
20.000928
31.008929
23.030227
23.026925
26.003773
18.070157
16.049235
22.007921
23.020684
15.080518
19.006783
14.017960
14.027195
19.007002
12.101725
33.000928
18.014335
17.004092
20.048908
19.006476
14.019704
11.023408
13.009149
23.016853
19.021657
14.038866
14.015980
14.016614
19.056083
15.003632
14.010513
16.009219
14.020949
11.098644
15.067062
12.004032
25.009506
15.003612
13.080479
24.061885
11.007949
13.010061
18.021352
16.011810
18.013431
12.010486
26.006617
14.003772
23.021349
14.078058
18.004898
30.044976
14.088409
22.018539
14.000928
26.039321
18.002220
15.010067
19.002220
17.020700
46.025165
21.003692
28.006597
28.015716
14.018845
19.042409
11.004072
16.007809
21.004072
16.106872
15.010061
28.000928
22.008069
19.011083
18.020366
14.046359
15.012299
13.023184
18.053181
21.013281
18.027925
17.018119
16.025600
15.008489
23.025358
15.003732
18.033175
19.027044
20.003712
15.020492
17.021681
14.005690
15.004032
12.004112
22.012153
14.023429
17.013683
13.003752
20.096122
20.004143
18.084676
21.024148
12.013031
22.000928
15.000928
35.078988
10.026824
20.015610
27.014199
14.041967
21.014636
11.019964
18.015304
16.010073
20.011803
18.007541
13.002400
30.031525
15.010437
15.016022
18.015989
18.007883
17.104728
18.104460
23.010411
18.013125
15.003812
17.005650
39.004012
25.011285
14.106862
16.017268
11.000928
18.007910
21.007123
10.027050
13.010852
23.005835
16.000928
18.147878
19.033780
11.003532
15.016966
27.013675
14.012189
12.038028
16.010699
11.000928
13.000928
23.006937
15.000928
14.017067
18.010631
24.003672
23.007102
29.016828
14.057351
14.036495
24.043938
17.082190
22.011293
19.012681
13.025522
20.018686
12.003652
32.011933
13.011330
13.016766
28.007368
10.039665
14.034880
20.015889
17.003852
26.033600
26.000928
16.019689
37.032586
16.005810
15.000928
18.025626
19.052642
13.004363
16.119507
22.003908
11.011713
16.000928
18.021277
38.003952
20.009741
27.027251
25.004052
21.050751
16.010767
19.028039
20.005750
22.000928
15.013693
24.067598
14.044837
15.009640
18.045258
20.011293
14.011133
23.005797
14.072926
13.006330
44.003652
16.013775
23.047204
14.041798
12.010041
21.061377
14.061920
19.005330
15.010101
34.016198
18.017919
14.052501
20.003274
24.020144
23.057048
19.025744
19.016507
13.002280
23.011933
16.018712
15.017414
28.030585
16.000928
23.003712
16.000928
21.013585
15.015495
19.022071
16.012833
13.003852
18.013375
24.011673
34.000928
19.013623
18.030123
20.008009
13.048666
20.003612
14.005304
11.019229
11.042989
15.015977
20.011886
14.013555
17.047150
29.027318
14.008580
19.021026
15.017110
18.020343
13.003632
31.020718
19.015953
