33.002540
6.002260
6.033568
7.002700
9.002720
9.002620
7.002460
6.002640
17.002820
11.017634
17.002846
13.029325
12.016262
4.014184
6.010141
7.022298
6.007342
7.022582
12.000928
5.011493
14.011513
10.005370
11.006298
5.013035
18.010527
8.009741
25.014415
6.014589
7.036986
14.022784
7.004258
8.044488
10.035275
11.016607
7.022110
14.005330
7.003832
9.003712
6.010873
7.002560
15.010833
8.017595
6.005950
11.039871
7.022459
6.011519
6.019735
10.003778
11.009289
11.010293
8.008329
6.016222
14.004258
6.024134
15.003832
9.003672
9.022192
10.007107
12.011099
7.004478
7.003732
6.004078
6.007921
7.021478
4.030779
7.000928
8.017807
7.022264
6.031960
9.016814
6.010673
10.017666
17.031873
4.023936
6.005910
6.005870
5.012199
10.011633
28.003532
14.020984
4.023241
6.005370
6.020390
6.010739
14.000928
9.010553
7.008874
7.010047
18.000928
10.022438
16.014189
19.014775
10.010773
10.007117
10.011653
13.002440
20.005470
11.040311
7.006010
19.005470
6.010367
6.011115
19.003832
9.008169
13.010417
14.011393
22.024500
