7.044354
5.000928
6.005665
6.020118
5.000928
5.000928
13.000928
5.000928
16.003973
10.010187
9.020978
5.000928
6.005545
8.052871
18.017083
8.012913
11.022394
9.018760
37.024950
11.007949
4.027158
9.005510
8.000928
5.016420
6.003912
22.002406
4.025982
13.004032
8.010813
9.019519
15.006697
15.005630
12.037042
6.000928
12.036521
6.003858
8.003532
8.024601
6.000928
7.021534
15.000928
5.004233
4.024548
7.040953
6.009307
9.000928
12.037073
6.000928
9.000928
13.000928
5.000928
8.003066
6.003612
7.010441
15.000928
7.060219
5.003852
20.005250
28.000928
9.000928
9.002686
5.007783
9.000928
6.009801
7.008469
12.064455
6.000928
6.005245
4.003592
5.038003
6.006703
6.004473
14.045414
6.012611
9.000928
6.027959
6.028105
10.000928
5.000928
9.012203
7.018786
6.004113
8.000928
7.003932
3.031781
6.014981
5.004198
10.021668
6.003613
5.003738
6.000928
4.038341
14.002620
6.005245
15.013803
6.004332
11.014438
7.002566
4.029089
18.005475
6.009647
6.064124
6.000928
5.000928
6.037762
5.009579
5.000928
6.007901
21.000928
10.000928
9.003612
19.022968
7.031139
6.000928
8.000928
5.011013
9.025748
9.004252
9.000928
9.002220
9.046332
