4.010497
4.010565
4.006443
4.006757
4.016282
4.005210
4.012351
4.010933
4.010893
4.008095
4.006702
9.006237
4.013537
4.017734
9.009921
4.015942
4.007629
4.006502
4.006762
15.012605
8.000928
8.011453
4.013457
4.009621
5.006397
8.009821
8.014737
10.011113
5.004132
8.011433
8.042214
5.009141
5.002666
13.016941
4.007849
7.014897
4.000928
5.059658
5.024134
8.005410
9.033272
5.016701
4.015449
5.003712
8.018574
6.022510
4.013443
7.006403
4.014057
13.017168
20.012045
9.009421
8.013799
5.020844
10.012625
9.000928
13.011845
7.017934
21.007077
8.032248
10.015315
4.014915
7.016501
6.022850
5.003612
8.007969
8.023183
5.015429
4.007955
4.014297
8.023542
5.010833
8.007908
5.013031
4.010933
6.015229
7.012685
7.013025
16.008703
7.012005
25.026062
5.012345
8.014635
5.011985
8.012709
9.017519
6.007769
13.008609
9.020304
4.012073
4.011673
4.012811
9.014741
4.006597
6.003772
7.020600
4.006997
18.000928
8.021090
10.006436
8.008767
5.012371
8.017192
10.018360
5.006637
10.012265
7.016241
5.016059
11.000928
11.009121
7.017894
9.000928
21.030851
13.028783
9.006983
14.029022
5.003598
4.017227
7.012633
7.010493
9.002220
18.011754
8.018259
6.005325
8.008449
9.005385
4.014043
7.021990
7.005245
8.005365
8.034823
10.020006
8.012159
6.012695
17.019731
5.006457
5.006536
