43.005245
5.005345
60.003853
19.003426
26.012871
22.005410
12.005345
11.007915
12.002800
14.003552
54.005225
9.003933
5.005445
38.003772
19.009279
39.003993
10.005325
9.005325
7.006703
15.000928
19.008735
33.007839
9.030636
5.004273
18.013871
5.005285
5.005045
19.004153
7.018100
6.000928
7.031741
5.005485
5.003973
19.009499
10.005125
11.012691
19.011239
9.022477
9.019485
20.000928
29.007267
29.007609
14.005225
20.005705
7.029876
9.009115
9.012677
5.005744
24.007287
14.010250
8.008521
20.005024
29.004984
9.005445
24.005565
14.005661
43.014409
10.004164
54.010990
14.011121
10.010850
5.005665
19.004313
6.015117
5.006977
