110.033886
18.122379
6.007427
37.017532
38.007357
7.003784
16.006577
24.011383
14.007837
8.030025
6.005684
19.020468
7.008255
7.009761
22.005424
6.005611
5.006702
10.022080
9.019322
6.004347
23.008789
6.005444
12.007129
6.009861
16.010037
9.024530
9.013531
16.009179
49.016062
22.009053
6.005476
7.020558
15.019892
8.015235
6.005664
5.016407
16.024766
7.012759
15.013425
5.039391
6.005576
18.002820
16.004004
16.010633
6.005496
11.018126
5.006783
6.005916
13.006817
6.022511
21.006743
6.008021
7.031517
6.005536
13.005464
14.007097
8.042538
7.005225
12.009215
13.025534
9.027475
6.006617
7.020004
6.006923
74.042686
14.007743
18.007417
10.013736
18.005490
13.014563
9.019590
6.002500
12.030748
6.007909
6.005590
16.009259
19.008575
10.038698
