28.007789
8.008634
6.000928
8.008429
8.013703
9.018146
9.010127
5.027118
5.019358
7.030658
6.017633
21.006050
12.014037
8.011925
13.028065
10.003612
5.034412
13.003932
8.019558
6.015989
8.008515
8.008035
6.021138
6.022796
16.018845
8.017387
6.000928
13.015088
5.013698
14.000928
10.010341
6.034945
27.012245
14.010170
6.035398
10.017042
5.017958
6.017813
15.015055
5.006396
15.000928
6.018005
5.044463
14.032865
5.020978
6.017633
8.017934
9.000928
8.011319
8.017049
7.010355
11.019538
9.040061
14.009787
10.000928
5.000928
18.012645
6.018299
8.005524
8.032228
13.009427
10.020182
9.013245
10.016442
8.000928
9.019631
10.000928
10.012805
28.000928
10.015642
15.007889
10.030535
6.014397
8.002406
9.000928
8.012017
10.007128
9.026412
9.005844
9.022138
6.018133
7.003632
9.003992
9.000928
5.047940
13.019689
8.018619
6.025666
6.023122
10.009567
9.030461
6.020158
12.029774
5.018972
10.003932
5.043415
11.035045
5.033373
8.014260
5.017294
10.000928
18.006343
8.018720
5.006677
8.019000
5.005465
10.000928
6.017953
10.024955
10.000928
10.000928
6.017693
15.051654
10.014617
