7.021666
6.007016
7.009613
7.006256
14.010953
9.021078
7.006836
5.023202
7.017048
9.027838
7.007116
11.040096
9.024408
10.008761
5.051889
7.026246
5.033147
8.024704
9.019424
5.016702
28.018667
9.006743
9.014641
9.016977
9.043700
7.008769
11.008577
10.010713
13.011166
9.025906
11.010381
12.020404
9.027792
9.028702
9.041421
14.011265
9.013983
5.031902
9.010301
10.009261
7.020606
9.039047
9.020977
9.014215
7.009761
5.024874
15.056867
7.009781
9.015389
6.038428
7.000928
6.025673
5.008249
7.009741
16.010247
8.023648
10.006417
5.050819
12.011771
5.019266
14.004905
9.003892
13.036208
9.016124
19.046052
5.014815
7.009301
15.015801
9.029394
7.009421
6.019444
6.010141
7.065891
6.009681
7.032329
10.020241
5.014501
7.023650
7.009441
31.010965
6.009381
7.010339
10.017099
10.010127
10.019646
11.022404
4.052944
9.006934
6.013371
7.025854
11.000928
12.024736
10.003552
7.010953
15.019586
9.005196
7.009421
6.060237
5.020179
11.006577
9.009866
6.015144
9.019246
9.018108
9.014895
9.013325
9.004044
9.013791
9.014001
9.016214
9.008855
9.006768
9.011645
7.006897
11.036930
5.017981
8.016802
6.009521
7.021370
