7.003898
14.007807
9.052374
13.003532
54.003792
15.007643
24.011826
29.040563
9.005531
10.006657
29.006297
25.006977
12.013123
19.008508
19.007269
34.039055
9.040756
9.006256
9.012517
14.013373
10.007237
13.005911
9.006269
9.007629
14.010027
9.011487
9.025956
14.021590
9.033250
15.008479
8.007243
9.007841
9.018637
9.006030
9.036133
10.006557
23.017738
9.006389
19.004298
9.010127
19.013684
9.005911
9.007323
9.045018
9.005590
14.011585
19.022302
9.013561
9.006923
9.008595
10.007037
8.009015
9.038068
9.009541
9.005270
15.014357
13.008455
9.011199
15.012310
13.006943
14.005611
9.005171
14.006843
9.057079
9.033035
9.005730
9.008821
9.035997
15.007257
13.009921
24.007223
19.006323
19.041456
14.017736
9.005730
29.009261
10.006557
8.045203
9.021055
14.007329
14.044127
