5.006247
10.009361
5.039196
4.017560
4.056781
4.032010
4.060213
4.012609
4.029608
4.017955
4.064000
4.025772
4.022070
4.038676
4.012243
4.060465
4.066628
4.013197
4.011785
4.020092
3.022522
30.005390
4.063980
4.022962
4.055541
4.020032
4.026308
4.030063
4.062525
4.044124
4.058727
4.040564
4.054699
4.024286
4.029657
4.035818
4.040308
4.037859
4.065477
4.053781
4.065513
4.036203
4.017800
4.050167
4.064283
9.032683
4.066980
4.022602
4.030481
4.020378
4.045951
4.039282
4.027040
4.048228
4.050074
4.050827
4.082632
4.069108
4.058875
4.035164
4.056447
4.017660
4.061147
4.062776
10.015377
4.038489
8.006902
4.060976
4.029127
4.069972
4.052837
4.019932
4.046394
4.065850
4.025719
4.061518
4.021985
4.024669
4.034111
4.024182
4.059864
4.054733
4.052882
4.038585
4.018800
4.047029
4.061841
8.046574
3.049808
5.012291
4.016500
8.009887
28.040061
14.005025
5.010533
6.024740
4.059438
4.039126
4.075622
4.066061
4.042247
4.064623
4.024282
4.011691
4.023404
4.023814
4.043990
4.024508
4.056598
4.057306
4.069831
4.043348
4.031765
4.020744
4.034385
4.057170
4.083346
4.031867
4.041712
4.039217
4.062906
4.028595
4.054500
4.021982
4.075345
4.053481
4.065260
4.010959
4.016813
4.051413
4.047015
4.035126
4.053387
4.016334
4.022662
4.023098
4.057830
4.063446
4.038372
4.061120
4.014849
4.021670
4.040746
4.071898
4.015627
4.040884
4.044971
4.031293
4.065935
4.025300
4.033570
4.037663
3.016442
16.012250
4.015609
8.045791
4.065543
4.047374
4.038562
4.025826
4.074784
4.042327
4.064364
4.073371
4.061368
4.040838
4.062069
4.055305
4.080321
4.033227
4.026890
4.056371
4.057241
4.074236
4.040739
4.011319
4.064914
4.039780
4.074172
4.071944
4.026593
4.035267
4.033619
4.054389
4.021171
4.020205
4.041428
4.051249
4.034411
4.072379
4.074603
4.058568
4.021702
4.053587
4.038078
4.021442
4.051756
4.055731
4.041234
4.036338
4.022731
4.020376
8.032634
4.016168
9.005230
10.056905
4.052625
4.054665
4.046180
4.016305
4.061692
