18.013199
37.008595
6.018866
12.026413
20.022164
9.024021
7.011473
12.031414
6.013216
7.022902
8.060530
6.011213
6.011113
46.009441
7.011753
11.013479
8.013551
14.024170
13.020034
27.005045
7.059870
7.025927
13.013565
11.020259
18.006577
13.022068
6.017250
15.021614
7.031493
7.013803
6.015470
10.012193
11.029363
6.011393
7.008049
6.011833
25.013826
10.032503
6.010627
6.015518
5.043070
7.033526
6.033537
6.011973
11.011033
58.013700
12.013065
6.025827
6.033641
6.014963
6.011813
24.011793
21.011145
6.010733
6.037392
6.014324
18.010841
7.019336
6.013603
6.011613
9.014051
6.014115
6.011313
16.011293
12.026095
5.011533
6.035518
6.013764
20.013659
6.039482
6.012634
6.016648
21.033232
7.009581
5.030781
6.010973
28.010701
8.038810
6.011293
6.010433
21.006937
15.020618
11.024479
7.006537
15.028218
8.020599
8.017162
10.006997
14.019306
19.016022
19.021530
6.011993
6.019585
6.010634
6.023861
6.010733
6.011073
