41.000928
5.005251
8.000928
19.000928
15.044149
8.000928
7.002806
6.000928
35.031103
28.000928
7.000928
16.000928
35.029002
29.004930
58.000928
49.020136
12.000928
16.000928
20.015783
28.000928
18.000928
20.000928
9.000928
6.000928
7.000928
13.000928
7.003612
12.000928
6.008889
32.000928
5.031909
14.009666
39.008368
14.013503
8.000928
6.000928
17.000928
16.018806
16.020196
26.060405
8.000928
10.045705
19.008175
28.000928
8.000928
26.015314
22.000928
41.016227
23.000928
5.031179
53.000928
7.000928
31.000928
16.008169
23.125742
8.000928
7.000928
11.000928
6.006897
