7.025716
7.014489
13.039145
4.022257
18.014517
9.007895
10.021996
14.010147
9.005484
13.012565
9.003632
5.019116
12.005231
6.028565
10.034231
7.021428
9.010393
8.030260
5.022331
6.036309
5.019213
26.016595
9.013672
15.011269
17.003698
9.012609
7.034011
5.020865
11.021976
6.032127
14.016162
11.005390
11.112813
10.043384
13.046371
7.009573
11.035011
8.032455
6.020444
5.012785
4.012005
4.020212
4.020418
4.012625
4.016422
9.011393
10.037826
6.012451
6.018951
7.018320
10.032737
4.018518
18.037873
8.013723
14.022310
9.020992
11.039998
18.019246
14.027124
8.016282
18.032913
10.023356
5.011219
12.011105
9.011759
9.008521
9.048249
5.020845
5.010619
10.009861
18.024566
15.046026
8.028990
8.014830
9.022104
8.022403
9.007462
9.022068
5.008435
8.029172
9.012889
5.010673
14.006557
9.015838
10.017773
9.024220
9.008155
10.041346
12.013983
5.038508
12.010425
7.034403
14.013205
14.011059
4.024714
18.031002
12.013299
6.034865
18.028031
14.008529
9.009215
5.026672
9.019128
9.017013
13.017044
10.032925
9.032303
12.045756
6.029239
10.029889
5.010919
12.014357
