5.000928
5.040315
5.013621
4.054615
5.003772
8.018296
5.006956
5.003732
5.003692
5.003712
9.005485
5.043736
4.073667
5.004012
14.003532
4.048326
4.008135
8.014521
4.108102
9.008661
4.045226
4.076551
4.080126
4.057149
4.068268
4.060520
4.071367
4.044834
4.072562
4.077920
4.051628
4.048500
4.060847
4.070655
4.063874
4.043762
4.069987
4.072254
4.056655
4.041030
4.045240
4.045951
5.002006
8.009987
5.005270
5.003712
12.017948
9.015155
5.003612
8.010273
5.003812
13.013824
5.003952
8.010745
5.003652
4.034319
4.018314
15.021836
4.017266
18.004965
9.012645
5.000928
4.052708
8.000928
5.007849
7.011465
4.033192
4.056290
4.057277
4.090033
4.066889
4.038559
4.055531
4.061878
4.033077
4.059615
4.090599
4.075955
9.034465
4.045572
4.063398
4.068038
4.072345
4.058258
4.082254
4.072682
4.066408
4.065871
4.065578
4.070979
4.058111
4.038430
4.063547
4.082534
4.050470
4.066870
5.003010
4.019752
14.000928
8.014343
9.027042
5.005785
8.049977
9.019978
9.021574
14.007162
9.021957
14.011311
5.006471
8.018713
4.061751
4.070063
4.059810
5.001822
5.005264
7.006828
4.092890
4.062850
5.000928
9.000928
10.029038
5.000928
8.007769
5.000928
11.044428
5.000928
5.007980
5.000928
8.013583
4.063256
18.005605
4.005525
9.003772
13.010515
4.078307
4.084837
4.067078
4.060448
4.082492
4.063026
4.048319
4.070395
4.030975
4.081589
4.068729
4.083228
4.080035
4.072611
4.063084
4.078937
4.063209
4.062191
4.068750
4.063095
4.059728
4.049746
4.037933
4.066996
4.070596
4.048827
4.062948
4.055806
4.060771
4.072721
4.075546
4.064965
4.047640
4.061675
4.054767
4.082354
4.070072
4.075191
4.064668
4.083186
4.037682
8.002740
26.005365
4.020640
9.013451
