6.011765
5.040539
9.009459
6.009881
12.015275
19.012017
5.017959
9.008608
14.009347
10.016854
10.024396
6.020023
5.031356
19.016527
5.021144
10.012391
5.039881
15.007263
5.012205
19.008208
9.007116
6.019452
6.024134
9.024934
5.018909
24.006316
9.006516
34.005404
9.010393
8.005916
9.010985
5.009609
5.016912
6.010835
10.035109
9.005690
5.012871
6.013479
17.025076
23.008295
14.016513
5.009407
9.031626
25.008005
6.032917
5.011179
9.008295
5.029390
5.024741
6.011945
15.012191
5.030776
6.012065
16.021283
6.014423
23.013985
11.007076
6.035417
10.014927
6.017800
6.020736
10.013025
14.014063
34.012851
29.009539
6.009507
14.000928
7.007934
6.009641
11.003818
9.011039
9.013010
9.014535
9.022596
5.013931
6.009061
6.018042
9.060793
5.010518
8.015661
6.014801
11.012651
11.017047
13.007367
6.020672
24.024388
15.017766
11.010334
9.016699
5.013161
14.007056
5.012711
10.006802
6.018253
5.012052
14.005144
59.003692
20.005124
5.005330
9.012491
6.058471
