22.005410
14.014273
24.002220
14.005930
19.002220
24.005476
9.008201
14.017215
34.020619
25.003066
13.017358
19.024415
24.017081
14.017048
14.009741
9.016543
9.022297
24.024771
15.006777
31.010881
27.002680
13.008615
9.010441
19.005310
39.009781
19.008882
9.005710
14.005536
14.011439
9.023963
9.005210
14.005810
24.006642
24.010987
9.026695
14.008675
19.008135
51.035213
132.016907
9.021811
14.013691
14.007202
34.009135
9.007895
19.029230
19.005450
9.022891
9.015137
34.009328
9.009705
14.017787
30.012917
18.005770
9.007966
26.004092
