3.063544
3.053122
3.029857
16.013883
3.048351
3.026947
10.009028
3.021704
11.008309
3.058683
3.024803
6.008429
3.035250
3.023722
13.002640
3.022065
7.041945
3.014437
11.008299
3.050599
3.017361
35.009607
3.017210
6.008329
3.083046
3.017228
3.017601
4.002540
7.002720
3.064464
3.020106
21.004603
3.061655
3.026844
10.024739
4.038476
4.028296
4.023148
4.026611
4.046039
4.026825
4.033160
4.026273
4.042810
4.031687
4.024820
4.019938
4.028738
4.040434
4.013829
4.024566
4.037661
4.027925
4.023130
3.017402
4.002220
20.010095
3.048563
6.011453
3.061268
3.017087
3.024066
3.016841
12.008521
3.017304
5.012403
3.018141
16.002440
3.047448
6.078890
13.016540
3.044242
3.016941
10.007571
3.020959
6.033695
3.046918
3.040225
3.020003
4.002260
16.000928
3.036485
3.017261
11.002480
3.040184
3.018819
3.025053
17.002540
3.060157
3.017501
3.036220
10.018805
6.011753
3.043165
3.026693
24.009921
5.009967
3.017007
10.027970
3.016383
15.044302
3.017321
3.036343
22.002840
3.071257
13.012225
9.023523
15.030451
3.016179
3.014937
8.010579
3.014017
3.041174
3.014517
3.010813
17.002740
3.042126
3.013737
18.002420
12.005854
3.042124
6.010671
12.025876
3.017641
15.018792
3.018779
6.000928
3.041346
3.018022
5.012891
3.017061
5.023586
3.018040
5.030203
3.017341
11.025966
3.042232
3.017261
14.012370
20.008635
3.016461
3.034942
9.022283
31.009527
3.019139
4.002380
8.029677
8.035378
17.011462
3.014297
15.010357
24.019844
10.003086
4.002700
4.002620
