7.025868
9.024800
9.023424
4.073523
9.050629
9.020850
5.002440
5.006517
8.003572
8.014059
9.018406
9.009927
9.022032
9.010539
9.011005
9.035681
9.043039
9.019625
9.011599
9.030549
9.009115
9.013255
9.024028
9.017119
9.015141
5.006010
8.016490
9.015093
9.027906
9.024789
9.027012
9.009361
9.017870
9.019706
5.002280
5.003912
7.029688
9.008715
9.026958
5.002760
5.011923
7.013831
9.017966
9.029922
9.021264
9.006497
9.027170
9.035275
9.037908
9.038490
9.018365
9.013257
9.013955
9.019571
9.016329
9.027779
9.005297
9.010273
9.009887
9.015701
5.002660
13.011771
9.005571
5.002440
6.003106
6.036597
9.011545
10.007323
8.034665
9.029819
9.022542
9.019366
5.002380
8.041610
9.030628
9.032970
9.048684
9.010831
9.035513
11.011321
5.046368
6.005290
9.038704
5.006363
5.028945
5.009015
5.027537
19.003912
10.009827
9.008927
9.013423
9.031812
10.005217
6.006716
11.013443
9.005896
5.002440
9.006477
13.005871
14.017606
24.008521
9.025066
5.004203
6.000928
20.004092
10.008641
9.016262
9.018320
9.009945
9.017157
9.046392
9.016953
9.027110
9.011705
10.004503
5.039306
7.042514
9.043530
9.039286
9.028346
9.024712
9.009307
9.015199
