107.023042
6.017020
6.005270
26.008899
7.006537
24.005190
6.006837
33.005391
9.012859
9.043386
6.013117
6.000928
5.055527
30.006733
14.000928
6.005170
6.048408
16.003812
6.011519
10.017454
6.010531
6.006011
14.008935
6.003712
6.002806
16.016661
15.006036
13.019650
6.015563
6.006583
11.000928
23.009148
9.002220
6.000928
16.005905
21.009781
15.007482
6.012511
34.014043
11.000928
10.005405
6.006723
5.019825
7.005405
7.000928
29.014449
7.006677
11.007017
10.023332
6.009055
10.012491
6.007422
6.011025
20.008275
6.005745
12.002220
6.006497
6.005271
16.003752
18.002220
6.009607
6.009567
5.017840
6.008783
6.006797
20.009427
9.047551
6.005865
12.008348
6.011159
6.007048
10.013571
10.009399
14.009090
6.008115
7.009475
14.000928
19.015879
6.011917
11.011091
9.023924
11.005505
14.006657
6.011439
25.024168
6.011039
17.018413
9.006902
9.005210
