13.005591
4.000928
4.000928
4.000928
8.002220
4.006822
4.005670
4.015651
4.009646
4.006296
4.008035
4.006823
4.005051
4.005050
4.007083
4.005696
4.003738
4.008927
4.009115
4.006482
4.011095
4.011419
9.019878
4.005150
4.006276
4.009494
4.006788
4.006683
4.008495
4.005410
4.006563
4.007122
4.008255
4.023638
4.023456
4.009767
4.010985
4.005510
4.009707
4.008500
4.007441
4.019946
4.010386
4.009321
4.005030
4.005390
4.018668
14.017097
4.010959
4.012923
4.007734
4.008575
4.007262
4.011160
4.006943
4.007788
4.019545
4.004158
4.010119
4.007994
4.007143
4.014383
4.006862
4.023390
4.009321
4.005630
4.011239
4.021351
4.008082
4.043172
7.000928
11.006170
4.008953
4.008708
4.007348
4.007042
4.010607
4.011871
4.013903
4.013637
4.009154
4.008375
4.007182
4.005850
4.008675
4.007200
4.010233
4.010147
4.006383
4.008615
4.005636
4.010867
4.026375
4.008761
4.010879
4.009015
4.010127
4.007468
4.005596
4.006722
4.005756
4.013117
4.008701
4.010939
4.008275
4.007821
4.005890
4.016457
4.014337
4.008995
4.024588
4.032308
4.017589
4.006110
4.005430
4.007582
4.003838
4.014853
4.005662
4.005756
4.037277
4.005550
4.007369
4.013903
4.005150
4.026173
4.010133
4.011839
4.016695
4.007088
4.008267
4.010287
4.013357
4.008255
4.006962
4.008855
4.008075
4.005736
20.010269
8.005570
4.012791
4.007422
4.008401
4.015397
4.008240
4.005630
4.010127
4.008961
4.011892
4.007103
4.010067
4.007915
4.008401
4.008481
4.007643
4.010699
4.008835
4.005611
4.009295
4.005990
4.011732
4.007302
4.020505
4.027487
4.008035
4.007794
4.008101
4.006803
4.008981
4.009007
4.009787
4.006983
4.008882
4.007901
4.009281
4.006489
4.018659
4.008394
4.005736
4.005616
4.004298
4.012372
4.008482
4.007474
4.006649
4.008295
4.012911
10.017959
4.002560
8.011113
4.008349
4.006802
4.009807
4.018906
4.013703
4.012711
4.014163
4.009727
4.009055
4.008115
4.011159
4.012431
4.010779
4.006709
4.013322
4.013437
4.015722
4.009174
4.007354
4.006903
4.008721
4.018565
4.007242
4.008275
4.005736
4.007003
4.006842
4.008155
4.006903
4.013211
4.008122
4.011453
