6.020158
5.021744
5.008389
14.012885
14.009647
7.006696
10.038454
6.007989
6.013537
40.014391
5.014091
11.010939
5.032002
6.026558
12.027598
5.009767
5.021283
5.032822
7.028570
9.005250
6.015625
7.016497
5.043174
5.033313
7.036827
5.015509
5.039758
6.022306
5.096109
5.019624
5.011225
7.028525
9.011419
5.032245
10.036535
5.038521
11.015368
5.003612
5.030308
15.006553
6.010293
5.034691
6.005270
6.044849
5.027377
16.013718
12.002220
5.040912
7.037348
5.019458
5.017188
7.005310
9.024286
5.025162
5.023374
5.017680
5.008761
6.003872
5.012551
7.018686
9.003884
5.048662
5.013195
5.028165
6.078723
6.006977
7.008181
5.036974
15.008815
10.018434
6.033313
5.025841
13.034894
14.005571
5.025972
10.015335
7.013019
5.033848
5.040588
7.005450
5.012599
10.018766
7.038391
5.021184
5.028676
7.035301
5.012141
12.003652
5.034525
5.015798
9.009201
7.014112
7.003872
5.036923
5.031482
5.047237
9.025514
5.026533
5.028016
7.026224
5.020758
5.033261
7.023880
5.026020
9.007947
11.013339
11.008221
9.003718
5.028787
13.042288
5.015935
6.007016
6.033932
5.037584
5.036992
5.029397
11.032275
9.025509
5.035375
5.035912
10.016854
8.004092
7.006489
7.010973
5.013205
10.007269
9.011325
9.022950
6.013871
7.042484
5.008995
6.009247
23.004032
5.020672
6.023914
5.025813
5.050303
7.006323
6.027557
9.028458
7.020224
6.007849
