10.023279
8.010533
11.052299
5.031719
20.000928
6.019786
16.019505
11.000928
6.033129
5.041458
10.019938
16.011085
6.078916
17.012191
19.026447
9.000928
9.035772
6.030516
10.020171
6.024627
19.030995
6.067987
24.034885
12.016828
6.034280
39.009407
7.006603
13.006717
15.013803
15.019846
10.059093
17.014023
6.046117
7.047241
17.000928
11.029157
8.034180
11.031536
30.031124
12.011831
6.034926
14.005930
16.025020
11.019446
20.037721
14.026006
6.026611
18.046522
7.022142
30.027165
15.009661
10.012611
15.007103
6.050166
11.037404
10.025747
9.027093
7.012065
6.019878
11.041622
6.032575
6.018120
6.019824
6.021778
11.018632
5.023894
8.016857
5.018240
6.061454
21.039890
6.022188
10.017132
6.034966
11.000928
5.006597
6.030716
10.018960
8.054886
6.028006
7.041714
6.033388
6.009921
10.007028
11.028671
11.021859
10.030305
12.010147
7.033293
11.024727
9.013664
6.051619
26.032069
10.052021
11.047412
13.009627
6.006597
21.024781
6.078856
