7.072316
21.032733
53.005205
14.005245
8.009975
44.008195
9.028017
9.036399
9.033969
9.016555
9.018260
9.043427
9.008674
9.023336
25.007327
15.005365
18.019352
49.005405
24.000928
19.012703
18.035584
15.005945
29.003893
9.003872
13.011387
6.082134
10.016621
11.010507
11.029671
17.012831
9.044148
9.049200
6.011485
13.005465
9.005225
19.000928
8.011099
9.057395
26.005205
8.005065
29.005245
7.016981
27.012005
10.016841
12.007253
6.016621
6.050696
39.012299
10.005665
10.051309
8.005305
9.005145
24.005465
7.045412
12.017619
14.005945
33.005505
9.005465
14.005185
5.081223
22.007947
7.019924
6.104561
50.004132
8.031149
40.005505
33.016182
7.021688
6.122379
20.060546
