86.005864
78.016468
31.028533
67.016247
93.013798
89.027065
19.006777
78.005884
38.065309
19.024674
29.006763
29.047023
29.027795
54.033098
127.016807
23.014323
23.016512
33.025894
24.013723
24.006969
31.012003
14.008169
112.012257
106.005370
46.013577
45.030163
29.012431
23.011259
60.019147
69.025434
19.047696
29.011417
51.029990
29.026672
74.012031
109.018751
36.018940
29.000928
39.006696
37.000928
60.005284
21.012709
37.003972
33.009001
42.031953
110.009567
28.018764
39.056362
17.014683
26.030451
137.010765
26.052789
29.098318
26.007177
25.012233
47.014990
61.009747
37.000928
50.017087
38.002720
54.000928
24.010839
64.008607
59.009427
68.020810
26.010839
19.016407
18.015695
33.032881
44.030890
66.022156
28.010501
34.011573
29.000928
40.009607
26.000928
141.015740
83.021054
24.023690
19.012715
36.013491
26.030835
19.012411
34.012385
34.007521
31.021819
229.027378
32.028683
44.014709
81.008998
48.000928
23.053194
31.008209
83.011023
24.007889
36.019424
39.004092
26.040847
35.008399
23.023694
35.015480
59.021164
38.024232
54.009933
30.004562
28.058397
19.030077
106.009321
145.003852
58.012231
38.000928
29.004413
19.007267
26.012481
45.016129
50.017915
24.034237
42.000928
32.019673
24.003034
25.031101
