34.000928
47.081276
66.003878
28.000928
29.013803
41.005565
31.030050
24.015909
29.020383
36.034073
22.016453
35.014341
26.009161
41.029411
25.009920
28.046079
30.008109
40.011705
27.036179
34.008949
26.024398
28.014729
26.003692
31.006056
36.012811
22.009467
54.012211
24.037163
25.006637
28.017854
56.005405
27.069055
38.002566
25.018892
30.010951
24.033462
34.003486
24.023035
33.033995
51.017018
34.007176
33.009039
19.012225
45.010365
62.009607
25.004642
23.040175
29.003778
24.023838
29.024881
24.054982
31.006857
22.044681
29.023087
36.005925
22.010853
39.012969
34.016236
29.027487
25.004562
28.012886
47.016404
22.004750
23.023934
34.015575
29.014499
29.030411
24.002220
35.005164
28.050132
31.028311
28.004542
23.036647
34.038081
29.022085
35.004032
38.042166
34.024988
34.023386
55.009761
44.003912
24.008041
33.089734
32.010361
42.005724
35.013335
37.011153
24.027658
24.028579
34.014977
34.012423
25.003014
29.005485
48.017578
34.024248
29.012963
36.003672
37.011025
39.010190
29.007248
25.002300
28.031287
29.036579
29.052108
30.014280
40.010671
67.011639
39.036166
38.032121
35.011951
34.002506
23.025376
51.015210
42.021133
19.023510
35.004163
28.002220
39.020546
29.024790
30.005655
34.006685
38.029110
39.031783
34.037769
54.012703
34.024350
55.004623
23.031042
39.014034
55.003958
39.012600
35.008595
59.019546
38.002220
39.027504
34.003912
25.004378
47.013549
24.037749
34.021010
24.041428
26.011264
39.017783
57.014823
34.007083
99.015457
40.009841
33.041829
46.003532
47.016275
31.010531
39.010047
47.036088
59.029754
32.031744
67.002566
43.037963
39.060526
34.087355
36.008804
23.017069
29.007381
29.008899
28.029103
29.037657
59.037361
29.011339
29.020804
31.010673
77.036971
24.013647
34.055826
39.008486
39.008321
