28.005205
30.070569
54.023422
18.016472
125.005205
59.029903
23.005405
19.005225
14.032779
13.040772
25.005165
29.005384
33.009467
25.004064
30.050932
18.005565
76.013071
26.010287
24.018565
44.006863
20.011770
29.000928
18.025673
20.000928
48.026313
37.002826
157.005025
30.031268
19.024667
53.008120
35.060888
43.003972
18.015907
25.005445
19.004132
28.044095
24.012185
19.026032
26.041167
53.003892
38.009873
24.023586
44.021074
30.005184
18.009330
60.010061
29.005221
27.009518
30.007267
64.005385
53.008375
19.033204
29.008495
20.009521
29.003532
34.011543
44.010001
13.036755
21.012997
20.011843
37.010041
35.041112
57.026423
30.010130
23.008361
20.005345
74.009287
19.005765
15.032536
33.004463
58.015042
99.039913
24.028099
19.041364
30.005465
39.018886
24.009481
39.005065
48.031024
22.023899
27.005445
29.009321
38.035702
25.004092
65.021731
22.018366
21.013760
32.015827
29.043471
65.010270
28.033587
34.002220
70.005585
58.012591
25.004132
18.029757
24.015115
20.009281
24.014037
31.029269
17.015309
43.005770
21.010301
32.016943
30.007129
60.005225
18.005904
23.025791
16.005705
82.005531
24.024691
20.005485
58.008535
24.009567
39.017681
74.024354
19.028736
44.013955
34.021595
35.005625
48.011419
26.005065
47.017088
39.008935
44.011805
64.012892
21.006297
43.008400
30.002540
22.008575
46.009327
34.006825
27.050634
34.007363
34.012791
84.030718
44.044215
35.004072
53.035246
60.014299
39.006025
29.005964
38.017980
50.005405
34.014101
23.021784
16.007869
83.005325
18.008141
18.020836
24.058117
30.006857
18.037153
29.015550
47.005005
27.000928
28.023174
49.022777
24.008395
39.007503
35.003692
20.005525
32.067732
20.005485
26.013118
31.019498
44.007008
29.020784
29.025027
24.010873
34.012334
59.010273
39.018248
19.022658
29.021928
27.013016
52.005545
23.020885
34.028219
40.005325
28.024535
44.025141
30.005145
18.040696
49.008294
59.024656
74.025766
20.005365
23.018326
24.011584
39.015022
24.021090
34.039197
25.006777
23.029569
29.012431
130.005545
68.015876
39.031223
59.016079
22.005185
46.022151
84.007875
19.019106
49.012611
45.012027
68.014711
55.003772
30.006637
53.005425
44.004965
73.044457
34.035455
59.012889
29.014785
30.002420
