47.014644
29.010147
59.017167
40.020905
52.016177
49.025190
57.016267
42.020428
32.005265
85.011991
59.007222
34.024588
54.022477
56.019205
46.011945
71.007729
35.018558
34.025258
28.008969
40.010759
42.005530
39.027988
36.015695
88.017547
83.043158
44.005731
41.015335
45.016027
46.042419
45.011765
33.028030
50.037676
64.026304
33.015235
80.012371
65.011299
48.019549
41.034934
53.012023
37.023894
49.012917
45.023772
46.012925
62.026898
49.017619
40.026185
71.041176
41.004018
57.008156
60.020029
27.013317
35.008901
37.016281
27.014460
40.000928
54.000928
42.018104
61.027844
79.010533
44.035329
42.021945
44.016381
44.046971
44.042726
64.005450
30.015880
48.047439
80.012062
45.007561
92.017414
43.019887
56.014841
36.033051
66.045236
44.023148
50.012485
49.009449
38.018936
56.011385
42.023622
59.033016
49.021708
49.055720
44.015367
39.009307
29.030658
90.006517
78.053091
39.040910
44.013877
44.013367
54.019580
46.009575
34.007389
57.025669
55.003612
53.029043
34.028564
54.003798
64.017789
49.027512
90.007909
33.045251
44.029452
59.041573
49.019782
29.005570
64.010473
30.000928
63.041431
54.038665
69.014773
59.012551
34.028170
49.043036
59.057146
54.067959
44.045464
35.004032
74.012345
58.014041
53.017831
49.007142
55.003692
113.013077
44.021544
55.004262
33.011811
60.002220
68.056328
69.035532
54.027708
44.022341
190.004562
49.012999
78.045664
49.011339
79.017373
74.014311
60.012001
48.012899
55.006716
43.029410
44.020337
39.014409
65.022550
60.014399
62.007203
62.000928
72.008369
48.056247
49.006442
54.019047
64.012499
69.025578
45.006503
58.015173
44.008035
70.003692
58.035551
69.017906
39.026266
89.013563
59.042721
79.028580
44.017459
45.004622
63.051525
