37.021187
19.033617
24.011253
34.016593
34.020916
25.008469
15.005665
43.015802
24.004582
34.000928
13.022121
24.071844
19.025574
14.057743
19.015357
16.000928
37.021696
35.004463
33.017727
20.015281
18.013169
24.022559
24.010833
20.012365
29.002800
18.008601
14.043775
14.066928
14.037808
15.011179
15.006497
17.015695
14.014900
24.032169
21.003972
17.023794
17.002420
28.008689
22.036108
16.012411
32.024600
19.048104
16.000928
17.030831
17.004423
26.035523
25.000928
26.003958
17.027124
13.036969
15.009481
18.018240
14.114897
19.019476
19.044141
24.051569
15.012433
18.063583
14.025040
34.030197
15.013491
13.082781
24.015851
14.040228
20.004358
13.032135
19.035691
14.050879
13.006683
14.016903
22.009481
16.053683
24.084614
24.004098
20.000928
18.031395
14.027736
14.013313
21.003852
23.010993
18.035201
14.053113
15.014956
15.003552
18.004032
18.035379
14.071562
19.035401
14.011625
14.077407
20.022659
24.000928
23.030700
19.011485
20.000928
18.022982
14.026188
20.008789
18.040104
11.002466
28.009961
18.013823
20.010147
15.015829
22.007421
23.002420
22.024826
24.010411
17.054383
16.012165
17.053109
24.031230
15.045499
13.071778
24.010415
15.009641
24.000928
25.018120
17.070210
24.036255
26.006601
23.011503
28.032482
22.005705
37.000928
19.005585
28.002220
14.045929
14.010419
19.028176
19.029258
24.005570
34.008535
19.034193
20.003572
17.003972
26.011393
19.030336
18.046521
21.004092
13.011453
28.083318
24.006902
20.008709
23.005430
19.010865
22.000928
22.005890
23.010286
24.020304
19.044304
20.004072
24.005639
16.005605
21.019724
23.013354
50.042259
19.011019
15.007875
23.014703
19.056529
16.002700
32.009889
34.032222
19.055872
19.067604
24.016843
21.012506
33.011419
23.041063
19.015855
15.008034
15.005905
32.012771
24.065582
25.000928
28.012583
29.023102
24.030122
19.037434
19.038588
19.021551
30.000928
23.026553
19.038638
26.014527
22.023082
19.060474
25.010461
28.005950
16.005365
22.027872
21.004618
27.017618
28.005645
21.007277
23.039831
14.033350
39.028951
24.043616
19.014210
21.009821
13.025184
