27.010746
84.059183
23.000928
21.015420
33.037610
19.020989
23.007969
16.023432
23.016879
50.005704
25.022756
22.088607
20.003652
23.024118
26.013230
27.016614
24.010553
19.037402
16.021840
13.000928
25.004178
27.030564
26.014977
18.004670
24.005124
17.007749
24.002220
20.066403
57.007629
25.004012
20.011165
27.005024
31.033170
19.020704
24.019556
29.014683
22.005604
21.016253
29.037552
29.028525
22.004132
19.003892
21.050231
19.008555
21.004563
39.003932
17.023754
24.018363
20.007949
18.025374
20.031683
23.027997
24.007348
30.004092
23.021546
21.013277
19.007975
28.010173
17.000928
29.006497
26.005084
19.005384
27.008229
27.005664
29.000928
18.009753
14.032860
23.026070
25.005204
29.003792
29.017042
13.044139
30.011085
20.007781
22.010865
18.003532
29.022286
16.005864
28.074393
42.006577
22.008429
18.025274
24.034565
24.024440
24.034437
20.007296
75.003952
22.046422
21.004068
28.005404
43.036425
36.006717
34.000928
25.003652
26.019279
19.006668
26.003752
40.006276
30.003758
20.035825
20.007196
25.011040
28.007017
24.006396
24.002280
24.004904
39.003772
24.007537
28.024940
19.014817
29.022038
24.024060
19.016679
22.004072
24.005836
48.007849
39.020694
54.016389
21.003772
23.003812
29.002220
21.004318
31.003938
23.003612
18.032497
86.005184
17.074578
19.060803
27.013351
16.020683
14.030527
16.004103
68.029370
27.003752
17.009621
43.005664
22.010930
26.016150
25.047316
32.028482
29.036319
34.017008
19.091682
31.011485
22.025003
50.014066
28.046374
41.011445
16.007267
28.003658
31.014899
14.055671
30.013181
18.082701
28.003652
29.000928
25.068351
20.016376
26.003692
29.003792
21.043824
41.002220
24.003612
32.040259
24.043057
24.058901
46.014726
17.043657
40.007162
36.003712
25.021902
20.012399
23.003752
30.025674
36.006176
34.014617
19.003758
32.011073
29.019367
29.012463
50.003872
22.005164
30.010851
24.012471
37.003732
26.016887
29.028591
38.036018
20.007069
61.003872
20.010727
21.034462
22.008261
37.006876
28.044144
34.020701
30.002790
33.046438
33.003732
34.005384
33.014875
28.002220
27.027252
29.015338
29.031140
41.014337
25.005084
31.010250
38.004924
36.005984
44.005424
33.046460
28.003752
41.011817
35.008809
30.003852
31.010367
27.003952
31.034106
34.026269
34.024330
36.008340
44.000928
30.007989
47.004602
25.012766
29.013984
36.003552
35.019091
20.000928
23.052790
39.014227
34.022788
31.009647
35.003632
46.005490
22.003632
41.044909
29.007950
29.016688
32.004112
41.044130
50.003838
34.010953
43.012533
37.003572
52.005684
29.003652
28.011529
44.046261
28.003572
20.027705
35.007871
42.004052
62.004578
29.002380
46.005336
38.004092
41.016385
48.007795
25.015631
27.005084
35.005224
42.003818
41.003972
45.039652
40.003872
50.005304
50.005456
36.020944
49.021304
44.052906
35.005084
