122.026881
16.003270
27.015102
27.026366
26.010805
29.033527
19.017905
17.008075
23.023453
18.012685
23.005176
34.006869
101.010830
18.003692
28.012731
24.007163
24.017959
35.012190
19.036657
39.017591
23.032838
29.021604
28.008715
40.013095
61.009981
108.005545
31.000928
41.021904
29.007383
31.022911
17.025791
24.039522
44.024646
31.005285
22.047994
39.018093
19.027790
29.038926
19.026603
24.010039
24.013404
19.017594
24.021924
42.014652
21.016728
20.003952
33.011679
43.025008
22.003752
38.005345
33.027499
29.020143
34.014355
19.053445
29.016741
19.008181
47.005104
31.033489
16.004283
22.020445
34.037815
70.005325
18.008634
49.015021
30.008129
28.025792
24.024653
29.020638
25.000928
23.006769
19.046054
44.025752
29.010919
34.012059
29.017809
29.053024
59.021680
29.009234
23.021236
21.006617
19.009567
23.029523
26.006437
22.031554
18.031285
33.003698
21.042657
39.011361
34.015582
15.009041
29.010155
44.009341
23.025605
29.046724
29.013925
29.011031
14.046636
19.016431
30.006577
21.009447
32.013006
30.005265
22.015633
19.014503
19.043869
29.032763
30.010281
33.026012
20.012465
28.041702
24.014849
39.029548
31.006285
31.012105
45.028504
24.014947
25.003872
19.006397
23.007169
31.002086
17.023868
29.019801
19.020584
44.045929
24.028897
24.003918
25.005945
24.029081
28.017848
25.014692
38.044508
25.004663
33.019492
19.014049
20.009989
18.039544
30.005685
30.013457
19.028668
22.017649
29.015870
19.062854
26.030066
20.018482
41.038989
20.011387
30.017292
22.013770
24.014649
30.012721
23.010687
49.038735
49.011345
19.063283
34.055990
226.005945
42.022376
24.022282
74.008601
29.040897
19.035486
44.008435
29.047309
19.021996
19.070974
24.011065
59.008874
22.005345
21.013545
34.034637
46.005205
34.009847
32.043027
15.005685
28.012631
41.003898
32.083997
24.031392
24.016565
26.007789
23.016660
43.016427
16.003932
32.022277
36.026578
42.010539
30.000928
48.020044
49.016127
24.046759
