32.012277
44.012491
30.014281
33.016831
34.007603
24.025869
24.038795
24.013979
39.010959
21.004012
27.010047
19.033927
14.013297
17.003532
22.012280
28.009779
20.000928
38.043950
20.000928
18.053124
41.005983
19.005410
23.010907
17.000928
40.011405
34.008695
36.007803
28.000928
13.050752
24.010273
18.003792
36.008229
20.008903
32.018720
19.055158
15.008669
18.015821
36.015950
23.000928
21.005750
26.008435
30.000928
25.000928
38.000928
24.005755
19.008190
23.007203
25.006497
23.015955
24.023428
24.012689
29.024968
19.011574
35.005725
24.005225
20.004033
21.005145
27.005705
17.016948
34.017553
16.013961
23.000928
21.019377
28.005305
28.000928
43.011639
19.009435
36.025516
28.005875
14.003592
33.006828
24.015263
19.022582
70.005585
29.005310
19.008055
32.027236
22.005305
31.009707
29.024028
40.000928
19.009397
19.010291
23.057147
20.009601
20.005485
19.000928
28.000928
19.003912
20.005425
22.029071
25.019440
18.044678
19.023050
25.000928
21.008129
26.008315
41.000928
33.000928
23.018708
29.022566
34.016983
21.037214
24.003832
32.030689
19.052611
29.022656
30.008681
30.013198
27.007302
26.017830
24.008469
38.000928
30.005285
22.018379
24.017831
29.021623
20.005425
34.000928
29.008089
36.040191
31.006842
16.012725
23.011999
31.005745
22.004222
26.003892
19.005585
31.028918
34.008735
26.004513
63.011961
18.021470
29.007082
29.012919
