6.000928
8.016217
6.041052
5.010933
5.012423
5.012211
9.020415
6.027851
5.007169
6.000928
22.013146
6.015069
9.010055
7.017282
10.016254
6.015869
10.010279
18.014950
21.017614
35.015330
16.025787
25.040371
5.008549
11.012431
7.005270
6.000928
7.006777
10.010693
9.018346
10.008069
19.009001
8.000928
20.006277
10.019861
6.005770
9.006297
9.018285
8.024200
5.025618
13.018520
14.017393
5.024022
14.005736
10.015662
10.009321
8.000928
7.027506
5.008409
9.000928
8.016421
5.006829
5.008555
5.016136
9.000928
4.013331
8.000928
5.005465
16.042313
12.014453
13.009581
13.008009
7.000928
4.016542
21.008109
6.000928
11.034746
5.011273
5.020698
19.013599
20.012751
15.000928
4.017709
10.017992
6.008375
5.014329
6.027890
5.014443
5.008255
10.010999
9.016163
9.021902
4.005445
13.007017
5.010173
13.000928
5.011379
7.006957
6.007097
7.012311
5.012192
18.010021
7.000928
21.008915
8.014070
5.007273
5.019589
9.006823
14.014810
8.027585
5.014190
14.006090
14.018040
5.013172
7.012611
5.008615
5.016781
5.013451
5.006788
6.009381
5.016636
5.015895
13.018861
11.020152
5.007157
10.006317
