4.005303
8.010727
4.018134
5.007689
5.000928
9.007849
6.033655
26.008569
12.029908
4.049819
8.010953
8.008129
6.018770
19.041938
4.057319
10.008249
4.014297
4.012637
8.015247
21.005665
4.011453
9.014318
10.004865
6.031541
4.050473
4.030489
4.056390
11.009541
16.014881
15.066303
5.006357
4.021079
5.021830
9.016001
12.049887
11.010673
7.052944
5.008149
8.005610
4.061375
4.046222
4.071465
8.026249
10.023469
6.000928
7.008601
4.114408
5.003652
8.023261
4.031441
4.057612
4.030349
9.026711
17.022951
12.004503
8.016979
10.008499
11.006657
5.037572
6.027742
5.031875
44.020238
5.037679
7.010101
13.031240
9.005790
4.074269
9.014115
4.069992
4.037334
7.011845
4.013997
6.015203
4.051191
9.008115
4.055215
4.063049
7.010494
10.014258
3.041685
5.016948
5.051238
5.031604
4.014637
4.029757
8.005330
5.010885
8.021106
5.023355
5.027146
5.015169
9.034307
9.006417
5.036073
5.031261
9.027919
4.046116
14.024724
8.016641
6.006776
8.013509
10.003932
8.016361
5.011199
4.017603
4.015975
6.017061
5.043545
19.035959
18.040959
4.037137
16.015193
4.078553
4.076304
8.033743
20.008575
5.006917
4.066262
4.014817
8.021731
4.049543
5.008269
9.016834
4.010373
8.005910
4.034905
4.055801
8.046884
23.038281
4.037625
4.014317
4.033556
6.050043
10.005065
4.039322
8.040569
4.061126
