9.005271
9.011827
11.012571
16.003692
15.006697
17.012843
16.004012
15.006397
23.009547
18.005085
8.008775
12.004072
24.002220
6.034897
26.006523
13.009249
14.004048
8.011079
9.017741
20.006517
18.014483
50.009229
10.006676
7.017248
12.003972
32.005465
7.006977
25.006391
20.002800
8.028850
16.005065
6.006457
20.017346
16.004112
10.003672
6.029263
11.007849
7.015909
20.014010
8.007542
9.010593
16.003652
18.005305
8.010325
15.005125
8.022182
21.006637
13.012070
10.006897
7.030347
12.003692
26.017719
9.007622
20.006677
6.006777
6.016627
29.040217
21.005305
13.005485
10.004092
7.019174
11.008395
15.002220
21.008035
34.013171
14.009747
11.015423
22.008555
9.009193
11.006517
38.005225
10.006923
9.022408
7.040066
9.032390
