10.012693
10.028319
16.006757
37.028477
9.031961
35.027199
19.028331
19.012769
7.045218
15.033966
26.008929
18.017861
7.042602
32.006377
9.016866
24.015075
14.040766
11.007237
33.003692
9.008277
25.020804
12.012273
15.053602
9.048665
9.007157
8.013929
27.031083
22.046607
9.038334
32.003778
15.006417
25.007037
14.024561
24.026695
8.012865
20.029941
18.000928
19.007177
15.032435
9.007177
23.026017
25.035853
9.042764
8.011933
9.011833
15.028871
12.008175
19.029649
29.024443
14.012503
12.023069
13.048325
8.029517
9.007097
10.049666
23.000928
19.008483
13.028778
8.027393
21.007057
9.024069
13.017926
7.029763
18.034105
24.003612
22.002220
15.006917
11.025540
