7.012067
15.003632
39.003612
6.002280
4.015270
11.005511
5.005750
18.020249
14.018690
5.015790
14.017376
5.011093
18.002480
10.010613
21.022938
15.010027
9.012071
30.008908
14.000928
4.024920
9.000928
13.005470
5.004052
6.005170
8.018012
12.022944
9.017331
5.002400
5.007995
13.005184
11.000928
4.012505
6.009353
14.030306
4.031888
9.042212
10.006757
20.017295
17.014615
5.007531
16.009085
6.026562
10.003912
13.005750
15.003712
13.006190
7.003778
11.053453
14.009401
10.014693
6.026619
8.003752
5.012292
4.032103
4.012731
14.004058
6.019526
9.032518
5.000928
15.011319
8.002520
9.000928
4.009621
4.009921
5.009741
8.002660
9.003612
4.011947
4.006717
5.015123
8.000928
9.018255
8.013285
5.004072
8.013257
10.003592
13.029575
6.017062
23.009705
8.059669
6.009069
12.013557
10.019926
6.004158
7.000928
23.006696
24.013800
5.000928
15.008321
12.017807
14.015181
15.000928
5.003898
8.002420
6.003998
12.003732
11.006170
5.024436
5.039799
4.061657
5.009030
5.000928
7.012709
6.011053
13.016056
13.019942
10.002840
7.016908
