107.013926
26.000928
6.019766
30.017515
6.004258
44.006257
7.020884
12.003652
7.005225
10.022752
9.000928
24.000928
39.000928
89.008109
8.003818
13.008435
10.000928
19.015890
15.002720
19.011387
6.002480
5.022144
14.004956
15.000928
6.008335
8.003812
6.002600
5.018179
11.017547
6.002360
10.032951
15.002560
13.019958
9.006822
12.004092
16.010309
8.003712
22.002220
7.011185
16.003772
5.000928
30.002840
10.032391
16.003632
6.002640
15.046483
15.002660
6.017388
13.002460
7.026872
9.016514
21.010536
19.005590
18.010773
8.015602
53.003952
16.002600
6.004218
44.006523
16.013563
15.000928
20.007755
30.005310
5.003832
