8.005850
9.007796
13.018830
6.009981
33.005724
19.005044
10.019297
39.035450
5.013509
14.012431
27.005484
19.010786
5.012717
7.019721
9.010765
5.014981
15.007776
32.014289
5.013703
5.019503
11.015261
10.007089
5.016827
9.011793
14.006696
7.009150
10.021429
5.007628
6.012797
19.015455
6.018279
5.013705
8.011673
5.007968
9.004884
5.008574
6.012725
5.047708
9.038629
10.004602
5.009381
8.019762
14.013018
9.035181
9.006596
18.008254
9.027165
10.012005
9.037443
14.006836
6.012625
6.055607
5.011493
14.014075
5.011279
9.016887
18.007969
9.040142
7.031271
9.015516
9.033467
5.012339
14.005564
24.006482
6.023251
14.056295
6.095289
14.007148
9.063008
9.032186
9.039889
5.016567
6.013025
5.012371
10.005570
35.010912
7.022096
5.056067
5.013571
9.008629
16.026822
7.008661
6.012185
6.005870
5.017273
6.012601
6.030471
9.005410
9.006036
5.007788
9.029214
5.026304
9.031298
7.033738
9.009014
5.010107
10.004924
5.015055
16.043085
9.011393
5.017519
5.021163
15.020074
6.013963
9.035203
5.027144
8.007283
9.048947
