6.014888
20.023230
5.012437
74.004383
8.008815
8.027623
53.006617
7.015389
7.008301
10.005170
9.026254
6.013171
6.008869
17.019616
13.008235
13.036446
9.008821
8.006497
7.005077
8.010605
8.031118
11.013205
8.006777
8.036658
14.020458
15.006489
8.022169
8.000928
17.015537
12.009531
8.000928
17.004593
12.009547
9.023430
9.025259
9.018265
9.025954
12.003933
21.026104
9.034009
8.009453
8.021624
7.021630
7.006543
18.013765
13.009421
16.015131
7.015110
15.013025
10.010201
17.012611
8.022002
6.010087
11.011741
24.035555
9.033583
8.020769
18.008149
11.010387
6.019006
8.009801
11.042940
7.013545
8.017140
9.025271
7.054995
7.014258
8.051877
9.017594
6.033606
15.023134
6.026424
8.009793
10.008600
9.017420
10.014263
8.040584
6.049256
8.005659
9.011953
15.010961
12.035968
11.004072
8.008301
6.013111
12.007714
13.021138
10.012485
5.023075
8.005496
8.009679
9.022070
8.015109
10.005910
7.038498
27.008474
