20.000928
6.055051
9.004916
10.000928
13.015808
9.011025
9.008127
9.007608
9.061346
9.025470
9.033186
9.022535
9.035138
9.033725
9.009715
6.003532
7.018432
9.027561
9.007068
9.009327
9.023106
9.007428
5.004498
10.057799
7.024966
9.013385
19.006882
6.003572
7.019656
10.000928
8.005210
9.025978
6.005565
7.046385
9.006330
6.009487
8.010179
8.030414
9.012393
9.010785
9.018452
9.034941
9.007143
9.020708
9.015467
9.009893
9.015362
9.017340
9.024156
9.011265
11.000928
6.003705
15.013051
6.003732
7.037657
9.013183
6.009647
7.011825
14.026786
9.018984
9.013557
14.016408
14.008949
9.044990
11.000928
7.016474
9.018034
9.011365
9.017564
9.016841
6.004032
7.019532
14.014275
20.019154
8.011537
9.016031
6.011253
7.035319
14.024002
14.044162
9.014396
15.003972
15.002260
7.010119
9.039437
9.029826
9.026065
6.012511
7.008628
9.022348
9.018132
9.009581
9.015641
9.007268
11.000928
7.014183
11.002220
7.007843
10.000928
11.000928
6.020010
9.007414
9.005111
6.016095
7.010313
6.003972
7.014569
9.016594
10.012221
13.012797
9.009008
9.011905
9.011519
5.002660
8.034552
9.008955
