7.005836
9.022380
9.013611
9.019118
14.012625
9.008047
9.016548
9.024420
9.032169
10.008780
6.004072
6.033374
20.013081
8.004890
11.003592
7.009359
34.013963
9.008641
9.026138
10.004503
8.012183
6.020638
7.017520
9.034632
9.023752
9.039685
10.009141
8.053096
9.049963
9.042650
10.005210
5.012403
7.035148
12.004583
11.021084
21.002460
5.003832
8.010627
5.004072
6.010227
9.008933
9.029213
5.003632
15.003912
5.023088
6.046238
5.004092
8.015369
9.032493
10.000928
5.008075
17.024428
6.002400
9.002780
6.006277
15.017228
9.021458
9.034545
16.002420
6.005425
15.056755
9.025702
9.022602
14.013289
9.005831
9.044177
9.019336
9.015961
9.029770
6.003572
5.015274
11.014385
9.023766
9.008267
9.024416
9.017269
9.026685
9.016839
9.013955
9.026620
9.018538
9.012331
9.024736
9.043663
9.021710
29.018991
9.014661
19.012809
11.003672
17.031712
16.004886
8.004143
8.019741
13.003612
9.011810
5.012549
9.018619
9.020916
9.036573
9.009767
9.042678
9.029863
9.071870
14.027392
5.008639
8.012257
9.033446
9.028620
9.034225
9.006356
