17.010247
6.008545
6.008469
19.000928
9.000928
19.016848
22.027142
6.000928
23.001966
47.008569
5.019072
33.008069
13.012325
5.035992
6.016768
11.061722
12.020466
6.030729
5.035466
9.000928
6.007809
12.004985
18.016923
7.008509
22.013267
6.012433
6.028501
6.011511
8.002686
6.008169
10.029322
5.059833
5.016573
13.072744
9.008241
5.040153
6.008269
6.033979
10.009341
6.019043
11.048916
15.004542
9.008329
14.007849
14.008129
6.008529
6.053035
5.043991
9.008529
9.008629
23.024110
6.000928
8.007849
10.002846
8.008381
14.009721
14.000928
24.000928
14.000928
5.022008
11.007657
5.005950
6.004012
6.005645
5.021471
6.005385
12.047858
10.010041
6.005525
23.000928
6.005165
12.018346
5.009781
6.040246
6.003933
6.008369
8.010441
12.012433
6.006477
6.049832
7.008009
30.031868
7.023229
5.033986
17.011767
6.013067
13.029305
8.008155
6.011413
6.053017
5.021102
8.028305
6.016994
8.028900
6.029407
6.036739
5.022316
6.008369
6.059127
5.028047
8.026208
5.056381
6.008129
16.019707
6.000928
7.038094
11.018932
11.025431
