18.006277
9.007609
13.016388
12.029158
12.005644
12.019832
31.017324
21.047958
17.004092
13.009633
21.011945
7.028775
10.003732
14.009481
9.003892
8.026170
11.003366
12.034063
7.011315
33.023289
7.041427
7.014097
32.003752
7.014637
5.017092
11.018528
12.025138
10.011713
9.013185
8.015116
30.027831
8.015760
8.022282
12.011147
18.009561
8.034954
29.004158
8.017960
24.034173
10.043591
8.024000
11.003992
8.035471
12.019762
16.011985
12.033834
26.012677
11.026193
10.022122
22.008388
7.011053
45.021228
7.046684
12.012765
13.049470
16.037630
7.034233
10.006210
13.020638
7.021170
39.016734
11.024697
10.003992
24.024182
13.033201
10.003712
9.006250
29.014607
13.009579
14.045238
7.042819
11.018690
9.032115
7.011573
16.030093
7.019332
21.025463
10.012125
8.062229
