107.034205
4.061451
9.013583
6.003574
12.028933
4.027298
95.006576
4.007281
4.003388
4.009801
3.062120
4.016767
4.021344
5.008209
4.010281
3.037873
4.034557
4.016287
4.048527
4.013179
4.045628
4.015277
4.029297
4.059122
4.031607
4.058072
9.020163
4.022015
4.020824
4.040128
14.016515
9.031134
39.011241
9.014157
9.047395
9.023235
25.004503
4.015800
3.053607
22.010759
6.020070
4.050300
4.044872
39.022011
4.017387
4.046816
5.010161
8.026582
4.013443
4.059575
9.025722
9.003838
4.022580
24.007403
4.029803
9.053274
4.020540
4.057866
14.007855
9.024441
4.014098
4.052524
4.058719
14.005166
4.035718
4.016708
4.081046
26.027366
7.012445
4.044543
4.019583
14.021891
9.005290
4.030086
29.022252
4.016999
5.004602
9.008714
4.014767
5.008069
5.009641
11.005310
4.026406
4.019037
5.009861
8.022719
4.049736
4.038995
14.010125
4.018519
24.007522
11.008041
44.007036
7.004278
4.021383
4.029376
4.028904
4.016656
4.059094
4.020930
4.052483
4.008146
5.006956
14.006356
8.019944
14.017765
4.021542
9.026314
4.073337
4.021639
4.049243
10.009601
