6.034913
5.055768
5.030041
13.021234
5.017322
6.018114
5.017274
5.040462
5.036312
11.020604
5.021490
36.003872
5.019996
5.052759
5.028959
16.027516
5.049545
72.018446
5.024331
23.009827
7.021770
9.022210
11.040179
5.006396
5.027457
7.010999
5.026861
6.021510
6.014809
5.017594
6.023702
15.023610
4.025088
5.109361
6.019834
7.033638
10.006637
10.010405
7.045833
5.040266
9.003632
5.038039
6.023794
9.067409
10.044867
5.038850
6.025718
5.026944
6.011065
5.049362
7.021274
5.067994
5.021358
16.008540
5.012845
5.024176
6.019206
5.042324
27.010241
7.022702
5.061414
15.024268
5.041516
16.013993
5.036769
5.025345
7.019438
6.016940
7.009533
5.017966
5.072858
5.020572
13.034794
6.012925
15.024980
5.071878
10.009172
7.038381
9.034309
9.013203
6.006717
6.015269
5.052531
9.011039
5.020138
6.021750
5.007129
5.062988
5.020084
11.006882
7.005624
5.035453
6.031751
19.000928
5.051071
5.009101
5.021621
5.007077
10.018094
10.034410
5.033295
5.052245
9.012745
5.029609
22.019647
7.007159
7.009268
5.051675
6.018429
6.019222
7.012959
5.023548
7.017600
15.025172
6.032447
6.012325
15.042947
5.019560
5.046794
5.031929
8.004945
7.013239
5.020988
5.030409
7.041458
5.005491
10.012157
7.030049
5.018520
