17.016529
39.005804
19.006923
4.018036
9.029078
14.021632
9.024560
29.008955
19.011825
10.000928
15.000928
17.008343
14.007243
31.008635
27.025710
5.004032
13.026995
19.013177
14.019023
9.009427
32.010007
16.006923
15.003752
8.016355
5.003852
6.006230
16.013933
15.003852
9.003972
10.013235
28.003592
6.004018
6.023022
9.017089
14.005190
11.003712
24.004198
24.006743
13.003772
13.021161
14.016661
9.009515
17.009947
16.028880
9.023235
5.003952
14.000928
15.000928
7.005190
16.003932
17.035382
22.003672
11.005356
15.004072
19.004112
9.002760
29.000928
5.006763
96.005490
13.003932
11.007508
9.017508
9.025405
9.017289
9.007563
10.002220
30.000928
26.004012
12.000928
7.006703
9.009193
