110.046909
17.012709
6.004458
17.009699
7.004064
41.011868
9.006357
6.025580
11.011419
9.013497
6.000928
29.032815
18.013039
9.005596
8.039375
6.007083
22.005510
6.005316
7.024676
9.048054
9.017507
12.002446
23.015332
18.007209
6.008309
6.026631
6.008281
13.011233
18.016987
6.009241
6.005836
43.005425
6.007228
10.013077
9.005464
7.006516
5.029613
6.006557
45.023886
21.021349
9.017799
6.009861
40.010955
17.010091
6.005564
13.009701
8.013521
7.002486
20.012583
10.017067
9.009721
8.030396
6.006476
20.027583
27.007197
8.032948
6.005276
18.007037
6.000928
7.006797
10.009721
62.038827
14.032695
6.003992
7.012889
6.006075
19.009369
13.007237
7.005005
5.021322
9.030375
9.035895
6.004652
17.030450
10.018298
14.005044
7.009349
