13.006725
8.009521
16.051116
7.022917
7.013623
16.026221
7.010713
10.011573
7.017567
7.034910
9.007108
25.005085
7.008435
11.010101
23.009753
7.020212
7.011821
7.015875
15.017809
9.006703
7.015153
41.055371
8.020158
11.000928
16.023162
11.033480
9.018306
30.039332
9.009483
8.059789
9.030544
18.015569
20.029636
9.009927
16.046088
8.013173
12.010121
22.005805
8.014108
7.012425
10.035497
14.005430
10.006717
8.028873
8.017007
27.020688
12.028930
20.017656
14.005835
11.012857
11.041978
17.011925
16.045133
10.015400
19.003992
20.008555
13.007077
10.026099
8.012905
16.016561
21.032969
10.010031
9.006697
32.010575
16.005465
9.005905
13.008221
25.009781
10.039902
13.005625
9.005685
19.000928
13.014035
8.028768
11.007403
9.006617
7.011333
27.026107
8.021959
9.005525
15.013826
13.006936
8.038230
7.022530
6.098464
