20.013441
27.012706
19.006876
23.040216
22.074796
16.048609
20.033997
24.003872
21.016382
18.004032
24.037009
23.003552
17.011173
19.022994
19.037393
19.008555
26.020754
16.011633
25.038756
15.041334
20.009287
27.007402
21.000928
14.067476
32.012511
40.008609
25.009907
20.007503
20.002780
47.003892
17.049815
27.017720
20.008819
23.011193
17.004032
16.017829
27.003552
19.004032
16.028649
20.008769
31.008821
24.003852
18.024742
20.033970
25.009341
17.011159
16.009065
17.035394
19.045728
24.023826
19.010799
16.030135
