107.021452
74.011225
74.013643
70.000928
89.000928
68.014389
84.006582
96.000928
67.012311
74.026609
69.005570
47.002566
81.005530
81.002266
62.029613
64.028944
74.006329
40.003532
48.012431
79.008255
47.006824
61.027796
56.000928
67.005850
44.005310
89.009753
74.028230
59.025746
49.017627
80.000928
63.025580
44.016696
79.028377
89.015739
44.036612
60.000928
79.004623
59.000928
58.018056
61.000928
67.023394
79.022898
54.036243
85.000928
48.008269
69.013763
69.029737
102.005370
56.025498
94.006176
49.047110
59.028932
64.031097
64.024017
47.003486
56.017274
59.020684
120.000928
93.056550
54.018771
60.004132
63.033954
70.004423
73.005930
54.031442
74.046584
74.014981
79.013159
65.000928
67.005111
44.025381
129.032085
54.006536
59.025400
75.000928
68.007123
49.017300
39.017892
44.014424
59.012919
89.011953
34.029863
99.008835
79.029187
59.012167
49.025477
84.015115
49.028589
74.002220
80.004623
83.010841
59.008641
69.015721
105.004172
43.006739
64.022200
59.024761
89.013761
79.029870
49.008335
84.005790
64.008335
74.017332
69.029798
84.003778
54.013664
74.010431
44.032345
49.017288
64.008755
64.027845
60.004262
83.018206
89.023374
64.027856
74.007955
64.009340
66.000928
62.006823
64.031000
129.014469
64.006863
69.014623
81.000928
82.037350
64.011359
71.000928
62.010347
94.005991
60.000928
68.005410
84.024361
64.016999
