124.010292
94.000928
69.000928
72.005670
64.016788
69.018927
59.011819
64.008081
75.000928
44.019743
63.006940
54.010731
40.005310
53.060844
71.000928
52.012419
64.013551
60.000928
73.006623
99.014335
44.056097
59.007383
84.005530
80.020603
60.010201
52.012339
65.006154
48.026476
119.014781
49.020308
61.000928
47.043718
79.016683
60.004343
63.013165
91.000928
92.005850
49.035053
64.039435
54.010739
64.007382
44.021198
59.012433
34.015727
64.006702
294.014569
59.024396
49.022567
74.013287
67.004262
61.014874
39.021398
90.007070
45.000928
72.011811
59.009154
44.008915
49.006523
66.002566
77.012113
69.008514
75.000928
68.008321
91.000928
62.009772
69.046397
69.021514
51.000928
109.000928
42.021128
75.017824
53.010126
104.011601
79.012671
59.014613
79.022564
60.000928
80.000928
77.010013
64.028286
62.003506
171.016455
84.014149
74.042288
86.000928
62.021966
54.024708
74.009161
56.000928
63.000928
103.050803
61.000928
72.033674
34.006783
86.005534
92.038102
84.057200
69.017185
64.035107
61.000928
52.027761
99.023868
59.016459
69.009479
61.000928
72.054451
89.009099
64.034825
75.005974
38.042771
80.009109
78.024452
84.031231
59.013823
54.026107
54.029127
54.046772
79.023295
64.022470
79.029365
76.006054
36.000928
45.012237
74.018093
54.013821
64.050454
71.000928
66.000928
75.010307
60.002346
49.000928
59.000928
73.008914
39.038949
64.015112
49.035474
59.024374
60.004083
75.000928
57.047602
75.015303
58.008193
134.008614
