97.015155
100.000928
88.014979
136.000928
77.018679
169.008961
114.059867
154.021098
79.017812
69.038954
89.006862
89.015407
134.008955
89.013783
103.038106
94.049161
124.003798
59.005570
54.020882
99.009387
51.007121
97.031075
85.007233
58.058429
74.009521
84.022118
59.027971
109.053485
49.013889
84.088090
99.019904
114.014839
54.033014
79.039164
119.015936
59.024518
75.008440
53.019945
85.004562
64.011241
78.049226
114.024206
74.010293
79.016503
59.017367
54.016793
62.007050
126.009893
39.018821
54.031539
89.038071
80.011290
98.041214
89.028925
104.039090
54.032055
95.004302
63.044626
74.033379
64.019272
49.018407
69.032359
84.011385
119.006723
74.014617
99.026763
59.008634
74.037919
144.010251
134.031232
74.038953
124.025666
54.041236
44.010193
89.022174
79.015575
49.031525
64.027419
64.041602
59.015530
89.005390
64.016918
74.009643
130.013454
113.036883
104.024568
69.037174
99.021560
89.030374
56.000928
67.016009
69.039184
