13.008093
15.010001
50.011380
16.031189
19.014947
20.008569
20.010521
14.009841
33.009866
11.013604
15.016690
21.010044
25.010401
24.009581
24.009941
11.011533
13.020086
23.014005
23.011093
20.009441
23.016456
15.010601
12.028799
26.014451
9.024887
14.010111
27.035317
15.010101
20.009441
18.007407
25.014566
14.010241
19.009941
34.009981
21.019286
23.010361
14.015916
13.013185
13.014843
29.010381
19.007789
12.013537
10.036853
9.037697
15.014711
11.018220
16.012405
12.005485
18.016302
13.018348
16.010633
24.006817
27.008609
23.036850
11.009801
23.008409
34.007187
13.025844
13.028857
