10.009683
18.008169
24.000928
13.005024
16.000928
16.020975
36.013869
13.004072
50.007809
23.008529
9.005344
9.010531
15.000928
13.014009
13.007342
10.010959
16.000928
16.008855
15.007989
19.018405
16.000928
19.016653
16.016927
59.013519
17.009619
22.002640
19.000928
15.031801
27.008400
20.011173
23.014797
15.058507
11.000928
21.006802
15.002220
14.009201
28.012814
31.033955
13.000928
19.004092
13.009947
14.019844
27.008069
13.041684
27.010247
20.008629
9.003592
28.011819
21.016442
13.008549
18.032905
17.009627
57.005324
19.005564
9.005064
14.000928
20.000928
