12.050634
11.012771
23.005524
19.009375
16.013443
32.008389
18.015691
45.020146
31.003772
19.015177
37.014748
34.000928
17.020538
47.000928
20.025203
26.020018
9.051474
15.005464
38.014235
9.049387
16.014708
32.029981
16.000928
27.013684
34.011385
16.000928
38.006356
18.015687
15.011039
23.006683
17.005505
17.031666
11.071204
19.022697
12.012445
12.051505
26.005304
25.000928
12.006603
10.033072
24.009661
13.011325
21.005265
23.013308
20.030293
9.024774
39.000928
19.009581
25.005445
18.004382
34.025084
