15.022094
31.043532
14.016255
15.012425
23.015942
10.026815
45.003972
11.024409
26.009961
8.096161
27.020078
19.012491
21.038036
14.021990
34.019904
12.006677
11.031497
19.019160
19.021411
12.051317
12.009361
14.012565
10.118632
9.109725
10.045489
16.016247
16.004132
13.033982
14.021430
9.010810
14.003972
10.011733
20.031875
9.108424
28.019946
17.013999
10.008221
11.030297
16.008701
20.006737
13.029183
11.018680
19.007667
17.028865
15.013036
13.020982
14.010525
20.003692
20.005264
8.022803
15.006737
12.047618
9.063070
13.020844
25.020133
14.018266
31.042458
15.028333
21.076156
10.105017
13.048321
12.003712
13.031493
18.013943
13.033207
11.020838
14.003932
16.000928
17.112581
