18.019900
15.016107
24.023540
29.004358
19.004058
39.016046
18.005225
19.008049
15.018454
21.027485
32.028842
13.007859
18.015549
18.043030
20.046544
18.030275
35.019339
15.010771
18.044489
17.010487
21.013225
19.017453
25.003898
13.020028
19.021190
19.030415
20.026919
17.061475
16.008149
19.006617
25.024109
15.023368
40.026576
26.016902
14.013243
13.030065
18.022036
19.061754
15.024010
24.012885
18.019171
19.004258
17.002220
32.006662
29.021748
23.025100
18.067584
14.011533
17.018652
18.021607
24.008781
26.002620
24.005484
14.040834
