34.936591
18.270747
20.445060
20.628849
25.011436
18.720909
22.501203
14.422464
17.888962
69.178884
19.257171
32.680619
27.798771
21.648617
16.770211
17.684152
12.845384
22.830242
24.272562
22.221393
17.356675
18.359652
28.998555
23.446501
14.759279
19.141600
29.413162
20.822359
14.676726
30.446211
23.635488
15.197721
22.011269
19.073002
21.076182
20.189626
16.283301
24.596092
18.502377
40.658727
19.395451
26.778925
24.807058
19.453296
28.582635
21.874950
23.802027
18.705782
20.282908
31.975977
18.285718
19.462589
