30.205138
19.217690
31.682199
43.770305
13.135918
18.355754
15.999001
13.162564
51.886862
20.633133
37.773049
13.675470
29.486593
13.768525
23.630874
16.335714
12.008273
14.097760
33.590122
14.496482
19.885696
16.390892
16.838203
21.082337
27.840411
17.434348
15.059060
16.199236
12.750347
17.967740
12.571068
19.959850
24.948259
14.743411
23.672605
13.039469
15.759966
18.313700
17.407996
17.156971
11.971116
16.072860
15.697670
15.145222
26.262601
14.529742
19.254816
18.993812
29.446479
31.834280
21.594574
26.956908
14.341047
24.012519
17.402519
20.926476
19.625343
21.394025
33.168185
