18.014281
53.009105
26.027319
16.003673
12.011795
12.008467
14.007343
10.003532
11.004233
17.026387
14.003952
28.005350
15.006110
30.000928
23.003912
14.003732
45.003912
11.003632
16.011631
30.004313
14.003572
28.003872
16.012874
29.003932
17.003872
21.002220
12.003912
33.014712
25.004074
14.003932
12.003592
19.004072
17.003572
14.003972
12.016863
14.019158
14.041408
19.015403
10.017451
15.000928
11.004072
25.013157
35.004052
13.005390
11.025527
10.000928
19.002220
19.003632
23.003772
14.000928
15.003552
12.007017
14.007645
20.003952
28.003572
24.003712
