45.005325
43.000928
28.008909
12.055774
17.011639
33.007037
16.006577
22.015069
16.009793
18.004092
26.036781
16.006897
13.016787
22.007969
34.003952
13.008454
14.022416
14.005265
12.011859
16.003612
32.025768
14.013475
14.011559
36.035613
15.020026
33.009661
30.014865
28.010121
14.005865
24.007117
17.040267
29.061859
15.008269
13.005870
13.038843
21.008009
13.041492
19.018526
13.023323
22.005890
38.006205
48.012811
14.035803
16.007837
18.003552
11.010979
14.020284
28.033774
22.012105
20.000928
18.020650
11.008729
18.010001
