13.007641
30.003998
22.014922
45.006443
19.010757
14.023881
20.011205
17.008635
20.003892
15.019232
13.002520
12.020656
117.008174
17.026222
17.006462
12.003752
16.023494
13.017980
14.006682
18.009199
14.003532
24.006295
24.002426
24.010833
15.010832
15.017598
12.003938
16.003892
16.027058
15.013696
14.006957
15.010933
18.007336
20.021736
23.011890
14.002240
16.021284
22.006896
24.007016
24.002640
30.008854
16.016807
15.032606
17.008249
21.012677
34.007497
15.021532
19.017248
14.006516
18.029179
19.063973
16.011199
28.004092
30.016295
