15.013237
16.005690
24.008815
9.023880
20.000928
8.013469
21.033414
20.000928
33.011193
18.009601
20.000928
13.000928
13.013011
26.000928
10.003130
8.006376
7.031433
29.027739
14.007348
25.010667
15.000928
8.010190
18.033413
9.022908
21.021798
14.012857
7.058572
46.000928
7.008561
10.007236
20.020698
12.005430
16.012357
7.042722
16.022196
9.015518
20.000928
16.011599
10.007081
8.010959
7.014543
54.016883
12.052794
18.022910
16.018116
9.011289
22.022219
9.044371
7.030440
7.009481
8.033705
9.007082
10.012605
8.043522
24.012891
9.005690
20.012519
10.004052
7.003938
9.021984
11.010235
17.020638
7.030295
13.017459
7.009820
10.003572
11.018820
8.014425
12.006589
8.008309
18.011419
15.015235
10.032504
9.005510
21.000928
7.016225
9.047249
9.013564
9.008700
9.030045
9.010459
21.000928
12.032828
26.000928
14.004538
12.027434
7.009101
11.023583
14.022776
10.006736
13.007423
6.019364
12.008815
10.013797
18.013911
15.000928
10.000928
24.000928
9.027450
7.006803
20.000928
12.047993
10.037949
9.004766
9.027512
14.016654
9.031792
9.034397
15.008549
10.000928
22.020004
10.004563
14.005655
13.010367
9.022030
14.034452
27.019918
23.009241
12.007122
14.057606
21.000928
7.032341
15.007076
20.000928
8.007387
9.000928
43.019147
10.009501
12.000928
25.034213
17.003592
13.000928
15.000928
11.012387
24.027088
15.000928
8.012971
6.015301
11.000928
26.003998
8.050249
13.013925
15.062661
8.009681
10.054618
11.026120
8.011589
10.020028
24.016802
12.010137
9.017203
17.007009
14.012777
11.018479
9.008355
29.027562
9.009507
9.008215
7.015055
11.022208
14.007275
16.000928
7.016014
18.028896
16.012200
13.017492
27.000928
19.000928
11.018398
16.021498
10.022922
10.000928
12.042433
9.011340
12.008175
9.012337
9.005170
16.027074
17.007162
9.018653
8.009241
40.016569
9.053126
7.023908
21.008741
14.009599
10.000928
15.000928
17.015889
8.009641
27.019088
10.000928
16.009780
15.022556
19.010121
13.010347
15.011200
9.006816
8.063534
14.010386
10.006176
9.012045
8.055890
9.023202
14.012551
7.029980
9.000928
6.011667
19.005910
22.009701
9.017167
12.006996
10.002386
12.018044
11.014075
13.011743
19.010291
9.007076
13.007148
14.012403
7.023484
12.006896
14.003712
15.000928
6.020333
21.022058
8.039300
16.000928
7.054884
9.015581
30.015323
16.014963
21.003738
9.031500
19.008880
14.015513
16.000928
7.033589
24.023596
16.016907
7.030089
9.006390
9.011749
7.022982
11.010053
8.009361
13.018014
16.011673
19.007448
11.008355
12.021944
9.044603
8.009601
12.000928
17.043522
9.027632
8.011873
10.021240
14.005670
11.000928
12.045007
12.007437
10.015890
24.009261
20.017059
6.015369
23.005675
15.000928
11.011133
10.033614
7.003798
11.009579
9.005350
26.017420
7.014633
9.007183
9.024730
9.039969
16.000928
27.007562
7.021398
11.021410
14.047771
10.005004
8.005610
11.000928
22.012157
15.010181
33.017234
21.015820
12.008761
12.010461
8.020146
12.006096
9.028056
9.032033
14.010998
11.000928
7.026296
11.056654
11.012675
32.000928
19.000928
7.015321
9.032724
8.030923
28.022424
8.000928
12.023463
10.006676
8.064750
22.005284
16.015371
9.029897
9.019472
9.050108
9.012117
7.013203
11.018574
10.012283
18.013255
8.040433
21.006537
8.026304
10.010653
39.015570
12.000928
18.017800
16.010971
24.006868
6.015749
11.046879
5.079357
15.008809
8.024124
34.016875
11.012906
14.020858
7.062764
9.048097
16.022876
8.008301
18.021813
14.006969
12.009841
18.005705
9.006476
9.012857
22.005310
9.020722
7.015190
41.005410
13.012151
27.000928
22.017567
14.026902
19.023869
9.006888
9.010307
14.011398
24.019704
14.007362
9.070294
21.000928
12.054005
16.023560
9.002806
13.004132
13.008754
11.000928
12.014258
15.010891
13.010941
21.002146
14.000928
24.020966
11.019554
8.000928
24.015329
13.021344
7.029600
26.000928
8.003310
11.015882
11.014891
19.009160
6.010619
7.063989
9.017563
7.031801
23.012505
8.030482
8.017946
8.010657
20.020544
9.008827
14.037875
21.010859
14.000928
19.000928
12.005530
6.019412
12.007203
9.009428
9.024875
9.023619
19.008681
9.011061
12.012625
13.000928
11.016347
25.066095
10.013060
9.002380
15.000928
12.028033
12.018991
12.004012
8.022373
17.009387
13.000928
13.012921
24.000928
17.009281
15.005590
8.007909
16.006076
9.003712
25.000928
8.016833
14.007117
18.024498
14.033394
10.031042
10.000928
14.020988
8.003892
20.006617
107.020407
9.032705
19.010827
9.011745
11.008354
8.000928
15.000928
12.039849
7.015221
11.020903
16.000928
9.023347
12.044678
15.009069
15.021018
7.036568
16.024506
9.020366
7.038910
31.003778
8.005264
13.005490
14.012591
7.012183
6.016791
19.006110
14.011598
21.005370
13.006837
16.021150
11.021293
10.007328
7.012217
12.010307
12.042110
10.017020
13.008395
9.010107
24.028642
9.011605
10.004102
