14.004058
14.005325
54.004298
25.019892
10.009641
38.015036
11.012771
45.000928
25.003772
20.009867
15.006917
23.031379
21.005930
21.008389
12.006842
14.005470
10.004223
28.019174
9.033693
8.010993
9.012051
8.021224
6.026109
17.011373
17.024176
9.028209
14.005185
19.003533
34.006457
20.019252
8.017960
8.037576
11.003838
45.015161
6.040594
32.026052
17.018200
30.006342
12.016713
8.003712
19.008589
9.021304
6.019312
13.042777
20.007837
13.027470
8.011839
7.017379
18.005625
18.012195
9.012459
11.005045
12.067354
8.010993
14.023090
18.021996
6.035443
15.005745
10.005505
17.032496
8.003892
17.007975
18.022516
18.036143
14.010453
11.011365
28.022802
11.005085
17.000928
34.020091
8.064186
45.004223
7.009567
7.025251
12.011405
9.033601
9.020244
6.017234
9.000928
7.022433
9.010087
11.005385
19.003692
15.011293
7.004346
20.026839
14.014889
15.024708
8.030031
13.005955
10.016044
10.005145
18.005185
7.047979
16.015196
15.015979
11.017647
16.047589
8.020954
11.012411
11.057117
7.016488
9.033247
13.009041
18.026912
13.031523
6.019778
16.003632
17.029398
11.023423
23.023076
9.035177
6.068251
19.012437
25.020838
14.012976
8.033259
17.026713
11.011655
24.036006
19.020460
24.003798
13.000928
10.026457
9.052983
11.025172
7.015333
7.027143
9.033515
9.011793
12.031221
23.011951
14.011705
11.012943
8.007343
12.011033
20.017946
21.020100
8.005205
13.023474
8.028621
7.018279
12.025352
9.023666
15.003632
7.022916
15.014484
19.023537
9.008214
9.031101
9.012897
7.015008
11.006842
8.024662
10.021450
15.010653
8.056196
10.037598
9.006423
13.035300
8.005405
27.024940
6.018688
15.023187
9.034843
10.019952
9.013866
15.005465
18.008709
19.020992
14.003612
15.012431
24.010819
7.014974
14.018960
7.012391
15.009441
15.019664
9.014875
9.018079
15.006485
13.031787
9.012591
22.012776
11.018180
19.039802
11.019983
23.000928
19.009721
18.026013
16.000928
14.009767
19.019212
17.016701
9.021942
14.009002
36.030795
18.016947
13.066258
10.019033
8.036977
14.019303
9.008221
9.023438
8.003872
7.011826
9.008349
14.013703
22.021362
13.011193
15.022786
10.015430
14.004333
10.013151
17.019919
24.018076
15.014243
20.005445
17.012537
20.005045
15.019631
13.006005
16.005545
23.006476
14.000928
27.034399
24.017666
10.013810
14.005610
13.043813
12.014336
13.011639
21.035131
18.010733
14.017974
23.018832
14.017546
9.024453
9.005725
7.014587
9.027794
16.014935
20.032933
13.008489
7.056517
11.000928
18.005565
24.025528
6.045918
26.021756
12.009083
12.004092
8.032081
8.027993
15.011285
9.044140
6.043435
11.011919
6.005735
10.000928
19.009160
11.020594
12.005765
17.030567
15.011253
8.024537
11.031417
14.024392
12.010639
15.010471
18.040592
7.000928
8.028404
8.019672
10.009887
9.021264
18.021030
8.042164
20.011813
10.026478
28.006797
13.058318
20.017062
10.005325
19.007995
22.030102
17.031245
11.053289
8.013763
25.036431
50.009970
23.085210
10.015929
8.033445
10.014569
15.010173
18.011425
14.027138
13.023542
14.023917
13.005405
15.032337
25.012583
8.008675
19.012883
15.005405
29.014831
15.005645
13.025713
13.023376
6.002726
14.018872
9.011939
14.011305
10.012511
16.010539
14.038330
11.023803
27.009091
10.000928
13.056750
25.024014
18.075519
17.044296
7.022632
10.000928
39.016767
8.011033
29.006537
23.011697
14.015193
15.009505
11.012137
13.017819
12.017714
10.006903
20.014366
18.025208
6.031829
9.041780
9.025532
10.037870
11.005545
33.033073
14.026092
8.000928
17.028041
34.012505
9.005625
12.016161
10.012297
14.022248
15.014576
7.054063
13.003110
9.012445
23.005545
26.013611
16.021574
11.013869
17.022214
8.013757
13.028583
11.023004
22.015283
10.005685
23.016624
11.014723
12.057187
7.024154
12.028553
10.012131
18.005505
30.010939
25.022670
17.007057
8.023342
29.010787
11.013523
14.006863
14.021988
54.008435
7.021248
16.005450
6.024690
22.033627
32.021164
9.021048
16.026595
14.016344
14.013757
13.004202
14.006377
10.005705
7.014095
10.035667
14.005205
8.025106
9.021727
25.019677
13.015301
8.012365
11.005305
12.013948
9.044484
21.018359
13.034857
9.019289
9.014423
10.000928
18.010347
11.013889
8.015281
26.023366
12.019832
18.036172
11.009933
19.033424
18.029660
7.013478
10.008714
8.012554
5.005657
16.006363
14.000928
18.005405
24.025079
19.021056
13.033843
9.024662
9.012211
16.000928
18.007994
23.022736
9.025932
9.044916
6.016616
18.006557
10.006542
15.008049
11.017607
9.029603
11.039657
9.008526
18.007017
28.028876
14.030229
30.002680
44.005025
13.033159
9.039112
9.034911
9.007915
14.003898
9.023516
24.006190
14.021781
10.008261
10.015428
14.027393
12.016120
16.000928
13.007587
9.011513
8.023254
14.003718
9.012587
7.038230
16.012471
11.031432
13.017980
8.023188
14.012497
31.021115
10.032771
27.004012
10.005705
7.028150
34.043169
11.002260
9.016253
12.024728
15.000928
13.018845
10.020730
19.017495
41.036854
6.059614
29.018952
11.002320
8.004925
18.014003
25.019736
8.023198
10.003210
9.004950
13.019350
6.022831
18.012491
7.009500
15.006622
24.015661
15.004523
7.009921
6.012943
23.017219
11.005325
23.023256
29.005605
23.025636
15.008829
14.010981
21.012411
11.018259
9.057176
31.005705
23.015501
20.005405
12.024360
9.020550
14.041218
9.032609
11.005285
19.009507
6.000928
5.056690
11.019592
10.023985
11.030048
17.023188
6.059060
10.000928
7.038055
11.013477
11.016395
14.016548
6.095611
8.017140
10.032780
11.004823
17.021364
24.021080
11.016381
9.005265
12.031354
14.032990
10.022953
19.012723
13.008061
56.007855
13.003832
14.029728
8.044734
11.004012
7.037683
26.018872
9.037970
22.008241
45.006457
10.032896
8.008569
10.013718
24.005585
