12.034771
15.009955
18.005510
14.005776
10.003673
18.012504
14.007595
9.013037
15.003992
10.003652
17.024000
31.005285
12.011513
12.029571
16.030607
19.013404
39.012797
19.022522
10.000928
14.003832
26.003972
16.005322
11.003572
47.008309
9.037676
10.011114
13.030266
18.000928
10.023440
19.006655
9.027533
50.003932
30.000928
9.002220
14.004052
16.003932
10.017977
14.017120
14.022252
14.030426
8.003792
17.003812
14.000928
10.004072
10.004132
15.011499
20.010413
13.005890
12.004112
133.003552
13.000928
15.000928
15.000928
17.003572
10.003812
17.015735
13.003672
25.010159
9.025262
12.005445
26.012909
14.023274
8.005445
22.003592
8.003592
34.003992
10.003712
37.010965
18.004052
75.009508
14.011425
72.005025
17.008523
11.004032
32.009215
28.009907
47.003612
11.008301
21.003772
14.004132
9.006436
8.006836
34.003692
13.022969
9.035318
20.004012
13.010099
19.005971
10.010221
10.003612
12.006722
18.003572
20.018078
14.005950
10.006897
16.000928
15.000928
41.006170
9.021366
8.023872
9.023311
81.003892
17.011209
11.004012
9.003912
42.014849
14.005931
11.008615
8.008208
11.000928
11.035183
15.003992
9.004202
20.003812
37.005696
14.017284
19.005230
15.010035
13.017626
14.011543
15.003572
20.009901
14.004623
24.014827
12.012617
14.024351
19.007643
19.009827
11.016882
13.023267
21.002220
14.003572
16.015181
34.009095
14.007083
12.003912
17.000928
9.005575
15.005145
18.003712
11.003872
16.017285
40.003872
13.017889
15.003190
34.003952
11.004012
15.003812
15.012039
9.011851
8.006415
16.003752
25.004032
18.003932
24.004132
24.004012
13.019196
9.035019
20.003532
27.003772
22.008795
15.003832
16.038070
12.003912
21.004624
54.033579
19.018132
22.004132
34.003572
11.034193
19.007588
12.003772
16.005471
9.031998
19.006963
9.015041
13.003812
16.000928
14.000928
16.010595
17.004012
29.003992
13.005116
30.009230
13.032687
14.008774
12.009555
17.000928
14.000928
13.008156
13.007829
11.004631
10.003912
12.008115
9.020397
9.014303
8.003892
35.008582
9.023128
14.005450
14.025820
10.003912
8.027398
14.010480
14.013783
14.016039
14.005170
14.005930
10.006477
9.000928
9.004032
13.012651
20.003772
13.005870
14.026222
14.005711
13.003752
30.038090
18.003732
11.006357
29.003932
16.003832
20.004032
9.004032
11.019645
13.005490
10.003909
17.003972
25.014571
14.015035
13.003792
18.003592
15.003572
9.000928
21.000928
14.003772
44.005185
19.003752
20.005045
12.007022
19.005410
9.018400
18.003692
18.003852
16.019081
14.006310
20.004032
9.005796
13.005630
20.006890
13.027213
14.019308
9.010753
9.040090
8.003892
10.035973
14.010945
14.020329
19.033775
13.003932
22.003532
20.004313
27.003912
28.024320
59.004918
19.004724
14.032336
29.044470
19.026285
11.010366
12.007043
9.042378
11.007455
9.003532
23.004443
13.010647
9.022676
14.047595
19.008494
10.000928
8.023988
14.009615
14.014773
14.025911
24.026332
9.043619
14.041314
10.000928
13.013257
9.028624
9.004736
9.022911
17.003872
31.008875
30.003612
9.000928
14.000928
13.018826
24.009947
25.010911
15.003852
12.005810
15.000928
17.004052
10.009933
10.009347
17.003632
22.004132
18.003692
8.025168
10.038690
13.012492
12.003532
11.007483
14.009987
34.005370
15.003652
15.000928
17.012763
14.009055
14.005870
18.003532
25.020089
30.000928
27.003732
15.029675
15.008241
13.005250
25.000928
38.005537
13.003672
27.012933
12.008767
14.022212
20.003772
10.000928
9.002142
22.030525
9.019666
9.017702
12.003672
29.003792
27.003672
12.003812
25.008801
15.003949
13.009875
14.025982
14.014209
20.000928
15.003752
17.042644
9.028691
30.003952
13.006902
25.004112
9.002850
13.042098
14.012709
10.004602
28.016509
14.009381
34.005670
18.010655
23.006054
11.011447
15.016735
9.002870
13.005491
109.032099
12.003592
11.033587
19.011703
16.003652
26.004012
10.038591
25.005955
11.013869
36.009373
14.017474
23.010941
21.003832
10.006295
16.011567
10.007583
20.003972
19.006717
14.004442
18.014955
32.003852
8.003692
13.013245
13.028638
9.012971
14.007083
24.034617
24.036903
14.013179
13.004112
20.048454
14.005090
14.024980
9.015633
14.028573
14.037089
13.002220
30.008488
15.003912
13.005870
19.007268
14.034205
18.003732
19.004012
20.010293
24.009803
14.020635
21.008555
9.003792
17.009925
11.003772
12.007462
14.011943
14.006030
9.008815
