108.004563
6.014247
11.012714
16.011463
17.013709
70.004563
8.052710
14.017872
9.043301
17.006657
16.040693
14.033412
9.035948
9.060005
9.035407
9.033717
9.057946
9.052937
10.014465
40.010295
13.013411
9.032735
14.022948
7.017107
10.024807
12.021189
17.009721
10.007097
22.068385
5.022988
9.000928
18.025155
9.036757
9.005031
8.015543
16.008921
13.008235
10.000928
13.053765
12.005645
15.011871
20.062580
9.061766
19.025911
9.027589
9.047628
9.038157
9.034251
14.031553
19.028944
9.022484
9.056394
10.000928
18.011907
16.002970
7.053964
10.000928
8.069811
9.064767
14.039041
14.029166
29.006430
9.028958
9.050193
9.003658
9.039030
14.026066
9.047822
9.019758
9.041376
9.008415
9.016891
14.013690
10.012459
18.028689
9.037169
9.046803
9.054420
10.006462
10.004132
17.008215
15.020853
18.013783
19.046776
14.004782
16.008549
12.035837
29.024123
14.024568
19.018458
14.018166
15.006777
13.031927
14.033522
14.029798
30.008155
8.013763
24.051389
9.050894
29.053531
9.009971
8.006557
20.049226
9.053111
9.017088
10.012505
8.047561
24.022118
7.023209
8.015635
17.049980
5.019978
27.028319
21.011101
13.051403
5.053154
28.021276
14.020774
14.037725
19.038466
32.007137
16.033975
14.064045
9.027906
10.000928
8.014975
9.033159
9.041666
9.010965
9.068765
14.017362
10.015610
64.000928
23.047869
9.028972
19.021302
11.009039
17.022165
9.055242
9.027065
14.021318
9.062209
14.054286
14.055955
14.037361
10.031493
9.017717
13.066440
9.018046
19.011479
9.023234
19.038616
9.027166
16.004132
43.002830
13.025506
5.009121
9.004583
28.026854
9.032849
19.048172
5.076208
13.006782
9.053352
9.024984
5.002440
8.031093
6.014133
10.004566
17.013209
13.024304
6.004944
47.023520
7.005165
8.057047
13.005344
14.009015
13.032821
9.048426
14.028599
19.026684
19.002220
24.010387
10.006657
18.011951
21.004072
12.010433
9.018097
10.006808
18.053273
10.009355
14.000928
10.004603
18.000928
13.033797
9.052500
9.063526
45.000928
8.062909
10.000928
9.003818
8.056880
16.004663
17.014117
14.023858
7.006953
17.004323
6.030421
11.036147
14.008615
8.022740
5.068800
9.018716
14.036199
15.000928
23.045531
10.010791
23.034506
14.040186
9.041973
9.043889
7.013225
27.008389
10.005445
54.004403
12.016021
20.029809
8.046095
5.035378
8.052654
19.068669
14.021158
14.015417
21.006697
9.011865
8.023651
8.061685
12.006896
11.032451
36.061055
10.006285
16.045610
19.009687
20.006477
9.014681
18.056533
9.011045
9.058159
6.008087
38.003812
18.057510
14.005091
59.014921
6.039026
12.006976
9.089581
9.044800
12.012483
16.096463
8.006577
25.005491
14.042966
14.053393
6.006737
6.014909
31.013365
13.022562
19.079337
9.012103
17.012771
11.052049
5.030543
23.024793
9.020795
9.057923
9.020318
9.066263
9.043770
9.024226
9.025544
10.000928
8.034937
14.018954
12.003812
14.013758
11.026119
5.030169
8.054242
14.055100
9.017567
14.019597
9.022824
15.000928
13.028190
9.009613
9.032337
5.016570
13.030939
14.076441
24.087760
11.003552
8.032370
13.015900
9.022188
10.000928
9.000928
8.018269
19.016865
9.016475
29.007683
12.012277
16.013777
14.041781
6.006837
14.012313
22.015235
9.014629
9.045553
20.004606
14.003306
9.004923
7.006377
30.048439
9.052755
7.027987
11.022106
9.043702
42.055290
16.036577
9.039747
14.025499
39.029158
19.014201
9.012735
14.042627
9.022907
9.074394
19.010545
9.061304
19.058150
9.044140
24.027670
5.019009
15.014241
13.019717
23.047039
10.028385
13.068369
19.035229
9.042122
34.099332
9.023091
14.068737
11.011401
8.000928
8.044344
14.025934
9.069339
14.035331
29.004058
14.037881
9.039086
9.012931
14.033314
19.052592
9.029176
9.019651
14.028098
9.019864
15.004322
18.047661
8.009921
32.008209
8.004523
23.061550
14.026472
9.045269
15.000928
8.045737
9.051806
9.028393
9.026091
9.038950
14.015675
13.006457
14.007077
10.025478
14.009719
8.013319
10.034033
9.038847
14.044088
9.014698
9.019748
9.044986
23.011273
8.006813
