58.007037
33.020790
20.004052
18.030943
46.011474
37.024686
36.006962
18.008975
18.046131
39.005916
39.016069
15.032031
21.007841
31.028885
27.003872
21.003618
20.003672
19.009073
28.018692
24.023658
19.014269
14.040460
24.022148
31.006777
19.014798
22.056979
24.023782
31.013527
23.006657
19.009881
28.039211
20.000928
24.003872
15.014549
18.005935
28.103858
24.016223
24.018596
24.034827
29.034783
28.010087
23.010268
19.019124
21.028389
20.025829
28.042141
29.013139
15.023702
29.003632
25.008455
22.015216
50.006357
24.003929
18.033193
19.013749
44.014489
44.044716
39.032328
24.025028
24.042392
20.004443
23.010246
34.077977
30.010965
33.032131
17.013491
11.024756
14.027742
34.017865
19.018186
20.008599
28.023511
34.011571
16.009539
25.006317
11.028205
22.012115
28.011365
17.029023
14.046436
16.006596
37.016874
20.003672
28.037037
14.017620
29.035522
25.008657
13.027303
24.019272
15.016915
24.003752
19.004542
23.006334
20.017803
13.025092
19.059863
19.027650
20.000928
28.049816
21.004112
15.017757
41.005930
24.006903
29.036174
15.007781
18.049781
15.015762
18.014483
36.004678
17.023594
18.014831
21.012099
13.040358
21.009395
27.010639
14.025858
23.019228
15.024148
24.049264
25.003912
33.029661
19.009693
19.044773
20.005345
19.002726
18.019318
19.009647
14.038257
19.034965
24.026033
24.041335
22.004925
19.011425
21.024409
14.047304
20.008309
25.002220
22.024586
19.021676
20.012011
14.004132
13.049294
33.015442
45.025447
30.015341
19.007399
24.004622
51.024912
16.031887
27.006545
36.015974
19.049258
14.030937
19.036111
29.034566
29.012491
29.025584
24.029289
19.034101
34.049022
34.048159
15.008074
18.032736
24.030515
24.025183
19.009607
29.038449
29.051146
24.014827
19.037455
20.004602
18.050831
19.084405
29.085074
29.025366
20.027170
28.071419
15.015517
15.036502
39.011154
27.037304
30.006705
18.023163
29.032435
19.021396
25.003772
14.018474
19.028203
18.017605
44.034029
15.003146
13.038698
34.031867
19.038241
14.031692
40.006741
39.004482
38.019309
19.039845
20.002626
13.025367
18.009927
10.071917
19.011359
24.009687
14.011951
24.012903
15.009752
28.030043
18.011760
35.008181
24.008355
24.011025
30.005935
21.017077
11.024247
14.012449
22.020212
41.020010
20.006397
23.027052
21.020196
13.013469
20.012926
23.019651
24.004302
18.033477
29.035724
21.019986
32.052019
20.003672
13.023598
35.003552
33.020537
29.020094
44.025341
29.047041
25.008594
19.010138
48.016374
24.051570
19.026141
25.000928
19.013381
18.044997
24.018108
19.017507
19.052455
24.016011
14.060749
39.045755
24.034472
14.022918
14.036923
14.016538
17.008565
15.016562
15.043498
19.046744
21.005450
17.025652
24.008983
24.010453
36.000928
25.005730
17.034201
23.030369
39.018498
29.048297
44.015887
22.009807
21.027555
28.017540
40.032104
29.021260
29.035427
24.017622
24.034706
24.012363
24.046046
16.005325
22.025610
15.006637
26.006702
36.028032
14.008635
29.016274
21.016081
18.032661
13.024754
19.007268
21.040026
22.025994
22.005465
21.063551
20.015420
28.026473
15.012737
23.035842
30.005711
13.024274
14.029767
40.008739
28.052009
24.030407
14.062818
23.013704
26.003832
33.017440
21.023060
27.029686
14.060964
16.003210
22.013409
18.006597
40.032314
20.003672
24.014357
13.014701
20.018438
23.032547
29.033259
14.020370
24.033695
24.009387
15.015705
32.018890
26.010207
38.040723
25.016450
23.068442
15.054284
21.007509
17.000928
18.050155
14.078578
17.007183
16.023526
16.000928
17.039978
18.003652
59.013478
22.008201
32.030054
19.045989
14.014617
36.006797
15.017498
16.023706
44.033753
31.000928
17.054633
35.004412
13.035397
20.000928
28.038281
14.023666
24.011319
34.072914
22.015515
19.013598
13.021719
17.039650
14.057554
15.021244
13.051203
14.030716
15.008269
38.012237
19.010931
29.043501
19.067907
29.018382
20.017354
16.007163
26.016321
26.011499
33.011844
40.006997
13.006937
28.008579
14.069309
24.044440
14.063788
20.006363
23.027521
41.002240
17.020020
34.017567
14.040589
29.041687
15.014479
33.041030
24.019733
44.040603
24.028524
14.019458
