12.029349
34.035161
24.025826
19.036561
28.011925
25.033841
13.029785
30.019477
14.010685
18.016287
41.004543
18.070940
13.022616
34.005490
14.020764
20.030093
21.000928
10.008015
16.017619
17.038595
33.033925
28.000928
25.009129
18.054387
28.007002
14.053692
19.024328
29.038713
10.011901
18.040208
14.037755
17.016747
16.016381
39.022418
22.012063
12.006643
19.014472
13.007635
14.011319
10.008249
20.010587
17.025667
18.018264
25.022742
20.005705
18.016953
20.009341
23.012405
9.013971
12.009901
21.015475
9.041587
14.039917
20.018144
23.018792
45.003532
18.012743
26.011073
17.039830
39.026352
29.013371
17.000928
16.020811
19.008680
29.052025
24.007232
23.005585
15.036629
16.005065
21.011483
30.030802
12.052537
16.047938
19.017253
16.028434
13.021618
28.015682
24.012617
15.013905
15.000928
20.008369
21.051288
18.000928
35.020152
19.046360
14.005370
19.010725
24.019419
14.021076
9.049965
14.021771
45.011089
23.038080
16.013983
24.005410
14.005311
23.007257
33.030318
14.025825
32.011759
14.012033
27.014061
18.000928
16.003872
17.025462
39.011831
13.015747
21.024663
24.004038
19.004382
30.015047
27.013988
19.023812
11.019832
32.005110
22.013391
16.028064
24.029962
22.000928
16.038530
19.020790
24.028963
19.034639
27.034133
9.009835
11.048763
23.005644
28.002600
15.012625
15.040643
14.028746
14.028084
16.013407
17.043395
24.029548
14.029974
15.011041
13.014343
24.006384
17.013503
16.019518
14.046904
34.032549
35.021486
15.031760
17.051772
18.020126
17.006737
17.042351
31.004845
26.004052
45.029613
26.007709
22.011731
28.032568
20.034195
19.056160
19.033735
14.032890
16.021646
16.008455
26.000928
14.005465
18.050752
19.033475
26.005410
14.021052
32.019724
16.002340
15.007069
19.013027
16.023274
19.016413
32.016527
18.005961
24.017112
28.010081
43.030582
14.023488
21.002760
21.035983
31.021638
18.009013
14.025246
24.022882
21.002326
37.011039
15.003612
23.009687
25.007037
23.027090
19.015029
24.016793
19.028870
14.014954
22.009887
14.010547
28.003852
24.019938
23.002220
13.018651
24.011959
14.049333
29.022224
20.009601
18.012431
22.011045
24.015209
21.017960
24.051547
19.040887
30.004172
18.012611
19.022264
30.014371
21.009447
19.009621
14.009921
31.012729
24.026993
24.033547
19.003598
15.013377
15.002700
18.016805
17.024998
27.004292
27.036925
26.000928
13.000928
15.012725
13.022902
15.005190
13.012303
13.045953
9.035548
23.013929
36.008629
16.002460
15.000928
11.005455
23.016089
23.005324
50.025357
16.002360
27.032401
38.018640
26.007116
43.067248
37.010993
16.024100
19.023258
21.012365
19.009421
27.024260
14.034485
19.014109
21.004452
22.041252
17.005845
11.020409
17.000928
21.008115
21.007709
19.019812
22.049351
29.012499
14.016653
9.041749
16.030183
15.008069
16.016793
14.039255
16.011955
18.025834
13.030924
12.011459
11.043612
12.024794
11.029924
17.007103
27.014523
15.026200
15.011393
23.009701
23.012100
20.024154
23.032247
19.004643
13.027612
16.000928
25.020030
21.025428
24.086736
34.079105
16.026797
19.008649
39.007317
27.028200
20.000928
13.062644
19.017827
15.024159
12.034459
19.017539
25.016627
19.011059
24.006783
27.007257
16.032414
21.000928
22.006178
11.015202
22.033281
16.005490
12.061750
14.021432
18.007591
34.025060
25.051000
19.034455
26.006817
29.000928
34.016774
22.044395
18.029203
14.019180
25.028132
17.011039
16.018386
19.009627
23.018054
22.009501
20.010513
13.043150
35.005444
11.052629
29.010459
19.020764
9.025057
15.025514
23.042059
18.017028
30.031205
16.020318
13.004092
15.030347
15.011859
9.010401
14.012605
26.033935
19.016069
28.015319
24.024080
10.007495
14.005350
20.026112
21.011513
16.005836
14.040369
19.014729
15.006697
23.016299
19.051711
24.037583
21.000928
10.012359
24.040731
11.028895
18.008649
35.072546
12.006636
16.011731
14.022696
14.038011
19.014487
20.002460
18.038185
47.016848
11.017940
13.018455
20.019538
19.032400
26.013115
12.040179
15.014151
25.006657
26.008349
25.030650
19.006563
20.007017
28.078787
32.003574
16.038337
29.030727
19.031053
14.009753
9.147186
16.019606
20.023729
11.042883
29.020530
30.000928
13.062426
24.039394
17.034139
12.004502
13.015361
24.010919
14.018120
14.025664
19.071522
24.026141
19.025760
14.014063
24.013565
19.011671
14.006509
14.038937
19.009853
37.017434
27.009641
12.021724
15.021720
25.013918
10.005344
11.035846
18.000928
14.008189
15.041616
15.059671
15.014137
17.012245
20.012157
14.033055
24.015654
30.008049
18.026425
14.035697
17.012877
16.008575
19.014303
20.007211
33.026680
29.028677
26.003912
30.013633
21.008095
28.024806
26.009241
17.015646
30.016365
13.021796
21.000928
14.018602
29.021868
17.002566
26.011467
13.012545
26.023736
18.012271
10.027697
11.000928
14.009721
21.011559
25.018653
16.006242
