14.004072
12.037001
14.012817
19.010739
15.003772
13.009080
14.064484
20.015969
15.012327
14.007421
17.017157
19.015123
15.016003
28.011644
16.012241
12.026808
20.002540
28.018112
20.000928
24.007847
18.033913
16.004132
17.012397
9.045118
15.000928
14.002620
16.005610
32.004778
13.022992
30.002600
29.021248
13.054374
12.044489
16.034761
19.008373
9.008121
24.016289
9.086494
13.010893
23.004538
16.040341
10.006796
13.037750
15.013475
13.018824
9.073875
24.021363
11.009721
23.002306
21.006290
12.010671
18.033995
17.010661
21.014817
10.012093
26.004403
31.052318
13.004012
11.002700
8.032672
14.014469
30.004643
8.116728
10.005790
18.057904
20.002720
9.008015
18.076516
14.014615
14.023780
9.056687
11.002740
27.013163
34.022084
16.014178
12.023856
15.003274
16.017942
26.014189
19.012359
10.004072
13.005930
14.024458
24.017682
11.009707
14.012370
22.046656
14.069634
14.024636
13.005790
11.011043
18.021862
10.004582
11.006576
12.003772
19.010915
13.029529
9.009547
8.024162
18.004018
16.082027
13.014303
35.007242
10.010001
9.002580
18.028547
8.019638
41.005490
23.016556
10.029634
18.019338
10.009161
13.016389
15.002840
13.009607
20.005024
19.004218
10.022434
37.034254
15.015876
20.006110
10.003598
17.003872
38.006150
20.000928
13.011877
14.025670
9.079241
10.013316
19.012123
18.007643
13.031442
32.038629
18.002340
14.002220
19.005224
18.018972
14.027232
16.004063
17.032217
14.006523
17.014890
36.025121
29.025635
16.005650
28.013716
8.050128
21.002680
33.002380
13.041067
34.037392
13.015679
33.031600
17.012495
10.026297
8.020690
9.021507
14.016542
18.023526
24.024420
14.022910
64.018973
44.064981
30.002740
15.033909
12.016455
9.050710
16.000928
27.037245
9.062631
14.020725
15.014711
19.002260
13.023028
14.046002
14.073794
9.040893
14.010453
14.006682
10.011947
15.000928
29.002486
18.002440
18.047002
9.034255
14.028650
14.010835
9.027306
21.002300
11.015935
11.024116
18.053775
15.012265
13.024086
19.013705
11.034567
12.007383
10.000928
18.043012
39.014777
14.019944
15.017373
18.008035
19.043608
19.021454
9.103671
9.041945
19.024498
19.020742
14.031767
14.012611
15.002820
9.003972
9.025260
14.002740
17.002666
10.059169
15.003672
10.006390
12.027042
14.036245
49.038573
10.015795
13.051832
35.005879
13.075328
9.055319
9.012063
13.003958
21.019906
23.022658
15.000928
17.035656
20.048154
14.057649
29.073138
10.006496
23.025180
39.041166
19.027841
14.015095
9.040221
15.038930
13.050777
8.010141
46.002660
29.000928
18.071966
11.008769
17.032569
20.008289
19.002620
14.003672
15.003852
17.010541
29.010680
16.010959
20.003758
11.054311
20.003838
14.008020
15.000928
8.010053
14.002780
13.006688
8.029618
17.010853
12.017166
10.037319
13.029823
19.063382
15.009571
10.024005
20.004378
52.003678
23.012739
20.004112
8.070935
17.010707
15.005550
8.004998
11.015202
10.021626
10.018930
19.004563
12.026534
15.000928
28.031961
28.030815
65.022216
14.011771
29.008334
14.014715
16.005570
14.007116
12.041800
45.004072
13.009657
9.076660
9.033770
14.014083
13.015270
28.027196
10.009201
21.002420
13.050179
10.010973
30.010221
17.023675
14.012015
14.032423
15.000928
24.013817
9.013437
11.027686
18.012551
8.015588
24.017272
19.004482
18.022300
8.011053
14.045602
19.022436
17.015267
16.007062
34.010287
19.023584
12.006150
21.018331
9.044044
14.072020
20.002680
15.000928
18.004132
35.004678
12.014144
125.002420
13.016725
10.018988
11.070395
21.026683
14.011279
13.013949
27.002440
9.007954
17.029981
15.012877
14.009801
14.009121
11.017294
29.000928
22.002380
14.011383
13.038950
9.011311
9.014982
14.017166
19.041457
24.015019
20.014123
26.005570
16.008608
15.020042
14.010167
14.012311
13.006882
19.015501
