18.012581
25.013457
28.002220
60.004443
10.063586
18.006637
23.006723
13.032401
14.014163
6.025120
23.005265
14.014021
19.020998
23.005736
21.018732
17.039088
21.018390
7.039996
9.064765
20.006737
20.000928
27.019604
19.019106
19.016687
10.029915
18.021210
9.068740
11.008135
18.006296
23.005231
11.014403
17.039813
14.027747
26.022017
12.027183
9.026613
11.010613
13.021049
18.007974
46.014796
49.006997
39.009361
12.018251
14.008714
11.013657
17.035809
9.024780
56.021664
12.037774
19.003684
9.040971
36.011826
17.025096
14.039807
14.038224
32.006757
14.009841
11.088027
14.032753
26.013077
12.018532
39.057536
14.025798
29.023726
11.006717
22.007409
31.006877
58.007157
13.011939
14.021968
36.010533
12.039911
10.005445
13.047528
19.030650
14.004966
22.002994
13.006237
29.015116
17.013451
9.054431
9.040090
20.005625
13.041848
19.032471
51.008209
9.019968
27.019998
36.000928
17.026797
14.022875
14.032468
15.008595
13.025982
19.017059
35.018414
8.074132
14.048215
31.009479
32.008267
11.005125
39.010393
12.023496
24.021934
14.055597
15.019798
13.036186
16.009221
12.081637
19.015961
14.037053
14.030929
39.064291
11.015176
32.020904
14.020464
29.006982
12.016201
26.045448
40.005824
34.006085
48.023092
25.033404
13.055365
16.009281
12.030795
20.006739
13.047164
15.013703
18.037623
14.014089
9.053809
9.007741
11.020524
20.016309
28.025384
12.020630
16.011931
29.009221
7.054990
26.009927
17.014664
29.031641
26.023189
14.010833
7.053225
14.032324
9.075269
11.006703
12.025726
19.010739
14.004870
19.021064
16.009061
19.023076
12.009745
12.016808
11.033986
14.027896
16.009361
34.006717
12.018539
17.016242
16.023046
14.033457
9.036029
31.022071
39.009581
28.005845
18.040730
14.027476
14.028130
10.004602
11.030677
21.049407
20.005245
18.006583
15.005665
18.039444
16.003693
12.006743
9.024308
16.006877
12.020004
21.021896
12.035001
21.013937
29.010507
34.009612
17.005816
24.034102
14.040795
11.007889
62.008055
9.056495
14.047246
75.011951
53.013071
19.027278
30.011783
14.006637
18.018764
14.017342
21.011139
17.015247
9.025000
24.024714
42.016102
12.012531
8.050629
35.010307
8.041412
14.019252
21.008089
17.032661
9.035852
16.016102
12.029947
9.016953
9.061619
14.019517
26.012312
13.005371
8.046058
11.017500
27.010257
26.020205
12.017000
25.021718
13.026944
12.008229
16.026173
26.023250
17.052185
26.020844
24.018746
12.010863
9.021510
14.010279
25.005264
13.031343
14.018117
16.006922
13.010001
13.028186
14.019644
11.012325
12.013903
14.018204
20.010973
13.023626
9.021436
14.045106
14.048311
16.004163
33.003933
38.051650
11.006997
12.059702
15.011211
13.037136
10.009621
13.008392
31.017500
22.009653
33.007995
12.018600
17.006823
25.024158
13.019032
9.077087
21.012411
12.049490
9.045489
44.029287
9.025071
26.016448
8.038756
13.052860
36.013397
12.018750
9.014269
14.044723
15.004052
8.102387
11.021356
63.007257
28.011411
21.020998
17.010393
16.016727
13.004442
18.018491
21.014810
27.009121
10.021580
18.022963
16.005311
12.009593
9.015489
26.010433
17.024182
20.014765
8.073122
71.012025
8.033638
8.028638
9.014761
16.008875
12.016885
15.010711
8.070223
14.027562
11.012411
12.024088
30.015161
13.023476
14.011845
14.033307
19.010761
9.027652
16.013883
22.012497
30.007889
8.094770
25.008949
10.009381
12.031869
14.060656
16.009127
17.034583
76.013398
22.024596
14.038251
26.004930
12.015928
14.018571
14.036368
8.050590
20.014039
9.039988
17.014709
11.016660
9.066213
9.028097
19.038131
31.012591
17.026972
21.000928
9.053386
12.006816
24.018312
14.031305
10.009941
9.021952
18.033722
24.047845
9.055455
14.039130
35.008555
46.006776
16.012935
20.011950
13.045833
14.029634
14.039880
9.041930
26.018546
22.036311
12.008149
31.019412
71.012252
12.016687
16.010613
38.021132
10.019753
23.011190
13.057112
14.040784
21.006637
12.012637
24.017977
36.015316
12.029155
9.025488
16.011986
22.028748
10.004622
40.021065
34.017228
54.004342
