11.029123
37.017885
65.025966
13.033764
103.004403
8.047933
26.023314
8.016887
10.000928
17.031277
15.002240
13.050160
20.004593
12.033067
25.014043
17.000928
19.000928
26.015595
14.030161
12.016627
11.043135
7.025514
26.021156
11.020810
34.012831
12.019484
9.044986
26.005305
17.020530
17.000928
13.011339
22.008627
9.019172
11.024140
23.012003
8.042281
12.005431
11.026044
9.027075
46.029283
12.028858
10.033989
12.019852
12.022128
15.000928
11.037925
7.011453
8.007157
12.044422
11.019338
9.024880
16.000928
42.022438
14.026292
7.030497
19.027654
14.009767
24.004798
52.000928
15.000928
44.000928
15.071835
10.003953
13.007787
26.034231
8.009261
20.017573
17.036573
17.000928
8.020544
8.010555
8.034774
19.029570
26.012091
10.013131
12.013623
10.000928
28.014926
16.000928
16.030084
14.014895
12.000928
9.016388
11.005110
13.000928
20.002220
17.020624
18.014477
14.003973
15.023328
16.008301
7.054649
14.005191
16.044114
14.040542
17.005271
11.049997
12.008695
9.014063
12.014177
8.050932
12.017439
12.002340
11.009873
8.005391
29.014431
14.025389
8.005311
18.038653
16.013323
13.002340
24.007117
8.024354
9.046182
10.015348
10.006597
17.015667
9.035353
11.020704
8.000928
21.008765
11.036658
12.014064
6.045429
36.045054
22.027965
11.009727
12.008821
9.020905
16.024240
29.000928
14.018548
7.028830
10.015521
45.010659
57.003884
9.045886
12.056491
28.028757
14.013743
58.004643
13.010801
16.003972
12.061710
13.024634
12.015475
7.045463
9.047560
22.000928
13.012405
12.016167
9.025372
40.008315
13.005070
14.065433
29.012253
15.004985
11.000928
11.020477
9.043165
12.004253
13.007457
27.017150
10.007177
8.023141
51.010939
9.000928
39.019092
8.017833
8.045975
13.019812
22.016728
7.049106
49.023800
25.013191
9.004162
10.005465
22.034877
9.035341
8.000928
13.019185
11.042350
21.039934
13.005145
32.000928
13.017107
8.003672
25.013981
24.000928
26.009887
12.000928
8.019372
18.004803
26.009887
10.011139
30.027313
16.015276
12.033339
32.000928
18.000928
7.028245
16.021696
19.022317
12.030937
12.006757
11.022235
12.030619
20.000928
38.019292
16.007043
71.039151
32.033653
14.030873
14.028890
10.027251
16.000928
11.018520
13.005470
11.002840
15.000928
7.017792
22.007057
13.011937
8.007096
15.011879
14.000928
8.003772
32.003532
7.011399
22.005491
12.000928
9.000928
12.002220
18.019998
11.005551
17.019830
27.000928
12.004323
8.060291
12.000928
14.012971
11.040464
9.026942
9.049200
14.015149
16.006577
13.000928
21.014923
10.000928
15.027083
15.005225
12.011039
18.006557
11.023129
17.003812
8.004443
17.012627
10.017814
26.014443
11.013017
18.015549
10.042416
10.012773
8.040947
34.026166
36.003772
9.011359
10.000928
12.011621
8.043688
9.027536
9.060055
10.000928
11.000928
11.020830
34.017401
9.007681
38.000928
12.006543
9.027845
34.019092
12.037746
17.000928
13.006421
12.036116
10.006745
13.044024
19.012293
11.032695
16.003718
15.044146
12.012573
14.002346
20.011519
11.000928
19.000928
24.013543
11.008435
12.019158
8.045791
9.032158
27.017974
11.045310
11.025306
22.042675
16.020058
22.043111
9.037823
28.000928
13.019172
8.013451
12.024217
26.016127
25.012825
11.070312
34.030137
19.012317
12.000928
11.042438
9.051366
13.000928
10.034423
14.037356
31.005425
17.022796
15.002640
21.000928
33.031811
12.036485
14.007828
14.030263
