17.023396
19.034093
21.009361
17.009194
24.042076
22.012493
50.006522
60.030190
29.033357
39.037857
19.029029
61.006717
21.010535
12.015195
12.046712
27.014875
16.041085
12.005345
18.014475
30.008621
21.010035
24.021454
41.046476
19.019860
15.028173
16.017045
24.063566
19.035127
34.033757
15.008109
51.009981
17.014131
40.012539
22.023294
13.006503
31.000928
45.016750
78.008088
28.020883
23.017761
26.000928
22.024634
8.009717
16.023155
39.035821
40.000928
48.021765
11.014063
17.029074
14.015427
13.009661
66.018999
113.055486
49.005430
53.017014
91.004743
23.028262
27.018581
27.000928
15.011643
12.044558
29.023596
19.030434
26.015997
17.016574
14.015175
14.034917
15.000928
29.024556
38.036436
29.093099
27.013713
31.009826
15.013843
61.011863
26.046786
44.037038
24.023069
34.041856
34.060445
34.047554
55.036228
35.009407
17.034240
25.028338
45.033967
14.012190
13.000928
43.021744
32.010521
21.034011
20.019575
30.019852
43.008389
53.028669
100.004102
34.004123
109.008509
20.022993
17.040328
39.037502
39.086612
14.032763
15.010151
48.010919
18.021390
30.021063
19.020824
74.051116
37.009481
56.021080
24.033134
29.024380
27.012851
31.051179
39.008534
45.012080
20.021790
17.002220
23.009509
45.041898
67.013075
14.006853
24.022236
16.050083
44.025622
19.008835
16.011863
32.021098
24.034767
26.020260
17.074382
33.011159
76.008979
36.018636
34.008109
41.026299
59.046317
15.006577
104.000928
25.061071
12.074481
36.016583
20.010373
100.008409
24.026073
60.012599
34.057800
14.032049
22.008169
23.055550
138.013283
29.008329
43.010681
24.017540
19.026938
25.006557
15.009761
12.043217
29.066074
36.009341
17.013903
123.008907
47.012219
17.062209
29.046902
10.018508
29.014343
28.009787
21.010699
12.063481
19.006723
14.020471
59.020796
19.038272
27.010653
30.003972
33.000928
21.047127
16.030900
17.026834
26.016973
17.012351
39.021232
29.038632
39.016292
37.009821
21.022914
12.006877
31.045625
12.008449
47.000928
28.047333
25.010041
25.000928
12.045153
24.016676
49.026802
19.047018
22.018948
11.025697
39.030309
34.030709
21.000928
69.006797
17.058045
21.016381
22.007802
21.009361
23.000928
33.045908
84.053051
24.041014
16.033479
28.011361
15.016494
19.008809
17.035021
57.041940
36.029477
24.048243
14.051724
24.037590
35.006757
38.032025
86.008194
27.018766
14.026336
50.004342
21.009881
16.082707
50.028163
19.009061
48.032830
19.015156
46.008249
17.050952
15.009795
24.014836
14.021154
39.000928
24.015039
13.028941
185.021784
55.042465
72.021571
20.031275
48.014215
19.022162
19.033244
11.011403
23.010447
19.000928
25.032791
14.003552
48.000928
54.008729
21.017640
25.010325
20.045923
19.022502
46.030582
19.006943
22.017664
116.004403
16.008987
15.041207
29.056234
11.016841
12.044032
64.027015
44.034783
17.009481
