12.025523
8.025852
29.004178
43.012085
21.044059
13.025308
20.045478
14.019472
24.034323
24.008275
22.006456
33.005845
9.012916
17.015699
9.065321
9.024681
14.019502
14.028517
10.004651
10.014837
12.012693
14.032867
20.006693
11.021078
12.019087
10.005464
12.016834
10.013359
13.021670
10.007747
13.009859
9.033883
9.014822
14.032553
8.023449
17.011479
12.062041
20.018578
9.004123
9.006737
34.005345
13.036943
10.010973
9.011753
13.008801
10.000928
14.015123
9.019807
13.034697
9.035807
8.022734
25.042227
16.006497
8.010211
8.044553
13.012165
23.004458
8.020318
8.015797
9.016381
13.049190
14.026904
14.039776
9.054790
9.028705
13.029352
17.010081
13.004262
9.010519
13.017835
15.006357
8.046300
9.026144
15.003912
11.008095
16.011307
14.041337
9.037990
9.036964
25.005885
18.011185
9.016001
15.011093
8.062956
14.053968
12.007203
16.031745
9.037587
17.010433
21.017940
14.037201
11.019428
9.017416
12.028239
15.005305
11.008215
11.027951
10.005905
13.017233
9.046981
21.005385
8.009561
13.051136
14.008935
16.011579
11.009501
13.025594
17.027597
13.015761
10.034277
19.006771
10.013741
19.017009
8.016262
14.006497
13.030395
14.039933
9.042794
20.008255
15.011693
24.010999
14.010081
17.039909
9.040405
14.029487
10.003812
14.005585
13.016373
10.011721
9.006337
14.010433
13.009435
19.039429
10.012545
14.012904
8.038616
9.020294
10.008790
14.017506
28.010731
10.032765
13.038630
15.000928
28.017837
14.013365
9.023440
8.007263
21.008258
10.008794
12.033466
9.029115
20.005405
13.008115
19.012671
14.026442
11.007043
12.022210
10.008155
19.027519
11.025572
17.004383
19.009239
10.012396
19.008454
12.052730
9.031582
14.022622
15.007687
18.017899
20.011793
13.010227
14.037611
9.046142
20.005225
13.021738
14.020828
14.023970
14.039545
11.010368
13.009103
8.043815
9.055098
19.030541
11.030488
13.019019
20.024235
17.062886
20.000928
10.012961
13.003792
8.056573
9.029851
14.034199
9.032219
15.020947
13.003858
14.034013
15.008091
15.012119
13.020125
23.010099
9.033004
14.020210
16.003852
19.015115
17.008395
9.036726
14.010759
10.011843
15.012351
10.008855
13.007003
22.047232
12.025682
11.005717
17.009947
17.008409
9.011913
8.055529
15.005765
10.006916
14.022318
18.026610
18.033290
9.040805
15.005225
8.033993
14.034209
9.023970
15.005571
11.000928
17.005325
8.037742
9.058495
10.009173
10.009641
22.038937
9.048075
40.005855
18.003778
19.027692
9.024948
10.004423
9.005365
13.025921
10.004825
9.003892
13.058757
14.040268
25.010717
11.005211
11.005010
14.012129
20.006737
9.009801
8.053435
20.007943
11.015275
21.010905
14.015652
15.007625
8.016214
14.021762
35.005825
9.009841
13.025492
14.006768
9.057486
14.030928
12.008639
12.007077
9.009301
13.012477
8.012545
12.027511
17.053962
9.020024
10.025469
14.014020
9.006717
18.007483
19.026534
9.053458
14.015501
9.037460
14.047632
9.038600
14.017526
14.003738
27.008995
13.032381
19.008714
22.032497
9.047081
9.016565
9.026802
25.009641
9.028089
9.003572
9.014512
18.051661
9.045962
27.008695
16.004746
21.007163
8.022274
25.008015
8.009141
15.009907
9.011419
9.009781
12.008635
14.052421
14.046443
9.046089
11.011819
17.008754
9.054564
30.010890
8.030381
24.008555
14.012117
14.011351
12.014722
21.012737
10.008501
9.009303
19.006597
10.010589
12.044325
9.023202
14.035487
9.052395
9.028963
27.006983
22.005305
14.005751
16.020690
11.017013
11.003572
9.025494
10.013217
24.010235
7.012305
13.044691
14.010911
9.059704
9.009295
8.009933
20.044787
14.013783
9.042167
10.005999
13.015578
7.011343
26.025474
10.017781
13.027518
15.019786
9.007083
19.010133
9.019250
10.014856
14.010753
12.043634
9.053990
9.015221
16.006583
10.010979
13.011685
12.036957
9.022062
10.012751
18.055330
9.020358
10.005485
11.000928
8.023588
8.024928
24.009029
8.032067
18.009767
15.042958
9.068276
19.015561
10.011499
8.052672
14.016183
9.038030
11.008135
11.011273
16.024647
14.007377
9.005971
13.025932
10.012103
10.007123
20.000928
9.006457
11.033582
9.028911
8.022096
25.017671
14.009141
9.032513
15.006457
8.040483
9.011485
8.015217
11.011259
11.005067
22.004965
9.007016
13.020028
20.007027
14.005405
11.011659
25.004218
35.011513
10.015483
13.017081
9.030477
14.009813
11.004242
13.000928
18.014943
19.028660
9.032393
20.006757
18.008353
16.008360
12.025831
12.008795
12.005835
9.007769
14.018855
13.037858
16.006263
12.005557
11.011959
9.010111
17.055988
27.009867
12.010895
25.005465
9.014769
8.010553
25.004442
12.046032
25.005805
18.043036
10.005405
10.011273
13.012125
9.008269
9.010679
13.043417
9.019480
30.012347
14.004543
14.014643
11.008249
28.009967
13.004562
18.043536
10.021855
8.033579
20.000928
13.022034
9.012639
30.006523
9.013351
11.004138
17.017736
25.004112
9.006782
8.014098
9.016321
18.017626
24.026086
10.005244
9.018271
9.016535
8.022302
18.013683
16.017917
9.012665
9.015435
13.045758
20.007829
9.018660
13.015067
9.030435
9.048862
15.014107
13.068025
14.015343
15.034004
8.044861
9.043068
15.003852
25.006563
11.017736
10.040481
19.016893
9.041060
12.009627
16.025406
15.006863
13.008921
10.005245
9.041682
24.005845
15.011779
22.011051
10.022100
25.006923
13.015675
9.006983
9.004252
