19.041140
33.003912
14.013737
44.010141
12.012875
13.008155
14.007196
10.003932
41.017147
18.029921
25.007397
15.008269
17.022448
29.093506
11.012737
37.018740
14.010007
11.006576
19.005745
11.037277
27.005430
29.000928
19.010953
35.013333
22.009127
21.025667
15.011093
35.039178
26.009215
19.068736
19.000928
24.008209
18.000928
28.040761
16.031522
24.000928
69.008409
73.009407
30.017645
50.011319
13.009741
27.023448
30.011111
18.017334
37.000928
16.012551
16.041583
15.031781
20.027459
31.015015
20.045537
26.008549
9.009307
20.015640
16.003812
38.049981
11.013984
25.034080
40.059704
24.019124
14.030208
12.028617
22.013157
18.037308
26.031269
22.014973
13.013997
32.012139
11.002266
23.012251
18.010693
27.037136
21.026338
12.057669
16.004662
18.011473
20.006576
26.034371
32.023584
19.008215
28.031718
13.050099
16.050173
24.008168
27.016473
24.040116
14.038525
24.051400
16.008328
19.007775
21.038105
24.035364
21.008241
28.010201
24.015822
14.011585
9.019337
21.016042
14.017434
20.003738
7.009613
15.045973
31.042865
10.024454
15.016122
22.028636
14.019694
19.016740
14.050983
14.015495
16.025535
12.050898
22.035000
8.022915
17.049591
19.016673
23.017626
22.005310
32.021344
47.023848
13.012785
42.023576
13.013503
9.013778
21.022286
28.031867
24.023854
25.011250
16.018230
25.004032
21.000928
18.034306
29.004890
14.011491
25.010146
29.010951
13.040098
14.069445
14.050364
14.070670
15.032386
34.005224
42.010151
34.024821
24.026589
30.027193
17.035216
32.042634
16.031813
21.061364
19.042974
24.034668
17.008069
33.005465
19.018895
37.035997
25.008735
18.033757
12.025427
22.010121
18.039223
14.031858
19.011693
13.023678
10.044821
19.083004
12.033527
18.022913
16.014443
15.039936
20.020116
19.013153
9.019660
19.000928
23.012291
27.010012
11.020871
27.011270
14.024229
12.002560
18.038649
28.006842
19.040190
14.005130
32.025035
10.003692
20.011551
10.004443
25.034783
32.051257
13.007042
25.017281
14.043490
16.022521
28.012595
30.015389
33.009321
10.016322
23.007949
28.055994
14.028891
21.015405
33.011897
15.000928
26.015141
26.002506
15.021259
29.000928
32.045580
15.017063
15.053833
29.011073
15.011959
15.024835
15.006908
12.003772
17.006708
17.017985
35.012551
17.005575
11.019171
17.007343
23.009241
24.000928
10.003592
23.012851
16.023762
47.021150
20.029543
14.024714
15.018106
8.017254
24.017300
11.029423
19.031898
15.027339
33.060590
22.010787
47.023584
12.033220
15.071181
28.009801
24.013418
29.003612
36.011879
23.012577
14.031768
19.014003
24.027133
17.006517
10.017236
13.052792
28.003918
18.029089
19.035899
17.011559
8.018119
19.019745
17.013637
23.030567
17.026167
31.030070
25.012935
19.023445
18.020438
19.019086
40.012199
25.008300
23.003106
23.019631
24.020583
29.046246
37.008329
26.047073
46.008967
28.012645
41.012305
12.004363
11.016199
11.028904
18.031741
16.010934
15.004112
22.042367
29.039715
20.023616
14.010152
18.012697
19.040092
30.006797
14.012363
68.024845
40.008455
14.009401
21.013789
15.034455
18.020783
8.015655
14.013438
22.062284
40.000928
13.025774
17.007257
15.011213
15.016713
45.020056
21.021774
12.012019
28.035591
35.013077
11.000928
25.003812
13.013689
8.022028
53.019316
28.021936
13.002600
13.011643
16.018042
23.031934
15.043005
31.011279
17.031947
16.006677
17.037922
35.009487
24.010078
11.000928
12.015009
14.011205
14.010719
50.012397
25.007016
26.021110
16.009301
12.033274
27.021917
17.008189
31.031758
20.023222
12.005264
30.013425
18.015943
19.002066
23.016221
30.022842
38.002220
48.036930
12.005325
9.013255
32.003932
18.034570
10.021749
20.008480
47.037921
37.016408
24.036795
16.010959
28.026864
25.047011
15.025095
34.011293
21.012145
15.020484
15.023454
14.018594
24.021444
23.023002
8.009501
32.012633
9.011059
14.012505
26.019197
12.008231
28.022222
