42.010013
40.000928
13.014416
14.048225
9.047302
19.036469
12.003912
7.046220
11.000928
8.003952
8.009841
8.061800
7.039991
17.000928
9.000928
13.020876
9.019240
14.029469
7.000928
11.040441
7.011019
11.016499
14.030422
12.019212
13.049513
14.013863
7.081662
14.004318
9.003998
9.052851
14.042411
9.042906
29.009801
9.003538
9.018007
20.011481
14.000928
13.020986
9.045681
7.011359
22.005265
8.017954
12.004342
8.012165
7.038373
14.058930
19.016075
9.024096
7.013623
7.012545
8.056910
14.009767
42.020633
7.011599
23.060161
14.012673
11.008649
7.050535
10.015221
8.023474
25.005924
8.046938
7.000928
10.006550
20.019758
9.021100
6.011039
8.000928
34.012373
8.045712
10.000928
10.004663
9.005915
8.000928
8.012217
11.009587
7.035357
9.029080
9.028134
6.009693
13.002866
18.043560
10.013761
9.013461
13.015262
8.008295
11.000928
12.006543
12.012305
8.000928
13.027410
14.020663
7.003738
13.006342
12.022449
9.058555
9.021830
6.025878
13.015720
6.024058
11.047850
9.036485
9.027859
9.059727
9.051400
6.035351
8.015939
8.014545
9.010765
9.032348
11.008209
7.039044
10.012113
8.006908
10.006876
8.070500
11.005185
8.029763
13.006863
13.016481
6.023690
12.003792
10.010327
7.000928
6.058989
12.004112
16.021110
10.004032
8.008183
13.006537
20.014936
34.041792
9.062593
9.027296
10.006677
8.034268
7.019918
11.034993
14.005347
14.011545
9.061682
10.000928
9.000928
7.003858
26.017168
15.010859
7.067279
6.018835
13.004072
23.026798
15.006045
7.000928
10.039936
12.007889
22.020975
16.000928
15.006997
19.004232
6.018332
10.005715
7.054292
19.010985
9.029284
9.036102
9.022600
10.000928
9.004203
8.046495
10.010773
7.000928
20.034306
8.038827
15.026552
9.041728
7.002770
6.090883
6.053308
8.029387
13.029380
7.006070
7.008961
9.000928
9.041940
23.012913
6.027750
7.043744
8.000928
22.002780
17.017686
9.028439
10.005385
6.019575
10.051330
15.005770
10.008429
8.010393
9.071862
10.015677
14.002640
9.024646
9.005461
18.051836
10.005310
28.006557
25.008861
13.019658
8.015940
10.049018
14.032993
9.073007
9.053850
9.037055
11.020759
7.032097
9.056382
6.071148
12.007641
9.027557
24.018178
9.056916
14.043129
14.012471
9.030874
10.005724
29.000928
14.003912
8.033667
9.035839
14.043202
9.019563
14.010387
7.003632
7.000928
10.032547
7.024620
9.039249
10.010121
8.052853
9.039335
9.027825
14.006743
7.006797
11.009473
14.019286
9.046292
9.039629
9.065018
10.000928
9.002406
8.033259
8.005044
10.039458
8.020358
6.000928
13.008201
32.009221
8.005345
7.057467
25.000928
8.022612
9.027805
11.010339
12.007528
8.009654
15.013157
9.051369
14.033186
7.035285
11.002220
9.050152
20.024761
13.045330
7.013035
11.018819
9.043881
26.022406
8.000928
8.054783
9.022331
11.021614
7.059748
14.043512
10.031523
13.034169
14.012803
10.005945
10.003972
8.014779
13.021646
9.064806
9.038819
9.014023
7.010251
8.000928
18.011342
18.018066
14.005150
8.006837
10.018553
7.000928
8.013241
7.060341
7.007895
7.012205
14.003506
13.049776
9.059531
9.025380
13.010799
8.012975
11.006568
29.004646
10.005731
25.010321
12.023781
20.004463
8.008860
19.020698
9.046046
16.037733
7.030340
12.008029
16.027972
21.012631
12.013425
10.009281
8.068258
9.016668
12.039026
7.015838
9.011553
7.007043
25.034774
7.017142
12.006114
14.003732
8.038658
8.000928
7.036713
17.025232
7.013643
9.000928
16.005862
15.002580
8.047586
26.010633
7.059010
9.021610
9.079394
9.041664
9.027487
15.010087
10.008249
7.025001
9.026422
7.011399
7.005465
11.034563
16.017114
9.017086
9.035575
13.002910
22.003932
