107.028660
9.032412
19.031079
9.030466
39.009114
30.004052
17.009239
10.013811
9.016396
29.008914
12.003732
21.005570
9.047052
14.021762
9.022346
9.019743
8.019158
15.009215
11.019775
18.009675
13.034389
9.008874
17.019326
11.046623
10.010107
13.017859
10.003592
8.037859
16.009520
17.017705
24.007848
11.007357
13.008130
18.040738
14.007142
14.009706
9.034079
10.010041
13.018046
11.021018
13.012505
9.015919
18.023429
14.040705
9.013920
9.008881
11.006359
22.007928
13.014590
25.023140
95.004463
14.013910
14.000928
11.003532
16.041328
19.030043
15.003912
9.012545
13.024773
9.023262
9.033561
15.009767
14.011553
9.020138
14.003812
23.005430
9.014857
10.003532
11.004092
11.048840
9.020092
13.000928
15.051188
14.029276
14.018200
11.011905
13.003832
28.005790
9.019792
11.012745
10.003692
11.051556
21.008208
8.011517
10.006025
13.016700
14.005184
13.015585
10.008397
11.023740
26.042396
11.023942
14.003952
17.015869
25.009253
8.042413
19.002220
14.036234
29.042008
19.030845
9.047529
14.012217
10.012053
9.004032
20.003992
28.003652
11.014066
16.011959
14.021036
9.035623
9.044930
10.003792
18.042144
17.014057
11.006150
14.028951
24.007768
9.023766
14.065942
24.009280
38.008454
19.009453
10.019006
8.051681
11.010595
12.022932
30.006877
14.004012
15.012485
11.015773
23.003532
16.009510
33.004112
24.003632
27.004132
13.004052
8.062935
29.007308
19.046384
10.003632
9.013660
8.018333
14.005470
19.042839
19.021036
19.024094
11.018732
21.003972
10.011925
9.032568
19.008715
8.021113
31.027348
18.011393
29.007042
19.015695
11.009461
38.003732
13.016647
15.015249
14.004522
14.013655
11.007377
13.004052
23.019388
13.009074
21.005305
9.025894
17.044418
24.006883
14.025080
30.009009
12.003872
20.005316
19.005530
22.006317
10.032913
8.012585
21.024490
14.034572
14.002220
10.003972
9.003812
13.034980
9.041160
9.036294
9.059452
101.004443
18.003612
13.029161
25.003732
13.038061
9.024792
9.026260
10.003592
9.012265
23.009887
12.007277
17.009790
13.015181
9.047336
15.014935
13.009095
7.037725
19.040540
16.027194
12.009875
12.003992
10.008528
33.004012
8.042627
10.003992
19.004032
14.016711
8.029657
9.058218
8.003672
8.020279
16.065163
9.015653
11.000928
9.007675
18.003972
12.009907
15.018670
14.013205
11.073352
12.010474
9.028045
10.003812
8.032787
19.005550
15.009541
14.003852
9.038299
13.018688
9.018811
11.016241
18.003932
18.019546
20.004072
9.008799
9.012725
13.023628
14.020107
12.013001
12.022966
8.012059
29.010695
11.010391
28.009920
13.035607
9.059402
12.004032
9.012205
42.013557
14.011039
8.029857
14.032069
9.008480
15.015007
10.003972
14.022532
9.034981
17.005990
16.004012
12.041454
12.010935
17.002994
18.013409
10.010627
11.000928
12.040593
13.027645
10.035107
9.006636
11.008209
11.044330
9.036795
9.023782
19.005251
10.000928
24.003632
8.036853
8.004092
16.008040
15.010855
18.008749
17.012290
12.017435
12.012045
11.020124
12.030079
14.011585
24.005730
9.041203
21.013857
12.028778
24.037433
10.016523
18.011039
12.003812
11.019138
9.015631
20.005941
14.009387
23.014264
14.008734
16.003712
23.002840
8.017920
9.026112
9.026650
12.015506
12.004132
11.020964
16.027900
24.017911
14.005870
9.024550
12.003612
9.005476
11.015157
11.009661
98.004563
12.004032
25.033734
9.055979
14.029587
10.006802
13.036122
22.009341
11.054749
15.003932
9.000928
8.047346
18.024536
21.003752
14.003932
13.041499
11.016221
8.008315
12.016648
16.003832
8.041856
9.044460
10.011013
14.029105
13.025284
9.008899
19.009667
14.013947
14.044163
19.025860
11.010591
13.003532
10.014127
18.003892
24.005610
15.008489
12.054641
9.028521
9.022250
16.010773
27.013778
13.017593
57.004092
37.006070
14.005130
19.029901
19.011047
11.011453
12.008894
11.004032
16.009981
31.004052
13.017720
9.034449
9.013203
10.016136
9.004442
20.003672
17.026678
10.017211
8.023994
9.034891
16.002300
17.068883
12.009673
13.018074
12.008495
15.006816
13.015405
29.008895
10.014847
18.008940
8.033972
17.003952
17.025973
14.021100
14.030237
14.008900
9.030229
14.029050
14.005650
9.055184
12.000928
9.014113
11.017452
10.003692
13.005810
12.014287
19.003972
16.019000
15.013997
8.017749
9.014593
9.023826
20.003912
13.034027
12.014563
21.042567
15.003672
13.025835
13.010635
20.023376
10.004542
8.030417
9.031126
19.026640
19.040540
10.003952
9.000928
8.032301
27.009775
26.010499
9.028502
9.035473
9.024260
15.012705
13.023606
25.005934
9.004092
11.003552
22.004092
10.012835
8.003812
8.031741
12.004072
11.006238
17.048829
22.003592
11.003912
7.004112
13.007688
15.010653
8.012189
