107.013287
19.046651
20.008761
14.012766
20.021810
35.004132
19.003952
16.005170
14.064996
16.004112
28.008009
13.040436
29.030414
14.053580
14.073201
15.003812
15.009801
17.005610
19.030881
50.003732
23.033600
19.022510
20.003952
13.055630
17.020464
14.020998
18.020608
22.024584
16.028611
15.004092
32.008169
16.015460
11.060207
17.010101
15.023962
16.013963
22.012611
25.000928
21.008829
26.032297
19.056757
40.003892
15.000928
17.070215
19.016086
16.018992
13.008315
21.003812
26.010175
14.033989
15.023558
13.035649
15.009721
24.021639
13.044758
20.000928
16.040660
13.019566
17.030240
14.074817
19.071803
14.016433
40.012079
23.005330
12.040463
28.000928
23.012859
18.017997
20.003932
23.006111
29.028005
18.014760
18.028077
26.006548
17.000928
16.055094
15.009275
16.002220
16.027122
35.009029
18.073961
19.054689
18.013477
45.012551
26.000928
13.015549
23.031103
17.004522
12.010221
26.018438
21.022729
14.051068
20.003872
15.000928
17.058617
16.011845
14.008389
17.030998
14.037265
19.044934
15.010251
18.041871
18.003972
26.012745
16.008309
16.010747
27.003818
16.008381
30.004012
28.071106
30.009801
15.000928
17.032422
18.003772
20.009653
17.006662
29.008565
31.002220
26.011325
23.003652
21.003024
26.033689
19.025068
20.000928
25.028475
19.026052
17.058089
25.007177
13.015917
27.014469
26.011585
11.011986
29.009039
45.015797
16.016677
14.026866
14.093332
14.039740
34.035977
25.012313
16.014895
23.027123
29.003872
12.040457
14.030228
29.005650
21.000928
15.005164
16.019160
19.018029
18.009941
21.036443
14.004132
28.032353
28.015637
20.033623
17.006121
23.015437
17.028449
24.005571
19.017990
19.006788
34.030689
17.014521
23.017092
24.016301
17.047999
28.007517
29.003692
27.004623
26.003932
20.036469
24.013217
25.012221
19.013403
23.017374
27.011539
21.012211
29.010757
92.003672
22.004302
27.003972
25.035685
29.011507
19.038638
34.010339
24.026341
30.023520
25.000928
17.072897
24.055951
19.011511
22.003872
22.006197
30.007363
24.004132
18.003190
20.003752
17.024800
19.060865
15.008009
15.000928
17.012391
24.012297
43.006496
23.003798
17.008549
17.011130
45.042603
22.003772
26.006709
24.023792
44.051743
22.003912
31.029673
17.006676
29.003652
21.036310
34.006443
22.005290
36.014555
24.007949
29.013709
32.009887
32.014124
24.003832
21.000928
34.011973
21.010905
19.052562
25.003692
18.008795
29.011445
44.034641
25.004092
23.009487
24.034441
29.026736
24.013417
24.018666
24.009689
29.039353
45.005676
28.055214
19.044466
42.007981
22.006501
22.003692
40.050973
23.003672
28.000928
22.004072
21.003892
21.012191
25.013903
24.013221
18.013330
21.003792
68.009081
21.003912
26.008835
34.007382
26.005485
28.017998
30.003592
20.018500
23.003752
21.006457
27.006683
25.009466
38.011035
18.004092
39.010733
23.021226
34.013923
40.000928
23.041368
27.003652
30.017045
27.007255
22.070111
40.006557
23.073980
20.007889
28.018273
32.015216
33.004132
42.021874
24.010247
27.003772
26.041487
39.002220
