109.004443
19.003632
61.039329
15.045202
33.011179
68.016448
46.027426
19.079047
34.018271
19.017020
104.023914
25.008049
28.015447
49.012373
24.038359
18.026565
20.017675
24.038961
24.007522
14.084792
21.018606
15.007417
12.000928
114.018590
18.071164
30.000928
17.040643
42.019588
34.015926
27.022456
92.003050
22.008455
14.020604
39.022936
14.028321
13.076306
21.034730
17.022554
30.025662
23.030015
28.042574
48.012757
21.005316
14.031357
19.040633
19.016668
34.010207
89.040350
20.030099
33.051863
71.021445
17.020454
45.013749
30.006763
33.009987
18.044759
30.011453
35.059195
32.055654
24.014075
25.009781
34.000928
47.049909
30.024966
23.033129
25.010391
29.024032
61.041628
16.014538
34.021742
40.020484
64.040152
24.036803
36.000928
33.027985
19.037309
22.019132
25.073748
19.027068
23.051892
24.069068
30.000928
23.007302
29.006050
41.031264
27.056632
36.007835
65.003532
28.003772
49.052256
34.021449
21.020276
118.006797
31.023906
56.020546
17.078031
19.017686
91.031515
17.037249
139.019344
21.005205
37.015856
29.034924
20.018824
18.097322
29.030555
44.031655
50.009081
43.022992
31.004423
22.019721
19.065321
23.004924
30.008455
54.022523
49.026953
34.033847
34.044020
54.012443
169.011665
84.031493
24.009713
59.004990
19.037587
35.000928
108.008526
29.045333
24.045053
26.011659
22.011011
35.003772
30.015850
33.000928
18.039908
109.024650
59.012791
55.004362
23.035677
95.024344
54.010859
24.000928
23.011047
74.028317
19.062390
44.015726
39.014564
19.014543
35.022717
38.041403
44.005730
44.040385
60.005954
40.002260
37.025066
24.056190
35.011746
18.041685
34.012567
34.018205
24.017305
49.016494
49.052174
129.021304
25.005550
24.006347
23.016753
109.023764
36.000928
24.005705
22.041784
19.025946
34.009267
25.024194
58.019334
30.000928
29.015384
33.023948
29.016147
89.017925
109.014355
104.026018
27.012591
61.022424
29.037821
30.004323
21.011870
21.018355
49.013817
45.013183
30.005945
62.028077
29.018898
26.004703
57.016213
35.006251
30.000928
48.008175
155.010521
