15.012229
32.008375
15.000928
37.011159
20.005084
21.000928
21.027298
15.006705
19.000928
13.061104
31.004303
13.010306
14.006902
15.000928
23.000928
19.005424
19.025704
20.012571
37.042366
35.007995
20.008749
18.002680
43.027399
19.009741
19.043315
29.051411
25.003652
19.012341
19.005225
23.010429
20.002320
29.000928
14.003752
20.005835
17.061477
14.063369
29.025460
19.038614
24.011891
19.023375
21.000928
47.032805
29.038907
20.005424
38.077726
14.049014
19.032822
15.005941
18.005071
22.000928
13.002340
23.006336
24.006616
16.011259
23.013403
13.008135
29.012091
14.005404
24.005524
23.038946
29.059839
15.005384
20.006897
17.021410
50.000928
18.020496
24.041518
19.045280
14.020498
19.047084
25.010331
18.051989
14.029743
19.048216
14.023342
45.004192
13.029291
15.008499
19.002520
23.071834
29.025530
30.012190
16.006516
21.011319
14.031023
25.005644
18.050666
19.032889
25.002620
43.063958
14.071312
14.025226
14.062726
20.008979
29.000928
38.030833
13.013810
21.011131
34.002760
23.042204
20.000928
25.025965
42.016907
29.027476
30.008834
14.000928
28.026330
17.004303
12.000928
18.056375
29.009887
29.041255
39.068431
20.013789
29.015460
23.031067
19.036980
24.046122
39.052990
15.002500
18.032295
20.005565
28.006302
20.000928
24.002500
16.006736
21.022000
19.036007
20.003552
24.017822
34.000928
13.066036
25.000928
39.015476
23.017058
29.020931
17.003812
26.020730
19.045668
19.040849
24.019921
20.005345
16.011381
16.045972
24.054511
21.004582
37.029663
19.047589
25.014257
18.043584
20.009701
23.020940
19.037327
20.000928
33.053275
25.004203
28.056797
14.045428
29.021530
21.005605
27.026350
14.056407
14.034002
15.005510
28.032303
29.050686
26.000928
32.032599
19.030819
21.005264
18.025240
14.008561
18.064734
16.014343
32.068303
25.007107
28.066709
35.000928
33.019904
24.061369
24.022234
15.019655
44.007076
26.009667
41.062093
14.065724
24.010207
19.018624
24.008695
20.005564
33.009313
39.023408
34.057431
25.002980
31.005835
32.006705
18.025774
19.033335
34.011801
45.013051
28.026663
27.004132
21.035149
29.032357
15.004446
31.009023
41.017423
26.003692
27.028761
36.002520
22.040680
24.057957
30.005484
30.006195
42.031197
25.005112
33.041090
15.006741
33.033531
39.014009
19.062900
39.049788
19.058361
34.029253
29.014295
24.016823
29.009627
24.015501
24.028567
29.041357
15.013245
43.008994
30.008075
48.015441
20.010921
23.046890
25.007943
34.000928
63.037706
35.005785
33.048185
40.009160
33.011249
24.039586
35.008634
39.006570
38.047250
15.018968
26.002820
41.078140
25.004382
40.013840
27.051791
29.066878
29.015895
40.002640
30.000928
34.011181
67.036905
47.015053
31.023257
