20.000928
42.002600
13.021016
29.025771
30.006825
25.007573
27.023982
25.002260
28.007855
29.015395
14.031006
30.002320
23.042405
31.015121
19.002086
33.000928
23.019217
10.014950
16.011739
23.007583
18.016413
23.031319
24.010027
25.007961
16.000928
22.003818
18.043032
19.046814
19.019650
34.028342
19.022620
35.000928
39.000928
21.012717
36.006722
14.009013
14.007088
22.000928
16.042648
14.043138
26.017381
22.005470
11.012963
28.002620
39.012010
16.000928
26.034032
34.028295
19.020866
25.008979
39.007727
13.010387
24.055681
19.014363
19.026146
14.032568
25.003892
18.010132
19.037261
14.058306
24.048105
19.017661
24.016347
24.044896
20.008421
20.011100
33.000928
34.000928
35.002640
47.015523
31.008329
17.013501
24.015862
35.002300
19.006625
13.028334
13.009527
23.000928
27.000928
24.000928
27.000928
19.002266
37.033213
17.027544
15.005655
28.032677
44.013405
16.000928
13.024222
33.048571
19.017100
24.017898
19.011399
19.050340
14.014735
31.019828
33.002046
49.003732
23.034097
20.002260
16.000928
33.017101
33.000928
23.006802
19.053293
17.000928
59.013437
37.007849
34.002740
15.000928
32.042775
22.000928
12.028965
18.038761
29.040824
25.003832
18.038446
21.003538
28.002360
23.010533
34.037122
14.030906
14.034921
29.047096
34.031634
24.041828
40.000928
23.006662
19.029877
15.000928
18.016582
29.017163
25.007326
28.035769
40.005093
19.002560
15.005855
44.011013
19.002600
33.008109
23.033158
20.011473
23.033146
18.000928
42.000928
19.015515
17.032453
19.051317
34.038617
23.008335
25.040684
14.039240
24.016713
19.028677
19.044816
18.000928
31.000928
24.002700
18.086182
44.009801
24.026340
15.008149
29.007126
18.014361
16.012211
34.009861
42.020024
21.011601
32.008055
64.013823
35.007097
21.000928
47.009739
18.049608
94.015481
24.018710
24.013941
60.002580
30.034163
64.028064
62.014063
44.055560
45.000928
24.008241
34.002466
24.000928
18.056683
29.021424
24.050531
25.002540
29.009961
29.002320
28.014689
14.046403
35.002380
22.000928
27.006724
17.021744
45.004112
28.007191
29.031357
43.008955
35.009653
29.011493
20.000928
23.024517
23.000928
31.022082
34.002260
18.026889
40.000928
21.000928
42.000928
18.013169
64.043174
35.002700
18.040817
25.002280
23.021716
39.015755
47.002260
36.027129
35.011870
26.002740
44.012245
36.021206
35.002640
30.004663
38.000928
24.000928
48.030379
39.028381
24.029786
34.013463
29.010525
59.028796
29.016828
39.012431
30.002680
37.007567
36.002720
143.013355
23.000928
21.003952
23.045222
29.054958
22.003772
33.026988
18.004478
30.002580
36.000928
30.009846
29.045716
29.010721
29.034301
34.021126
26.007969
47.010859
41.008367
43.007582
43.010387
37.000928
72.009041
38.017780
44.016755
34.031497
35.002820
29.009399
28.011857
49.007322
22.016569
56.016455
34.025965
51.000928
63.000928
43.011385
34.005990
34.033996
32.006676
27.002800
66.006796
