108.004163
49.007137
76.011313
24.008409
21.006997
22.011053
34.010773
20.019231
14.026446
20.005284
25.006777
22.007657
45.006377
39.012119
23.025520
29.044511
24.019373
61.006317
40.009441
38.006937
47.007641
26.010873
38.005830
28.057470
19.036085
38.013797
25.020969
16.006877
69.006317
24.007217
22.014663
74.016634
21.009721
24.012571
28.009119
30.017531
32.008035
31.010695
27.026928
16.008169
36.006617
67.011373
34.005104
36.000928
31.009967
27.009681
17.017855
18.000928
27.009681
22.010913
24.013677
38.004092
38.012545
25.006817
29.011483
40.004964
36.010913
24.010639
52.008859
54.007889
42.040789
25.013109
63.015609
66.006797
28.008289
25.006677
12.018780
15.022310
29.012190
23.014995
29.024228
24.014229
21.010933
26.013279
36.009721
13.050869
60.008355
33.015099
44.008121
31.006697
17.009021
31.012433
34.011073
27.014902
29.028174
35.005564
36.007137
17.008509
20.013557
32.016693
25.003892
20.013677
27.050049
19.014913
14.032379
26.020469
32.013031
24.078074
36.009913
48.008509
24.013277
14.011286
24.012497
40.011885
39.009541
24.011173
18.009461
44.007176
33.019552
25.006797
40.006603
27.013915
14.014857
29.007697
30.009421
19.010607
19.007709
34.006477
42.008315
31.009381
27.028673
26.013277
17.007203
34.026056
46.013483
64.007057
36.006517
36.007111
45.012645
24.010127
33.012393
14.005164
40.011419
24.013397
27.013201
25.006215
79.010609
29.002280
23.020205
36.009541
40.013317
38.004844
24.011363
32.024371
29.010087
29.025404
65.006317
13.026259
15.006422
24.013799
24.005764
42.013677
30.023872
31.007157
27.014074
19.008835
42.008855
121.044376
26.012511
34.008963
58.007217
15.015440
22.031011
24.008281
60.006797
40.011173
17.042324
16.013877
24.003852
25.005265
38.013477
13.010900
27.011233
40.019678
25.007762
18.027778
40.008879
18.025486
26.013111
21.008295
19.012325
32.014687
19.012872
27.019886
65.006617
36.006757
31.035937
71.015899
28.010813
19.009861
30.009887
20.009241
21.050546
41.013939
38.004562
63.019436
42.003692
41.011125
51.007177
27.017702
36.005364
19.036730
134.010061
29.010001
38.011235
23.064425
24.021775
41.011739
22.036450
17.005470
36.014307
30.008269
20.013797
37.028303
19.019432
36.011279
42.005310
50.006957
28.027495
46.013517
35.011353
53.003592
29.013637
44.011213
30.007909
41.030929
36.008315
33.003812
45.011453
71.020774
34.032477
43.009201
22.010293
27.040754
50.006677
35.006617
44.006797
44.006725
49.010793
27.011259
31.006817
23.003952
58.008455
52.011333
57.008569
54.016621
39.009241
60.009321
41.011543
30.041204
31.015851
56.006922
48.003832
43.006937
42.009793
39.025614
61.009581
