33.004092
48.007954
44.010042
120.004867
16.000928
71.040633
18.008089
47.006867
23.003652
18.008367
19.037638
17.019353
47.006542
25.000928
27.011305
18.006857
40.043301
26.009781
24.000928
17.048576
27.011553
23.017122
33.013241
29.006496
34.012099
39.006219
15.014645
40.020837
21.046293
19.041686
20.007057
13.022850
24.054763
15.008189
19.011033
23.008495
39.009813
19.046179
24.012131
14.031469
44.002220
19.015693
25.007057
19.000928
14.005724
14.000928
14.000928
139.007671
33.013898
24.012551
45.009279
28.029693
24.009134
40.008729
27.003572
28.025521
16.007467
15.005384
16.010825
27.006957
24.003280
13.047039
19.021039
30.004443
13.016707
15.029364
24.009881
18.016208
19.023046
14.022500
42.010041
48.012571
43.010341
18.007377
13.043054
27.005056
61.010093
15.014257
33.028107
49.010173
145.010771
28.016784
30.009154
34.000928
23.005771
25.021506
24.009521
19.018716
19.014729
49.008351
18.010939
27.015005
101.029489
54.019352
30.019527
19.014950
33.023634
30.000928
19.010639
23.009007
24.064497
14.039882
17.003692
21.008587
25.005904
28.013724
24.042168
20.000928
19.007729
18.021236
22.008389
32.000928
25.009781
23.006616
24.000928
29.011299
23.013831
45.000928
28.041170
41.004078
19.000928
27.012197
29.045286
120.014760
19.000928
19.000928
23.022278
39.036928
29.039364
19.021102
39.056890
34.026725
30.006856
19.000928
18.020278
54.018929
35.009287
24.009803
24.006803
18.043888
19.022516
19.005210
31.004844
32.026804
35.000928
24.007969
33.033693
20.008461
22.007809
79.005524
42.008981
33.006837
27.014067
30.013623
15.005735
13.031447
26.002620
57.031538
34.022600
19.013566
15.005524
20.000928
24.005105
38.003612
23.015077
30.022828
24.012965
53.032013
31.006716
32.012219
20.005944
28.028551
19.022630
29.011177
24.027514
34.007322
39.044911
19.051418
30.012193
19.006782
44.008101
34.009581
58.009966
23.007288
65.005030
35.005204
34.008569
28.052891
46.010913
37.045703
24.021024
51.008721
43.000928
28.014599
19.023240
26.008541
53.005487
35.000928
27.062177
20.008609
18.012354
