23.035700
16.008609
23.003832
28.009281
20.004072
17.034035
14.050393
14.032601
16.003632
32.005596
19.032007
18.013097
18.012329
21.004118
14.074095
24.006762
24.028823
20.012241
17.007197
20.028595
19.061244
25.004924
24.004643
108.015551
19.067488
25.009557
23.037423
14.073715
34.023384
25.004342
33.029886
19.030125
19.026686
39.038925
20.010175
18.027320
23.003653
29.006857
15.021054
30.000928
19.000928
18.046408
19.050052
24.007128
24.023280
24.056448
18.003250
32.015184
12.017074
29.062297
14.028625
14.063087
14.020284
19.018878
14.031477
24.045561
20.047708
18.022742
14.045757
24.033009
15.009637
16.022191
26.037067
14.035261
29.020227
34.023070
19.044239
20.000928
18.027002
19.011779
20.012001
18.049666
24.023722
16.019332
22.021624
19.038454
14.016931
14.020538
19.058542
19.021204
27.006757
21.050024
29.022398
19.049659
31.003852
32.012143
24.026298
24.051529
14.075600
19.030379
29.045437
34.054444
125.000928
13.058820
20.012885
13.069355
16.000928
17.045579
14.034391
19.047522
14.055706
19.044172
15.004482
28.007602
19.050231
30.022860
18.039823
20.011621
39.004798
23.056302
16.005365
17.023368
19.034817
17.009201
21.050892
19.074361
30.006656
19.006981
18.007722
25.007527
18.028117
29.026259
19.011465
24.003878
25.019929
22.007483
30.021720
19.026471
29.028609
19.040292
20.007237
24.026658
21.016222
32.002586
13.065872
24.016393
19.024941
26.012841
22.020830
23.004138
20.035748
39.018858
19.026726
20.006457
27.025218
41.000928
18.030074
19.055961
23.000928
35.013434
19.065621
30.004447
24.024805
13.048183
34.005111
19.005990
19.025622
19.040026
24.058305
30.012025
23.019942
19.021024
39.025390
19.030145
19.021230
14.033785
19.026904
24.015342
47.007761
27.015155
18.032445
15.009301
19.005310
23.011964
14.062543
14.034472
30.007851
18.039252
19.025402
24.032742
19.027752
24.015275
19.025394
39.007447
25.008941
50.019394
27.043578
24.009485
26.006796
19.012091
22.043985
14.049151
19.031849
20.014007
29.008721
18.031534
19.035914
24.038641
19.023512
14.028761
23.019725
30.042737
19.051730
19.021988
25.008089
14.016954
23.049589
19.023720
28.010091
30.030429
19.033084
24.045886
39.039802
19.045629
39.019134
44.042635
30.011457
18.014687
34.041799
34.013589
27.035703
21.034119
24.022236
29.017398
19.055443
19.041906
19.045308
30.009972
18.044930
25.006677
18.018766
20.000928
43.017268
35.010893
53.038340
19.046486
26.003892
22.039162
29.016609
25.005585
18.026174
34.032986
15.006796
28.024401
19.031247
34.035242
24.034607
24.034899
24.011431
19.025690
20.020050
29.000928
23.028593
19.039001
29.016013
54.022702
39.023242
34.036473
24.035266
29.012543
25.004052
24.000928
30.000928
27.039173
19.024046
24.021829
25.011073
20.000928
27.005355
39.057978
25.015629
14.018991
28.022216
29.011445
16.009259
19.008235
27.018757
24.008155
29.031412
26.003652
27.022690
21.000928
24.008409
27.030951
19.023292
25.014297
24.003932
29.004647
29.011501
28.020710
20.004382
28.036345
25.011189
24.016609
18.026507
34.021890
34.018007
29.054471
29.007162
29.045027
44.017974
39.031339
34.014129
19.013651
20.004482
44.005245
18.056569
19.013963
20.000928
19.008621
28.050623
19.051844
41.000928
33.005465
33.026774
39.051507
39.040850
24.051196
29.043310
24.032931
21.005655
33.004242
43.014311
29.058292
29.023448
21.000928
33.004093
24.003772
19.004845
24.009731
23.043604
20.020155
33.017311
34.038449
24.009123
29.027852
40.000928
20.000928
27.037775
39.049008
29.012337
30.022102
45.014741
24.002280
27.023220
19.020906
25.017293
18.029115
21.009421
32.047354
36.006417
32.034625
46.000928
27.047260
25.012401
28.023111
45.003552
43.020704
29.010879
24.028817
