19.017161
31.007057
30.021490
24.007717
19.012261
12.042211
19.022752
12.015169
14.009881
54.008708
48.073769
24.009433
31.028358
24.006552
12.034050
19.016980
20.012671
33.018774
19.047462
26.002506
19.010833
22.037999
20.011687
23.016600
20.012845
38.012811
19.005130
19.024414
15.013637
18.028404
10.026601
55.029490
22.027058
17.021020
21.019526
24.011279
29.052465
20.012351
28.034711
25.010634
19.013098
61.020527
12.024960
16.011299
16.018074
15.014975
31.020530
14.035980
10.014623
23.033932
30.006881
20.014868
17.022538
11.012211
32.031566
14.010305
19.016431
24.017486
14.051472
27.019996
21.011886
19.019518
10.010771
20.006637
19.022908
12.027915
14.021364
20.022704
20.015369
51.019577
13.025067
27.015050
23.059087
24.016684
49.023688
11.007297
41.017244
26.006677
22.022396
37.002426
19.007815
24.008049
15.027624
21.006942
19.011199
15.033665
18.005210
15.012931
21.016923
11.028185
19.020536
19.011151
15.006416
44.014103
18.024482
15.012931
49.009175
24.010367
26.011359
32.024787
25.028268
12.010941
31.023180
22.022586
16.022503
22.013829
20.016387
17.014383
16.005625
23.052780
49.036201
20.017424
13.028191
19.033547
20.017749
30.018195
32.028897
20.008629
45.009139
57.028448
56.022536
32.005550
27.010453
28.014023
42.020262
15.023107
26.003350
11.061281
22.006696
36.061017
20.022601
30.010859
17.039360
19.016344
14.008255
20.002586
23.021864
46.010639
23.004524
14.000928
64.004502
58.019478
29.040887
22.005445
39.003732
16.027162
22.015840
17.015196
43.007282
24.029178
15.009607
25.014277
13.015115
20.019238
22.022675
34.034025
41.018191
33.006777
25.000928
24.019724
29.010579
17.020034
22.012465
36.021170
56.029810
19.029809
52.008355
86.002346
34.012411
24.013591
27.013504
15.000928
50.015315
24.013217
42.058872
24.028764
19.046893
19.011185
126.007615
22.039386
42.000928
31.004244
32.021315
68.034204
18.013137
25.013829
17.020390
24.030149
34.038807
19.030881
20.017665
23.016907
16.008399
22.037477
36.009567
32.013827
25.006797
33.033565
31.021422
23.014417
24.014816
43.003998
24.025810
26.006277
27.031301
19.055153
30.017814
34.000928
28.010466
29.020287
21.008783
37.023096
16.007217
39.015749
46.008195
20.007187
33.015893
59.034026
27.006476
29.012525
13.006357
22.011618
30.027202
43.022338
49.023096
49.012251
31.000928
17.005230
55.003552
53.005050
28.005544
20.041796
36.000928
32.031568
64.021481
57.005205
43.006697
47.041731
34.031195
19.006423
40.003992
32.031289
30.035435
34.014921
29.070677
25.003552
66.006602
34.014375
31.006785
31.024018
33.003532
18.033912
27.005344
22.015637
18.039420
36.027812
33.000928
20.000928
30.016067
45.013887
25.032299
22.024991
54.013803
23.023984
39.007137
33.003174
43.006342
27.016176
26.014812
39.013740
20.000928
32.000928
107.012171
44.013037
70.006423
26.054396
74.019364
22.007102
36.049066
26.012225
38.019805
28.041917
42.006917
48.006417
38.004302
85.002300
72.027004
49.022577
22.005565
32.007447
29.010483
33.026151
24.017425
24.025498
25.000928
33.007935
