133.005070
23.020696
14.024550
39.020844
25.003552
24.005270
13.042101
38.009287
22.004052
14.009367
32.045849
17.015991
21.027797
22.014635
78.006717
22.006942
16.005245
39.003992
22.005650
26.007914
33.003572
18.029817
26.006274
15.025114
18.008201
32.010945
10.017280
13.019698
21.031201
25.004318
31.027680
12.032134
16.025489
24.040936
14.016021
16.000928
22.007483
35.003988
13.028295
14.040893
14.040601
16.004132
23.006195
18.041929
17.019153
21.029237
19.014649
26.005445
29.004092
26.007063
15.013504
25.006577
18.020124
14.019092
14.050073
21.005305
39.003892
11.008349
31.004072
16.005745
27.003732
16.006403
21.021228
36.007315
18.003952
18.027893
15.005910
13.007669
14.071954
19.008928
26.003592
28.004338
18.006688
16.026991
41.008103
26.005425
10.021532
55.003692
16.028753
18.005810
16.008169
25.033094
15.009223
14.020102
57.010248
13.010265
14.053507
19.030655
26.006563
38.003952
18.036144
24.006137
19.009787
27.010467
14.006883
21.005805
40.002220
32.031233
11.009927
15.008189
30.003552
15.011669
14.006262
35.004223
20.007357
46.003832
16.003832
19.016712
39.003972
20.016918
33.003792
23.020666
24.009607
24.029851
24.006030
15.006659
39.014341
24.002400
22.010551
35.007808
20.018304
13.012419
18.016321
37.003612
15.013200
24.005565
18.016141
22.018680
14.006250
20.003704
18.011127
24.007023
15.005825
23.073622
20.000928
18.033931
15.017548
18.007267
16.005465
29.004052
22.010095
29.023981
46.005750
13.003652
29.005124
18.018312
11.021074
29.029841
16.024086
26.003948
13.009008
20.003912
23.024589
14.021911
14.008288
89.009900
20.003592
18.023644
20.004918
16.005885
13.012691
44.016706
46.058239
32.005525
14.000928
14.021858
33.004052
19.032971
16.023636
27.009341
21.007302
21.015884
25.003892
13.014693
29.007669
14.013391
15.040867
16.009735
16.002306
32.016401
59.012359
35.011830
20.018032
27.010605
22.004523
36.040444
31.026738
29.008190
27.014224
27.003772
19.014996
16.039020
19.026838
18.000928
42.008895
34.009069
19.018086
28.007179
25.003812
59.016653
13.000928
27.022434
20.021688
21.002820
23.005325
19.006497
33.008182
29.012391
21.005397
33.004088
15.016411
32.029593
31.000928
14.005125
19.005385
29.010953
17.054464
44.006642
40.008981
24.005820
33.011549
20.004052
16.011419
14.022934
22.012697
49.004012
19.006777
27.005591
40.002220
18.004072
20.005410
19.029141
26.003692
21.008017
31.000928
20.007403
18.004382
33.008061
19.011965
41.008295
16.023245
25.020942
34.006050
21.008005
38.016516
50.003738
27.031216
31.008149
29.023896
24.006683
48.009821
24.000928
45.006517
32.040598
44.024128
21.005590
44.005825
23.010520
29.010349
33.026511
19.026890
21.005107
22.027245
39.009747
20.002280
34.007363
29.006050
25.003638
24.004092
22.008620
29.039400
45.006030
26.016504
31.012227
35.009297
18.016229
34.027535
40.005267
23.033576
19.028711
34.027145
24.018787
21.000928
22.020670
65.003752
24.005505
47.041228
56.004058
30.003792
53.004092
37.037162
30.020801
29.003632
34.000928
38.016373
34.011051
41.003912
39.011205
34.008389
37.013663
64.086553
21.007849
38.006457
23.018168
44.011507
29.032015
39.027551
36.004483
32.025908
39.033581
