22.014308
29.028251
29.020530
35.013111
21.000928
14.011619
17.015681
13.068261
19.015300
16.009427
15.003552
47.012311
23.017822
39.033742
19.047249
19.045536
35.010679
18.023954
16.000928
37.029936
21.014989
17.017819
20.008995
19.011073
23.035283
32.000928
26.011065
24.019251
20.000928
14.012120
18.033953
15.005516
14.007801
13.044284
23.007949
31.004845
20.012151
22.009392
25.014867
29.000928
28.010153
19.030494
24.051004
34.008201
14.003558
14.011125
14.064882
35.007262
18.048788
19.056093
16.011265
23.002680
13.007023
14.057225
17.002820
27.003552
33.018091
14.056397
18.003912
17.006417
22.023802
14.005270
19.041616
14.054038
19.025780
17.003632
12.008458
13.042362
14.019505
16.007288
17.081191
24.043033
14.015396
20.012125
20.034545
83.008675
13.058058
18.017561
15.009821
19.008739
18.036882
20.003912
15.028138
27.016610
19.018851
29.024206
14.024900
15.006045
16.000928
17.007013
14.006717
20.003572
17.028244
15.015037
19.003692
13.058134
25.016599
13.043265
19.037150
21.015075
22.015471
24.029369
17.014629
18.011543
23.012857
15.022998
32.020783
19.033246
26.008269
34.009687
28.007988
28.011933
14.034126
20.003832
28.028431
14.061646
49.022828
19.036916
35.004229
18.067099
15.004905
18.067441
24.026006
14.022042
19.018382
20.023948
18.055542
25.010311
20.039969
22.044769
16.014097
20.008201
21.026022
24.039681
15.008589
18.052945
19.025642
19.029661
21.012545
37.016017
24.035962
20.009459
15.000928
23.008387
33.015797
14.030050
19.019917
21.010605
27.034579
35.004543
19.011809
25.019133
19.011279
27.015501
29.014436
24.031271
19.009865
24.018414
19.032979
19.019404
24.038376
19.015685
24.016197
23.017172
15.015102
24.014950
24.013355
23.027087
35.014019
19.053051
30.000928
18.047342
19.010951
31.016462
37.036533
19.012025
24.021378
29.011125
21.003612
22.027396
34.038550
24.027621
51.029491
19.009541
28.022397
23.013208
17.008049
26.020844
15.003270
25.000928
17.041911
29.053580
14.031039
21.021828
24.011901
22.027132
26.016391
39.006997
23.004438
28.012631
19.015281
42.003732
31.022320
14.034352
29.015855
21.035490
32.009727
19.013197
16.008268
27.015729
24.023192
20.004563
20.003612
22.029881
15.011663
23.037340
29.022402
19.041254
21.013577
33.004462
18.036064
19.050747
19.025334
24.013831
26.008779
27.062933
20.000928
24.013011
19.004964
33.009633
25.007021
29.018506
23.063954
19.013841
19.010801
39.033525
24.014983
29.022899
24.011107
15.000928
28.018591
19.025670
29.015581
19.073714
39.028170
19.033581
19.045345
22.003932
32.010778
33.032526
21.004643
22.030381
24.015124
20.009201
28.054163
19.033443
46.006677
30.000928
36.067918
22.000928
26.020920
25.006034
18.019982
24.036518
34.033287
24.056631
31.010479
23.009393
35.004563
35.018167
21.027846
40.002480
21.004562
20.007262
31.019739
18.027563
22.006677
21.045699
19.028568
25.011369
25.006737
32.035915
54.028430
38.003972
20.025324
25.008260
25.004367
29.010733
27.034388
14.037076
26.000928
27.013363
19.026118
29.038102
26.008929
21.009181
26.011759
28.009847
17.005555
26.080818
21.013957
22.048704
34.039379
19.046412
24.005310
35.004068
19.005565
29.002580
26.000928
31.043232
29.031459
20.016153
33.038783
54.042154
21.012915
31.015555
33.025068
15.006596
35.029255
37.003832
23.003792
18.022374
24.000928
33.006798
29.041498
15.014325
44.003912
28.019024
32.014207
21.038305
19.026887
41.020958
17.072797
24.015097
30.006265
28.032142
35.005545
39.006536
25.018672
29.015629
68.000928
24.003772
48.023160
44.016688
49.032997
29.007297
26.000928
27.022344
29.028866
24.017153
29.041124
30.003672
26.003812
