13.016274
40.013637
42.018080
30.003892
74.014856
108.028389
36.026333
19.011711
72.024356
23.009861
38.011113
38.028780
20.019799
33.005505
14.016780
26.000928
45.021161
100.014603
30.010619
44.013746
17.063904
39.006323
83.007795
15.042968
16.016528
15.026193
60.010327
25.011993
93.004032
48.009601
18.012486
41.009887
68.011991
24.020336
28.028627
13.008940
20.016388
25.017420
26.069510
31.013564
17.025680
57.015635
17.007929
65.013789
24.018872
69.015740
25.014616
28.005544
50.018040
31.019902
24.054671
131.002266
38.007005
33.006708
39.058964
26.022391
22.012353
42.017824
45.013566
75.008715
58.010617
27.015436
12.047698
45.016183
75.003758
23.011003
49.013545
30.013358
20.008229
22.008575
53.011325
38.017860
25.031523
28.000928
27.013697
40.009641
40.002660
72.022136
12.047326
131.019572
54.006843
13.000928
25.000928
33.000928
31.007017
22.008409
16.019532
16.032895
40.000928
55.000928
34.006763
29.018872
17.033491
22.017636
51.031918
25.035148
19.015327
40.002360
72.034101
73.006736
58.003552
66.009513
24.066260
53.004338
32.016238
18.008655
33.034086
57.010841
41.004522
55.020504
61.011153
25.014289
63.038870
74.008375
39.027039
48.006682
27.002280
60.011853
31.039182
45.030820
41.012565
21.083902
43.000928
25.032525
33.016313
21.000928
37.000928
28.013427
65.015842
57.010653
36.023154
29.006663
58.008429
34.000928
41.058371
71.017835
30.015209
39.008526
63.018160
70.004052
33.011685
26.012471
30.003638
50.006577
67.000928
46.005595
18.010107
54.027243
22.030333
35.000928
24.015015
25.034337
52.008874
73.024008
44.029511
56.014314
47.015015
78.032690
126.002220
31.036392
39.012517
44.026495
177.004423
60.005004
34.006323
29.004072
40.033549
