17.035815
35.011333
42.028611
100.006637
41.009381
51.017974
30.006977
23.024254
31.007149
158.006717
15.031902
67.012421
28.011150
26.000928
22.003532
28.004052
14.006234
16.030268
35.000928
21.006937
37.000928
27.007217
26.000928
20.009895
63.000928
68.008575
19.006977
29.006937
15.042447
33.000928
38.011139
36.035018
21.006797
68.008635
33.007057
31.011813
24.008621
14.032695
35.000928
28.039407
31.004052
23.004498
28.011319
20.012683
16.003852
24.007217
42.005785
20.011673
27.037114
34.017853
29.056817
24.018890
37.014008
18.056756
32.018099
20.000928
27.006437
45.005670
47.006337
25.003912
26.007809
34.009521
16.007137
48.006937
20.006897
19.004512
47.007037
69.006876
22.007377
29.012443
68.012765
21.022426
30.009913
31.010933
31.017354
29.007542
44.008614
45.007935
25.016895
30.007737
32.005464
29.000928
19.022774
16.006770
32.000928
44.012225
28.006010
50.003612
25.002520
29.000928
22.011471
140.009159
36.010813
108.007217
26.007797
21.006637
24.012130
38.019765
31.012345
52.020255
17.020593
21.022607
24.029496
49.025676
29.019625
28.007282
26.000928
34.000928
22.009459
44.021504
51.000928
45.005725
66.013049
58.007317
32.003532
25.009541
27.006989
19.022848
31.013815
31.006968
31.006085
78.030515
34.026458
34.039464
41.012090
17.030746
50.009911
30.005485
49.030925
17.029464
22.005064
37.006997
19.000928
34.005610
34.000928
23.033227
14.025486
30.005885
15.007157
19.029314
67.022141
76.007057
38.014965
24.003793
22.006957
20.045886
22.017291
32.000928
31.017077
32.000928
13.036821
24.047724
23.009279
16.005424
43.026720
29.011745
25.024918
28.027565
24.028918
14.024854
21.007037
54.018497
19.019377
36.005670
32.006917
12.054287
35.006502
48.028618
29.022444
24.051942
60.006637
24.007913
31.005325
18.018502
26.008461
40.018073
38.000928
36.013731
28.008201
55.005445
26.012569
27.006793
26.019806
54.011210
22.002460
38.013703
85.005404
29.004092
49.008758
36.017595
27.000928
44.007037
19.017591
38.007537
38.011159
39.004092
25.015535
24.025022
53.006737
37.016833
24.008175
53.006757
26.014970
37.004072
68.009227
38.008221
80.000928
26.006757
54.008639
31.021243
22.019317
25.005325
111.007317
38.045484
38.005025
25.041446
35.007197
31.009139
26.047849
28.004132
31.000928
40.012210
24.006757
20.007969
26.039050
66.009119
61.007217
32.009781
29.012445
52.025540
24.056937
47.012310
37.006377
33.020645
67.006797
44.007337
37.010910
44.006637
33.025280
39.005230
25.004467
50.004093
94.011870
34.000928
29.000928
103.006437
34.000928
49.002640
79.007477
85.009270
38.000928
48.026254
44.010307
64.005390
30.000928
64.000928
20.000928
52.042384
40.009984
39.004987
60.009987
43.000928
48.007322
35.002460
45.002400
47.027490
21.002520
42.007182
25.017469
44.000928
45.000928
29.000928
23.010659
64.000928
59.002500
43.014583
72.000928
28.008241
