34.003852
37.011179
24.035233
12.006697
12.005454
19.000928
39.007007
14.009841
49.010911
20.000928
27.022822
14.028090
17.021405
16.021636
15.010925
30.014845
19.017467
17.019598
29.014371
19.040287
20.005265
13.026981
14.040857
12.007323
17.003892
13.031853
15.008409
18.005430
14.011485
15.003732
18.021002
25.004602
18.006723
20.010927
19.010951
120.009459
18.010207
23.020218
25.000928
13.010307
25.003798
20.030563
15.005385
16.022244
30.013775
23.030941
30.007929
16.013074
14.011579
9.003772
11.033904
20.007895
23.016688
44.018312
14.005190
39.030113
35.010231
13.045806
10.005050
33.012713
20.000928
24.006357
13.019819
24.057212
15.006716
18.006070
14.033094
19.011253
14.050098
19.048577
9.021782
10.011486
13.012317
20.003832
14.004343
23.008388
12.008929
25.012131
20.011379
14.023183
19.025846
25.008609
43.023664
20.009639
23.009074
13.008609
21.003592
24.003952
34.003952
25.003718
18.008201
33.014587
26.008589
23.008729
25.006557
13.004202
19.008289
19.008469
13.037143
14.026862
21.010371
18.009161
33.029512
15.002220
14.006074
15.003652
23.003572
23.025404
16.021110
27.027702
16.008229
18.009741
18.015541
19.044326
29.026106
19.014143
34.021192
26.013345
14.012423
27.014943
24.046582
14.017919
15.010071
32.040120
15.037690
25.005815
14.004283
19.019312
23.006369
10.027916
22.024543
15.030559
29.024534
24.059238
20.007909
13.040102
19.036319
30.008729
19.036792
23.039684
14.034486
14.041826
29.058556
40.005085
18.052130
19.016232
14.030632
19.015175
24.013865
14.017751
24.035028
22.010063
16.007557
14.043012
20.008429
18.007062
18.010207
20.014963
24.013269
30.012587
28.010107
14.029534
24.007322
29.013463
29.027811
29.016575
25.009521
18.042444
28.009891
15.012511
14.037125
14.047340
22.005125
16.021564
20.007571
33.008635
25.012525
14.003752
9.014263
18.030009
24.016748
19.014389
49.016735
21.044477
37.014349
41.007257
20.005205
23.007057
22.036759
9.024615
24.017537
39.025126
14.044099
11.005745
32.009028
19.031582
14.030378
34.012611
14.037440
17.016308
31.010899
24.029869
20.009241
34.003972
23.015235
20.007177
22.005304
40.008573
17.006877
11.031349
29.009327
29.010567
20.012230
15.006477
17.005230
29.041842
35.003632
18.008655
10.007407
14.008325
16.014856
27.003792
20.008675
28.007557
10.012797
19.006937
47.032225
29.008760
25.006977
29.008389
13.024126
24.026573
16.011925
23.002846
39.011531
29.009781
18.029498
19.027343
34.016487
47.009481
19.004163
23.008209
48.012325
24.003532
24.007297
41.005405
34.006777
22.003972
19.008149
19.005955
13.045383
36.010181
18.019205
25.010973
24.009381
13.004443
