27.018846
34.024314
29.038995
30.006996
28.042972
29.039508
44.011045
26.018855
17.081903
22.010953
19.011519
17.010953
68.025963
51.009667
23.010061
19.009449
31.008255
23.008108
22.035375
56.011499
37.036679
24.013303
34.012403
23.002440
32.014503
22.049598
34.027625
31.012443
14.023914
27.020081
64.076230
36.024028
33.014003
28.011079
30.000928
43.012131
27.030069
17.009726
23.030316
34.046830
122.005305
32.005485
20.000928
23.000928
21.008041
23.000928
76.003278
26.020152
43.003558
53.009341
27.009467
23.000928
14.019312
30.020078
22.012899
41.004905
23.009145
39.011351
18.027190
70.021188
44.012211
23.037326
24.014115
21.010001
