174.046781
22.037681
21.042675
35.009921
11.058892
20.013545
23.014973
59.031781
30.023929
30.026174
27.040422
79.031421
19.068135
27.000928
17.041125
43.013285
74.052292
29.023794
29.028078
27.007695
23.026841
21.030084
151.017185
13.006902
34.021154
31.011841
17.039529
31.014471
18.003552
13.035805
69.036901
19.027906
127.029021
16.040626
19.031677
14.006168
26.016670
28.019264
18.057825
17.024858
21.025587
26.016428
23.009581
18.047868
26.027736
24.010121
37.017505
14.034009
17.011433
21.023548
22.010041
51.032977
14.028106
26.009561
28.021464
38.031343
25.003972
29.006757
39.005730
14.004322
13.047418
22.006616
16.035513
42.008709
26.049923
19.009558
20.000928
34.009201
28.010051
40.004358
16.021718
27.012716
32.025302
24.021304
28.030839
21.057519
14.047335
42.011553
26.013563
34.044665
24.034761
40.011675
23.044927
44.048280
25.035024
33.027340
24.041754
49.031541
24.022684
40.004383
43.043448
14.031254
32.013869
21.038552
37.008519
35.003553
35.005490
29.009247
20.009441
23.031929
79.056844
27.013059
47.002640
25.034677
17.043852
24.014365
24.019935
49.033861
74.014255
35.036754
28.014109
59.021362
34.028500
39.034666
19.014372
30.004523
65.011299
82.032206
44.031772
166.009750
14.022290
137.017468
35.012331
24.008114
33.042615
55.024099
27.036788
24.048686
24.009573
54.040576
34.038685
21.011767
32.043096
30.000928
30.005530
22.037226
21.017577
17.019484
95.017468
31.029036
36.010903
44.019358
19.018126
43.010521
66.021916
117.030334
31.017020
47.015371
30.036377
30.013445
28.016680
39.016278
14.110322
24.027584
21.012631
22.018419
27.006697
39.013837
38.008843
73.042674
23.011319
29.017845
23.000928
46.015749
27.007457
75.010711
31.003852
37.006982
18.003572
52.015008
24.004563
37.026100
19.021644
20.004578
28.009687
140.012547
43.022276
29.031539
29.002220
48.019652
46.007717
43.009433
46.009767
48.008415
43.009133
50.020920
23.014295
35.009447
34.014283
18.021033
34.008795
37.002566
37.016169
37.026455
42.000928
70.011065
104.008309
33.007849
43.013325
25.012445
23.009061
47.025352
35.012553
33.022894
49.063635
29.010919
39.056037
26.027946
27.026290
33.011343
46.011539
33.010883
30.009829
24.000928
40.005124
56.007974
30.024221
25.003672
29.012024
24.015759
40.002946
47.008221
114.023660
39.010705
149.041167
34.004144
34.033639
42.005165
36.044475
39.019294
34.035661
44.022662
31.002580
55.013960
26.023474
29.040604
124.046591
44.013677
54.024624
40.005225
58.020512
34.003638
36.004132
47.015293
36.012391
32.029043
40.007243
38.016407
34.021061
32.010191
26.026518
43.003592
25.036075
