17.005030
90.004663
13.042575
19.005170
14.033663
21.014535
12.042212
16.016987
17.025167
12.012059
21.062716
12.006356
16.042862
35.002280
10.016648
17.043616
14.037809
24.006168
16.015073
9.038069
18.012471
17.006617
20.053404
14.015621
14.027008
29.010825
15.009541
18.023256
39.012923
19.017097
12.019140
21.044792
15.015021
13.028495
24.050630
15.009853
11.011979
28.008661
28.011421
13.036441
12.008129
21.016667
16.017701
27.048973
19.007786
14.005056
10.020378
25.015170
24.007921
14.017358
13.003952
24.009089
23.005150
15.009881
14.005103
14.015641
22.008501
14.006516
17.015756
17.008241
24.007695
29.006583
24.017539
13.009053
15.007235
14.005270
19.020814
19.009901
14.013277
14.030978
14.015043
10.023253
13.007762
10.014169
13.034791
14.012449
14.028271
17.003912
14.008641
16.023672
10.020949
13.013703
19.026992
14.025924
15.009647
19.009567
18.020032
14.023836
19.014283
33.012431
20.026919
20.004132
18.008346
14.048949
14.036153
24.023920
24.032995
16.015101
25.020670
17.022385
13.041776
15.000928
11.048176
26.035827
21.003892
27.041041
24.020256
32.035116
39.012105
16.029802
12.022164
23.017108
27.034806
19.036274
21.014067
12.021017
19.019776
18.006637
12.009401
22.024052
21.013471
18.004623
18.013783
12.047309
16.017008
16.012685
15.041291
32.003832
8.048319
19.008995
14.019600
24.020775
15.011239
21.003792
21.074643
22.010093
16.018710
20.007527
33.025052
19.036119
21.013409
22.007883
24.017354
22.003932
16.012237
24.033355
19.018089
14.057872
27.003833
17.022746
18.038930
70.004543
17.016095
18.016402
24.010027
26.010380
19.013285
19.013297
10.009687
19.011339
23.026713
23.006696
30.023900
14.037190
14.032359
19.015661
15.004383
18.029082
24.033185
24.050119
12.009621
16.018378
14.031423
14.031469
14.018350
19.015562
14.038725
19.027306
20.009873
14.047507
20.003532
13.009547
18.022202
14.017926
14.042986
19.050511
19.036620
19.029678
15.016931
13.043400
19.012223
14.040557
16.010993
18.012532
18.059183
19.057587
14.061952
14.024279
14.018288
25.004342
13.049608
14.034239
15.018752
14.004093
23.060328
24.027612
19.045490
14.025253
24.009593
15.015523
29.013503
23.020824
12.017662
16.016454
14.039203
19.047630
19.022330
14.035093
16.005815
14.011019
27.031257
14.008227
14.047877
16.003793
22.011165
22.011903
36.014873
19.015621
24.044439
19.036378
29.024490
29.014381
24.023922
14.021790
19.041842
14.028891
19.039496
24.020823
20.006583
13.030623
22.004522
26.041377
24.008201
