107.020622
19.016361
24.013085
19.018480
14.049507
17.022370
18.067509
17.046454
19.026992
15.004503
15.018794
13.006397
14.006777
18.029149
9.025407
25.000928
21.022890
21.007343
14.013726
10.012785
19.003832
15.014419
12.012351
19.015376
16.003712
22.015095
11.017167
14.005165
18.024514
18.013117
11.009161
12.045490
34.043088
19.046414
54.002220
26.042007
13.009901
13.035429
17.011213
11.018892
14.049818
15.011903
14.004193
15.008175
27.003918
11.024670
14.009641
12.021164
14.012003
14.036593
17.035794
16.022158
20.003572
13.008595
11.009413
23.006317
19.007989
11.000928
11.029775
11.021810
