34.006225
12.070520
29.016188
15.007697
29.026727
16.019073
12.008549
30.006757
13.000928
31.022356
11.022482
11.000928
20.000928
14.016722
10.006797
14.009967
22.013071
13.013285
20.024256
28.006557
10.005470
15.011659
17.009727
16.013843
15.014509
16.002826
14.024090
9.033229
17.006628
9.009319
9.064929
10.023739
16.000928
16.008606
10.029989
11.000928
12.035484
27.009853
26.002640
26.000928
16.036150
19.006776
19.007654
14.010213
9.013403
15.010538
25.007182
12.007556
15.000928
11.012271
18.011293
10.004478
22.011033
19.008981
11.006717
22.011505
9.023934
17.010419
13.013119
19.008969
19.003552
16.027188
8.012831
8.002360
23.016098
15.010919
14.021016
