111.007989
23.010359
14.028195
23.043002
19.000928
11.021324
30.023868
15.011134
24.009241
15.013385
20.019986
17.018013
19.023842
13.086961
16.053896
12.031119
21.016702
19.017065
17.046664
14.006402
13.008769
11.036887
11.020583
11.051937
14.022498
16.000928
15.011553
12.006537
11.013957
11.040881
17.000928
14.012437
16.043791
29.015821
24.038896
11.030818
10.028477
13.019758
11.007949
16.010021
22.024383
17.010021
16.011813
20.022090
15.004562
15.002974
32.038711
9.060796
14.023862
18.049147
20.039505
13.007929
15.037528
21.017327
28.017834
19.016753
9.019398
15.032815
16.013351
15.002220
14.071684
14.048094
