107.047494
12.006150
16.031842
20.013557
24.005584
14.006617
20.013577
17.031297
19.009101
33.004092
27.058052
19.006797
18.004112
13.114726
16.005836
15.003792
16.021352
18.005224
19.003672
15.062492
18.003632
20.032981
13.024272
17.045775
12.043352
15.007117
13.025199
15.037905
20.003498
14.008513
16.020858
12.010773
14.011473
15.006483
29.009881
16.020103
13.008197
35.012085
13.010994
40.041768
13.020558
43.003992
32.000928
20.030691
17.019172
15.031682
13.022582
14.011391
20.035784
24.000928
24.017986
11.014257
22.009339
14.005674
19.009881
