35.002366
33.004132
13.009109
18.005364
13.009290
28.006837
29.002600
21.024916
14.012187
30.000928
15.000928
18.011173
14.007117
14.002480
23.032206
15.002300
11.007767
15.004018
36.020732
14.002680
15.022035
19.002800
14.002240
28.015309
19.008689
15.002700
29.000928
20.000928
12.009129
19.029291
14.022808
29.003632
13.034205
26.011265
18.007734
15.002340
32.024870
19.020271
26.002680
14.002660
35.022323
19.005915
16.014313
25.009821
25.005384
13.005245
19.014975
19.011743
26.000928
88.002720
