26.006889
70.012047
21.008269
15.014159
16.019799
25.020009
14.003712
11.021616
21.014372
17.008469
18.015595
27.021489
20.003692
19.008709
24.000928
25.003592
13.003692
18.026477
22.029969
17.002220
20.004072
14.022492
17.005830
14.044409
20.013223
14.005298
13.033599
11.008429
32.016155
16.003612
12.010653
20.009549
18.038385
27.020092
32.004112
14.015536
23.004758
11.018814
49.005710
47.026811
44.006323
25.011173
18.010915
26.011311
12.040637
23.008434
13.023397
25.064807
17.012371
21.014121
19.018373
14.019661
