18.265089
15.537202
25.117241
25.070939
14.003843
16.339503
21.725523
17.759053
17.827211
16.036405
20.317045
18.848946
13.890955
17.893839
20.223325
16.969667
15.012770
13.574584
16.909308
20.250339
13.982406
15.539092
34.208967
15.091510
16.960800
30.234965
17.709123
18.772641
27.986820
16.543653
13.023403
16.243976
20.677660
13.641784
16.469936
15.155399
17.312192
19.399608
13.537259
17.108569
16.059374
16.918922
17.887119
18.507083
23.910906
34.306793
19.021966
16.152674
21.125414
19.883112
23.200581
17.872455
22.941784
