28.969361
26.447950
19.409377
21.209062
22.619081
21.881416
18.951782
18.064745
19.452960
16.734002
23.617741
17.381414
23.940916
22.629160
23.955939
20.077630
23.211285
20.741369
22.363496
24.941055
23.041078
21.274751
21.924835
16.903542
36.745960
19.721503
143.571111
18.802593
23.037293
16.969969
31.907778
26.990390
19.320888
19.264607
29.211467
20.714276
18.422867
27.299427
18.574405
25.195920
16.167560
31.576957
27.322545
17.178137
24.384735
20.534138
27.586476
20.863361
16.782928
23.319409
