13.670951
10.653439
11.808924
12.920773
13.151264
10.884003
11.295096
11.424947
21.045377
19.838497
9.985274
8.586986
12.686312
14.233675
15.307121
8.607343
14.766951
10.546209
10.154484
10.540013
12.185899
10.833247
15.247112
13.856865
12.237769
10.084539
11.303356
10.771884
10.177486
8.582845
12.616922
8.567533
10.385212
11.658601
10.878105
10.581405
12.506866
12.099822
9.476342
19.137689
13.902364
11.877704
11.806749
12.725944
15.636573
11.650774
14.268344
11.318426
13.752040
12.556777
11.459523
13.557234
9.808108
14.292806
9.212749
12.287808
11.218533
10.993068
11.750432
9.958843
10.572601
14.139241
14.381412
15.173799
11.028581
9.369000
12.192736
10.948100
10.571832
11.274460
14.788004
10.393153
11.988965
10.115134
10.123371
20.157727
12.662188
13.161305
10.096692
11.131120
