92.018034
89.005810
100.009351
68.017894
69.011499
64.010047
75.006044
78.014449
109.016606
84.013257
59.017432
79.029045
99.021175
84.027149
61.005904
77.015503
69.014003
94.019760
54.015598
74.007242
64.010247
76.006341
57.017874
104.018552
70.006525
83.026513
49.006849
69.012437
86.004422
87.014963
89.027332
83.003046
80.005150
84.016141
60.002306
98.006988
144.007382
69.018705
64.015575
64.022728
64.025250
54.040225
69.031035
84.053785
84.031654
106.002986
97.042535
74.037232
99.007363
79.038464
70.007473
58.013724
94.007088
76.000928
57.044095
109.005670
69.007262
79.063394
59.012478
84.035549
84.005590
54.020146
74.018776
54.005970
49.010061
79.012497
99.022842
99.021092
73.002486
90.010799
79.022515
