132.046136
64.024155
85.008913
75.000928
92.010155
89.007342
81.004498
92.009625
64.008775
111.000928
77.040301
89.073663
90.000928
118.025437
67.002506
76.009907
155.004663
98.027533
81.002306
77.033904
79.007482
89.011065
89.010307
89.008974
166.000928
77.013983
84.018688
74.005930
99.007108
81.004798
77.014489
65.000928
80.000928
102.008714
146.003046
82.046453
84.013617
84.028727
85.000928
133.019053
79.021786
116.000928
92.006862
84.003838
75.000928
78.016040
76.003838
132.014905
61.003286
107.012909
79.036850
71.000928
99.000928
62.018092
182.000928
78.000928
92.019926
124.009827
99.008995
79.021217
101.000928
88.000928
73.009887
70.000928
98.064334
76.000928
92.011499
79.010106
64.044457
157.000928
76.016973
155.004643
68.047884
94.006602
86.000928
77.016817
84.050470
129.007402
59.057117
104.007162
66.000928
97.018817
64.028531
77.012181
66.021026
79.005870
86.000928
89.000928
72.012005
99.013857
69.073448
74.050709
81.006190
87.003658
