2.048511
105.005997
2.018000
11.016323
2.039051
5.040542
2.037182
7.000928
2.047761
10.028624
2.023669
7.004012
2.077883
10.021558
9.009633
2.037297
2.008009
2.052390
7.030104
2.044678
2.019192
2.025541
2.020264
5.028410
6.026231
19.002580
2.097176
2.065295
6.011253
2.074801
2.033365
2.031968
10.021804
2.020545
2.006510
2.038114
12.029319
2.037736
2.019692
6.034774
2.050561
2.019492
2.027709
2.029497
4.013671
4.026813
18.024797
10.007377
2.065596
2.045181
2.025501
2.041327
2.031662
6.047074
2.056546
6.051780
2.025773
6.012766
2.071200
1.051222
6.023077
2.024306
2.059846
6.009101
2.031682
2.008169
2.057438
5.021784
2.083938
6.023955
2.026836
7.004042
2.045453
2.017914
2.103997
2.053761
6.019273
6.006937
2.108420
2.054717
2.021022
2.092374
8.010913
6.038840
2.084250
6.029185
2.091911
2.018632
2.031461
3.019506
6.017140
2.072570
11.025287
2.024607
6.014189
2.052307
6.018412
2.023187
11.002220
2.011331
3.031327
2.031241
2.071934
2.041807
2.072355
3.008069
8.003832
2.037031
2.089447
6.034188
2.034566
6.007195
2.037830
2.004052
2.040180
5.036319
2.023554
6.018960
2.034192
6.032321
2.022097
6.019578
2.032851
2.023072
2.059832
1.022050
10.050738
2.029018
2.070882
7.003992
2.048725
5.017597
2.050592
6.045972
2.066406
2.021870
2.011637
15.017285
2.066998
6.018332
2.027819
7.004032
2.088051
2.062655
13.033486
2.019252
15.042167
2.046791
11.014564
4.032229
2.072630
2.054236
2.045189
20.005170
2.055642
2.017362
2.021025
6.009521
9.021931
18.021876
9.012812
2.038183
2.016794
2.030050
6.004582
2.066203
6.011683
2.075287
15.024238
2.009087
6.011943
2.077569
11.057286
2.067597
6.027550
2.081358
2.022929
2.056416
2.024015
2.084354
2.022289
6.016928
2.068441
2.022674
2.009633
2.013718
12.038826
2.026333
2.045895
2.014782
6.017564
6.018702
2.018113
2.022537
3.021638
6.039059
2.024359
2.003773
2.035778
11.007989
11.020978
2.010101
2.035686
8.020958
2.008493
