2.101770
2.079385
2.027242
2.028037
17.017946
4.022291
2.017048
2.010745
1.036938
9.028130
2.023486
2.024640
2.039411
2.006857
2.054315
2.069799
2.016450
2.018432
5.014063
22.021611
1.062518
17.023836
2.005890
9.025242
5.011525
2.022163
2.028690
2.003772
2.035439
10.044318
2.016805
2.018299
2.006608
2.008015
2.008835
2.025087
2.092159
2.063339
2.003972
2.013715
2.013609
2.045582
2.013751
15.045295
2.013729
2.005284
2.104752
1.037815
4.018761
4.022451
4.071007
4.024732
10.030589
2.019898
2.059676
1.048907
16.004052
2.026751
2.021005
2.025787
2.030323
7.081480
2.034412
2.119640
2.015914
2.009327
2.016919
2.012592
2.008715
2.071679
2.072711
7.016962
12.005850
2.042543
2.027723
2.042343
2.031393
2.139607
2.017700
2.095986
2.030149
2.006768
2.032785
2.012537
6.006803
2.112928
1.040663
2.021516
6.038510
2.019732
2.017517
2.014109
12.018614
7.038056
2.030275
2.021982
2.018938
1.022470
15.007889
2.026353
6.005390
2.019012
2.018950
2.008295
4.036434
2.034732
2.039315
2.025713
2.022288
2.067563
2.027717
5.029487
2.095685
2.008021
2.021058
6.003872
2.021430
2.098370
2.025513
2.027277
2.010979
2.014149
2.008521
2.019658
2.035665
6.008214
2.023555
1.043313
5.022976
2.030242
2.005264
2.017221
2.041147
1.036870
2.013169
6.050408
2.014976
6.008880
2.011973
2.000928
2.016139
12.013849
2.023501
2.022142
2.009413
2.043755
10.015557
2.016396
2.018372
2.060623
2.025827
2.029229
2.056306
6.019784
2.021942
6.010859
2.010679
2.027979
2.045907
1.019361
15.003992
2.017953
2.011105
2.053334
2.018142
2.015107
2.037052
2.006303
6.036628
2.018140
2.032227
2.012005
6.027678
5.011091
2.027551
2.060669
6.035693
2.005690
6.016205
2.011999
6.019338
2.026679
2.008555
2.009813
10.020924
2.024967
2.012775
2.006729
1.022326
4.023501
2.021777
10.013829
2.010945
7.009181
2.042525
2.003892
2.114151
2.020164
6.016475
2.025701
6.012845
2.090748
2.011219
2.013644
5.048784
2.063147
6.011417
2.049363
2.008675
2.013750
12.021002
2.023574
2.017820
6.005710
2.028983
2.011925
2.029490
2.007989
2.032585
2.025565
6.012457
2.022152
2.000928
6.003892
2.003832
2.029741
2.029015
2.017334
2.016514
2.029377
2.009647
11.013585
2.023728
8.003592
2.049473
2.027617
2.011005
2.011752
2.026281
2.060892
2.021490
7.032161
2.030169
2.024735
6.027871
2.024441
2.015296
2.012291
7.020150
2.029263
6.026419
2.012517
12.002686
2.039820
2.050366
1.025975
4.041101
2.017954
1.016602
5.003792
2.052410
2.033240
2.011053
2.044359
21.013025
