2.124777
5.004052
2.007143
30.023548
2.015182
4.003732
4.003872
11.008442
2.091087
4.003952
2.069292
2.076006
6.020904
2.026399
2.005131
2.032993
2.012577
2.005750
2.013724
3.005570
3.003892
2.105829
2.102532
2.030484
19.002740
2.104478
30.015635
5.037824
2.019132
2.018574
4.053930
2.082981
2.015136
11.007022
2.023608
2.016820
2.017946
18.003612
2.064492
2.122311
7.018540
4.026047
2.038548
2.019544
4.003552
2.003953
2.034406
10.011185
2.101018
26.044503
2.016408
3.003912
2.025366
2.020124
11.018081
2.012311
7.003572
2.104450
3.003612
3.003732
2.120814
2.005631
2.010833
2.032023
2.037344
2.094339
2.019350
2.019166
2.019278
3.003972
2.012071
2.063241
6.026599
2.094824
3.003772
2.013417
2.011897
8.045514
6.047664
2.082042
2.008055
2.026499
2.003852
2.026305
2.099566
4.003832
2.009501
2.013743
7.022610
2.047351
2.028189
6.011301
2.035634
4.004052
13.004032
2.049439
2.019384
2.020384
2.037802
10.025280
2.021809
2.054148
2.020942
16.003592
2.014384
3.004032
2.019798
2.038274
12.029629
2.042039
2.099752
6.010891
2.044257
5.003632
6.041865
3.039435
2.110725
7.003952
2.024447
2.006677
2.129594
2.018912
2.000928
2.053242
3.003872
4.002220
2.046921
2.027391
3.004012
2.006317
2.026199
7.034419
2.120499
2.024760
12.000928
2.056569
2.022570
4.030019
2.022568
2.036762
2.013749
2.109843
4.003852
16.007056
2.016514
12.030246
2.015076
2.085395
3.003572
2.024692
2.057701
2.063025
2.103898
2.016056
2.125903
2.109457
2.020120
2.018066
3.003812
2.060771
2.081828
12.034391
2.041412
2.023129
7.003712
2.047247
3.003572
2.033221
2.109677
8.003972
2.107834
2.100914
14.003732
3.003532
5.000928
2.016488
2.037742
2.041167
3.009181
2.039727
2.023595
4.003992
2.000928
2.037749
2.028897
2.055362
2.036896
7.018062
2.052821
11.027480
11.003672
2.035992
2.048839
7.021692
2.032802
2.063343
2.039649
2.028022
2.039896
2.082343
2.041773
2.095851
2.049998
15.016915
2.111332
3.004032
2.097733
2.089549
3.003972
2.046173
2.022920
2.069689
2.109268
8.003952
2.038605
2.024607
28.004865
2.028877
2.097847
3.003632
2.010376
2.047404
2.046790
2.062178
2.108095
7.003792
2.080478
12.003952
2.136446
2.114062
7.003852
2.100072
7.020006
2.089578
2.039354
2.011845
2.030954
