2.027423
2.013758
2.010739
2.019958
2.033575
2.010066
2.006757
2.018938
2.011180
2.022963
2.014956
2.012472
2.013637
2.028453
13.005465
2.014804
2.015068
2.005005
2.021668
2.012451
2.019266
2.016808
2.005405
2.015154
2.051780
2.013131
2.010813
8.009267
2.012978
2.018406
7.042612
4.055162
2.037628
22.042479
2.007283
2.038826
2.007463
2.027343
2.027773
6.026127
2.053342
2.018866
2.020974
2.053590
8.027893
14.005245
4.045890
5.055682
3.019694
5.018160
10.017208
2.039821
2.068576
1.008911
2.039321
7.064162
4.017314
2.045883
2.037202
2.019292
2.068904
12.053109
13.012297
2.056441
2.005291
2.027033
2.041615
2.049061
2.058499
2.036990
8.014804
5.030436
3.024936
15.028045
4.017234
3.015202
2.032605
1.026509
9.008469
4.018800
2.068664
2.003958
2.023319
2.039321
2.004072
2.054320
1.023515
9.003552
2.036645
1.028218
2.065217
6.008849
9.028538
2.050605
2.055241
3.024050
5.058020
9.012246
2.055574
2.049851
2.027219
2.031822
7.046216
9.039302
2.051831
2.054386
2.000928
2.051392
2.040944
2.036204
2.067022
16.015696
2.030130
2.056894
2.018893
2.036019
2.026997
2.064534
6.013924
2.033640
2.045617
2.047577
12.014277
2.045509
2.042858
2.051246
2.065980
1.033847
10.048583
2.018650
5.019174
15.042919
2.012983
2.023729
2.031315
2.013312
1.014838
5.016688
2.070300
2.045235
2.036444
2.028884
2.019533
28.020084
4.020048
20.021138
2.027237
2.081243
2.040298
2.014144
7.038656
13.005136
2.075672
2.052176
4.009521
4.056381
8.005565
2.046471
7.024428
2.036450
2.030909
2.043084
2.037649
2.023660
13.005144
5.021288
2.046465
2.045269
2.036224
2.059840
1.030325
2.051450
1.028020
9.019131
10.012406
2.024298
2.019499
2.031106
2.022929
7.051418
4.011613
19.017554
2.060256
2.040206
2.010919
2.040571
6.033222
5.046806
3.027582
5.046208
3.016950
5.007729
2.047381
2.040340
2.021543
2.020725
17.005516
2.011482
2.020076
3.058247
5.031247
2.012605
2.036456
2.018605
9.019542
2.031881
2.048040
1.050373
2.033419
2.013878
2.043465
1.016690
4.022943
4.018414
2.016808
1.026030
4.038848
6.022876
2.038716
2.035429
2.023431
2.047654
2.039455
2.012846
2.018966
12.018594
2.027285
12.046339
3.012627
2.028855
2.024709
2.008455
2.054233
1.020206
5.016854
2.029923
2.039367
2.016328
2.057991
2.030830
4.051132
3.014258
4.026547
10.038202
