3.000928
3.002220
4.002220
4.036567
4.006050
4.005750
4.007228
4.010167
4.007442
4.006523
4.005590
4.002220
4.002220
4.005711
4.002220
4.008560
4.007143
4.030080
4.005590
4.009553
4.006062
4.033821
4.007062
4.046223
4.013287
3.012177
5.036848
4.018860
4.021240
4.053395
4.006802
4.028050
4.023640
4.005650
4.005911
4.007522
4.043715
4.011087
4.005590
4.043159
4.011986
4.006031
4.005770
4.013659
4.005770
4.007927
4.002220
4.005870
4.038075
4.014061
4.012377
4.005591
4.005730
4.022357
4.059975
4.006882
4.041831
4.008828
4.011385
4.006031
4.009907
4.051249
4.012623
4.007582
4.005390
4.037957
4.006569
4.020110
4.007643
4.008775
4.006662
4.008528
4.028533
4.039129
4.044559
4.008509
4.015385
4.005330
4.005610
4.006030
4.007728
4.011379
4.007469
4.010387
4.008355
4.030423
4.013373
4.005170
4.045373
4.040159
4.005731
4.006589
4.035639
4.011519
4.008355
6.046089
7.025645
9.012323
4.005751
4.010141
4.042871
4.029254
4.007762
4.007282
4.031724
4.010466
4.004930
4.007622
4.050471
4.011405
4.008269
4.005391
4.011959
4.007762
4.005490
4.008208
4.006868
4.008523
4.007223
4.005590
4.007402
4.005490
4.044110
4.005571
4.025018
4.042355
4.033312
4.010253
4.005430
4.005550
4.007503
4.008640
4.021463
4.054994
4.057004
4.007342
4.005310
4.011967
4.016816
4.050866
4.033073
4.054040
4.005790
4.011019
4.010760
4.017469
4.002220
4.013926
4.008083
4.002220
4.011245
4.007922
4.050847
4.007502
4.026884
4.016813
4.034072
4.007382
4.002220
4.052896
4.002220
4.002220
4.002220
4.007222
4.007262
4.007223
4.015451
4.008874
4.021144
9.013803
4.012285
4.037752
4.007242
4.007702
4.010887
4.005350
4.040930
4.032621
4.005250
4.005551
4.007482
4.007182
4.037456
4.009439
4.017596
4.007082
4.006050
4.005910
4.005970
4.005511
4.008528
4.052191
4.007462
4.007322
4.056938
4.007615
4.009653
4.008961
4.008401
4.007823
4.005750
4.007862
4.006771
4.005890
4.005510
4.005790
4.009527
4.006050
4.005490
4.041469
4.026910
4.007995
4.005550
4.015725
4.036985
4.005510
4.012979
5.008217
3.041439
4.030302
4.010461
4.008295
4.017035
4.034958
4.035369
4.008895
4.027792
4.006663
4.026000
4.040207
4.013931
4.008135
4.007042
