3.000928
3.013163
3.002620
12.005330
3.004138
3.008320
3.003998
2.002500
3.002820
3.015602
3.002440
66.024651
9.026307
3.009207
3.000928
11.018294
3.005590
3.000928
2.000928
3.000928
3.005211
3.000928
12.016648
29.027304
3.000928
3.006848
3.000928
23.044742
3.002886
3.000928
3.007103
3.000928
22.036432
7.006863
3.000928
22.026665
7.016196
3.000928
17.000928
3.000928
3.013349
3.000928
17.025221
3.002526
3.009507
3.000928
2.000928
3.000928
3.010719
3.000928
17.026133
3.000928
3.006589
3.000928
23.000928
2.019818
3.005811
3.000928
7.029343
3.000928
3.005430
3.000928
7.003678
3.000928
3.004586
3.000928
1.008155
3.010619
3.000928
52.000928
3.000928
3.009747
3.000928
2.000928
3.002460
3.012471
3.000928
2.026552
3.000928
3.019772
3.000928
2.036268
3.001946
3.005551
3.000928
7.028297
3.000928
3.029356
3.000928
12.000928
3.000928
3.007609
3.000928
17.000928
3.000928
3.012351
3.002546
20.011999
3.002400
19.002380
22.027457
3.002300
3.013563
3.002800
41.025832
3.020790
3.000928
12.041444
3.000928
3.009687
3.000928
11.026707
3.008601
3.000928
2.000928
3.000928
3.004951
3.000928
2.004193
3.000928
3.002406
3.000928
12.026026
3.000928
3.005256
3.000928
22.000928
3.000928
3.005290
3.000928
27.029581
3.000928
3.011357
3.000928
7.000928
3.000928
3.008355
3.000928
37.031761
3.000928
3.006655
3.000928
7.000928
3.000928
3.006723
3.000928
7.000928
2.045596
3.000928
24.002386
27.028416
2.044752
3.000928
