2.083019
2.030862
2.016928
2.017740
96.007167
2.025693
2.039706
2.032379
2.020725
6.031078
4.021154
2.033511
6.017246
2.068049
2.034731
2.036671
5.018526
2.045264
6.017079
2.028463
2.017322
2.041234
2.050233
2.074765
2.040321
6.028285
2.027465
6.028770
2.039543
2.043530
2.068783
10.011473
2.027651
2.077590
3.016642
2.017188
6.040690
2.025827
6.019112
2.028767
6.013171
2.051952
2.033666
2.017920
10.030075
2.052875
2.027864
2.037116
5.032853
2.020785
1.058428
6.027523
4.051732
2.034458
2.042519
6.028598
2.034187
6.013325
2.026965
2.020998
2.067909
5.026861
2.046501
6.003778
2.085551
2.031282
2.054364
3.034400
1.052084
9.045651
2.064073
6.025248
2.065750
2.022634
2.120361
5.017541
2.050617
6.026442
2.035630
2.031643
2.030103
5.013943
2.115577
2.032819
2.068083
10.057444
2.021863
2.019825
2.045375
12.033006
2.032181
6.032032
2.100841
2.107607
6.009703
2.022729
1.044300
6.008975
2.073424
2.025919
6.023474
2.031828
2.027471
2.035499
3.035992
2.037542
2.043099
2.014916
2.027205
2.028451
6.015433
2.112155
2.045089
2.050546
2.039209
3.016781
8.025274
2.042199
2.023979
2.027165
10.016412
6.009807
2.133830
2.030170
11.017008
2.053724
12.006936
8.017760
2.039367
6.009827
2.043731
2.047168
2.093067
7.063815
7.035966
2.029970
6.021184
2.025913
2.014929
2.090112
2.072696
2.032855
2.069609
2.025540
5.028011
2.046637
2.105456
2.040628
2.027326
2.017894
2.051019
2.038936
2.044481
2.113893
10.050178
2.049706
1.040580
19.052739
6.049232
2.041193
2.031714
2.040839
2.034300
10.045392
2.051078
6.037460
2.090827
2.035456
2.061707
6.004483
2.013643
9.086860
2.029298
2.030929
9.013681
2.029295
2.037638
2.043623
3.013538
7.018326
2.036821
5.021857
2.023489
6.016359
2.033686
2.028352
2.124853
7.052756
7.033392
2.044589
2.023482
2.037523
1.030456
8.026793
2.034390
2.024913
2.054482
5.009407
1.025181
14.031244
2.034566
2.018693
6.041274
2.037630
1.061026
9.022409
2.054022
2.031122
2.050931
10.009561
2.039781
6.055079
2.036802
2.045935
2.058119
2.021038
2.055499
2.039787
2.041304
2.031207
2.056135
2.093016
2.026971
7.004403
2.061329
5.029426
2.039841
1.042341
9.006463
2.035086
6.032721
2.120108
2.022262
2.023414
5.022024
2.046799
2.045470
2.053353
2.031182
2.026926
2.062601
2.031175
2.037262
5.020532
2.019553
2.039489
