5.000928
5.000928
14.000928
13.000928
5.000928
25.018083
9.008228
4.016091
9.014630
5.000928
24.000928
5.000928
5.000928
5.000928
15.007562
9.007089
9.015363
5.000928
8.008695
9.007948
9.008522
5.000928
13.005731
5.011350
18.012979
4.013937
5.000928
9.000928
5.000928
24.000928
5.000928
18.000928
14.000928
12.021491
9.008015
9.011765
16.000928
14.000928
5.000928
9.000928
9.000928
18.000928
5.000928
18.007030
5.000928
10.000928
5.017461
9.008048
5.000928
5.000928
5.000928
14.000928
18.000928
5.000928
18.000928
13.009870
13.002220
4.017844
9.009613
9.009095
9.008948
4.012118
9.011439
9.008768
9.008601
4.017288
5.000928
28.013703
21.000928
5.000928
5.000928
8.000928
14.000928
5.000928
4.000928
4.000928
8.000928
14.000928
9.000928
5.000928
10.004478
9.008863
9.009253
9.007408
5.000928
19.000928
8.009515
9.007163
9.008746
9.007143
9.008260
4.020892
9.012939
5.000928
13.007323
6.000928
18.000928
8.015335
9.011359
9.007402
4.013286
9.010986
9.005571
4.018328
4.014445
9.015364
5.000928
9.000928
8.009035
9.007182
9.011561
9.011493
9.033254
9.005431
4.020628
