3.031555
8.018235
9.018506
4.029207
9.042139
4.023168
4.045935
5.000928
3.021782
4.024874
4.027964
14.045283
9.009315
4.036580
4.030529
7.004543
3.006617
7.048843
7.040146
3.016068
3.003693
3.023306
3.004053
2.006717
3.014996
3.024249
3.009301
7.021164
3.004053
3.014201
3.003673
18.016188
3.004313
3.004073
3.013452
3.003873
3.019307
3.009241
3.003893
3.032424
4.036169
9.019186
4.030929
4.037580
5.000928
3.042091
5.000928
3.016042
9.030889
4.034376
9.005790
4.045393
4.025484
10.000928
3.040027
4.033577
9.006788
5.000928
3.044866
4.025110
4.031027
14.002220
3.002620
7.005405
3.004373
3.038177
3.009521
8.009341
3.008135
3.004613
3.011066
3.010479
10.017906
3.011706
5.045297
3.006577
2.010765
8.010041
3.018352
3.017062
1.013998
3.018152
3.004985
17.030449
7.018198
4.033001
5.000928
4.000928
3.027296
4.030316
5.000928
4.000928
3.037052
4.043336
5.000928
3.043708
4.050455
9.009993
5.000928
4.000928
3.022796
4.027684
4.040637
4.037276
9.032957
5.000928
3.033917
5.000928
3.026842
9.020058
5.000928
3.024409
4.033052
4.050760
9.019792
4.035297
5.000928
3.032888
4.025607
4.023975
9.035814
9.008646
4.031238
3.012246
6.029855
4.011423
3.057254
3.013198
20.024776
5.000928
3.028374
4.045951
4.032575
9.043824
9.009893
4.041102
5.000928
3.024428
4.026830
4.031675
4.016508
4.032579
6.004443
7.029505
4.041657
4.023200
5.000928
4.000928
3.017413
14.015727
4.038553
4.033794
9.009958
10.000928
3.026731
4.019671
4.038739
5.000928
3.015415
9.024845
5.000928
5.004323
7.027828
9.021038
3.004493
8.004473
7.008135
3.021244
3.003653
1.008235
10.007003
4.009541
12.009867
3.004193
2.005065
3.003853
3.010959
3.003533
8.006045
3.012591
3.006829
3.017113
9.009563
4.026048
5.000928
3.039429
9.020214
4.015581
5.000928
3.012671
4.046175
4.021692
4.026934
9.045435
