2.011043
2.026723
102.004603
2.053731
22.041491
2.054417
2.032705
11.026553
10.022724
13.033704
2.020884
6.012065
2.018863
6.014290
2.022848
6.030749
2.041298
6.036613
2.037775
6.008769
2.027352
6.029695
6.035523
2.042267
2.014956
2.018926
2.020223
12.010673
2.037370
2.109075
2.011671
2.041824
5.047065
2.065204
11.032343
2.040693
1.062359
19.025128
2.123447
6.039819
2.059030
1.031133
2.058091
1.050283
6.031635
15.007791
3.039605
4.017098
2.027090
2.018858
11.029041
2.015127
6.038744
2.065871
6.028357
2.020250
2.006282
2.016088
2.027518
2.019312
2.034358
6.042236
2.014755
2.047293
2.009347
2.027652
2.024306
2.048585
6.020702
2.027199
2.038754
10.015229
7.017716
2.017921
16.005550
2.016580
6.039901
2.027191
6.015484
2.061502
2.009047
2.140932
5.039465
2.055708
6.027532
2.023514
6.041910
2.027745
2.022082
2.055140
2.015516
2.030129
2.014975
6.019391
2.029919
3.047589
2.052561
2.031706
6.005576
2.021443
2.003752
2.016199
10.016188
2.005410
2.007634
3.030793
2.039548
6.016703
2.025246
2.007949
2.044629
6.010653
10.010793
2.038682
2.048923
2.006356
2.008155
5.049710
2.030476
2.006396
2.023301
2.033053
4.030543
2.027785
2.023829
6.014951
2.020085
2.017780
2.020624
7.006617
2.040878
2.036656
3.083446
2.046473
2.010779
2.092437
2.006854
5.011345
2.143761
6.013511
2.014807
6.005411
2.041744
2.024408
2.096489
5.038269
2.020444
1.052353
9.025532
2.042931
2.007749
2.016148
2.012631
8.019057
2.032033
7.027806
2.142183
2.023667
2.010638
2.029250
2.006503
2.020510
2.072940
2.007861
2.012011
6.024454
5.019251
2.153037
2.047367
2.010253
2.049398
2.042092
2.082835
2.027151
32.004503
2.006583
7.032259
2.037690
2.068150
6.042508
2.011019
2.076144
2.060227
2.021223
2.034128
2.109920
6.013815
4.019017
2.017786
6.028305
2.019410
6.010627
2.013381
2.021957
2.116012
2.054187
2.034757
2.011911
6.007915
2.008121
6.045954
2.124047
2.013637
2.082929
2.027797
13.023348
5.009221
2.052776
2.090710
6.039026
2.084935
6.006909
2.011059
1.042197
19.016336
2.043199
6.024952
2.019496
6.016600
2.021416
6.018545
2.015654
2.010653
2.035550
2.043320
