4.004866
7.021690
3.011833
8.003633
3.011413
3.011273
3.035398
3.010973
13.005285
13.005825
32.012489
3.012687
2.025806
7.021496
3.008149
27.016602
3.011579
3.025433
3.016448
3.017175
7.026698
3.020544
3.014264
8.015075
18.006776
3.015296
3.038789
3.009767
7.020305
4.006276
4.005735
3.009621
3.010779
3.008329
5.005810
3.014143
12.016228
3.014730
3.016380
3.017400
15.035002
3.008669
6.020626
3.023727
3.009621
10.009573
3.013724
17.006663
3.011293
3.031637
3.007929
5.014043
3.032413
2.012937
7.006883
3.009147
2.011093
3.013678
3.030881
3.017774
2.024707
7.021302
3.009621
3.009887
23.008315
3.008569
3.037030
3.017500
2.021949
7.009693
3.014452
16.013121
3.019624
3.016582
5.011425
3.015090
11.004322
3.029149
3.012285
5.007488
3.009981
5.023674
3.010041
5.027653
3.008109
7.034949
3.012665
3.039814
3.018094
5.028061
3.014450
5.012445
4.008389
3.014790
10.005190
5.015440
3.036015
3.007969
18.012018
3.012191
3.011813
3.024593
3.010021
10.020698
3.007949
3.017774
13.006597
3.008289
3.016954
3.008889
17.006436
3.011213
3.022085
3.007649
12.043471
25.018872
3.018154
3.013198
3.021596
3.013643
10.018360
3.017574
7.030653
3.011073
3.035698
3.012065
5.010979
3.008109
7.024703
8.019194
3.027666
3.005244
5.021762
3.027927
5.012371
3.009721
2.006343
3.011593
3.025001
3.008249
15.015185
3.004984
12.046665
4.005464
3.007929
3.025080
3.005124
5.005450
3.005904
7.021938
3.013498
3.038370
3.008755
5.015189
3.014590
5.014499
3.017742
15.005390
3.012865
2.027491
3.011753
3.018886
3.017854
6.004542
3.031055
3.017734
5.008055
3.007929
7.011273
3.008629
3.028917
3.008961
5.017826
3.007989
5.024913
3.008409
10.008627
3.009761
20.028086
3.021448
5.019470
3.008509
5.037053
3.012825
2.041367
8.022615
3.024037
3.052239
