110.000928
3.000928
3.000928
3.007602
15.000928
3.011973
3.000928
23.000928
11.027001
3.000928
2.012697
7.041465
3.000928
8.000928
12.000928
3.007682
3.000928
8.000928
6.016665
3.000928
3.000928
2.003572
3.004038
3.000928
3.000928
36.008142
3.000928
10.007042
3.000928
6.000928
3.005730
3.000928
10.002220
3.000928
10.007562
3.012757
4.000928
2.000928
3.000928
3.006762
3.000928
16.000928
3.037986
3.000928
8.000928
2.000928
3.007642
3.000928
26.000928
3.056720
3.000928
3.000928
2.020264
3.004618
3.000928
5.052457
4.045855
3.000928
7.006290
7.007902
3.000928
3.000928
6.005410
3.000928
13.000928
11.045091
3.000928
38.000928
2.033593
3.007022
3.010315
7.000928
2.030902
3.000928
8.000928
11.007402
3.000928
17.013817
7.028470
11.000928
3.000928
3.024537
3.000928
8.000928
3.000928
7.007062
14.050027
3.000928
8.000928
12.000928
3.004298
3.000928
7.000928
3.000928
3.005510
3.000928
2.000928
7.006550
3.000928
8.000928
31.010279
3.000928
14.000928
10.005510
3.000928
6.000928
3.042000
3.000928
3.000928
16.047757
3.000928
8.000928
3.000928
3.000928
3.057721
3.000928
11.000928
3.003898
3.000928
11.009339
3.005590
3.000928
3.000928
11.006688
5.000928
4.000928
4.000928
28.005470
9.026447
10.000928
8.007742
5.000928
4.000928
4.000928
3.004338
3.010050
2.000928
3.000928
3.002506
3.000928
8.000928
