2.024476
2.018080
4.014477
4.015269
7.008029
9.008909
4.003853
2.052713
2.014417
2.038687
2.039960
17.006797
2.035140
2.037504
2.013539
2.038453
16.004052
2.018654
3.006522
2.012211
2.023109
2.006276
2.022483
2.027085
2.056478
9.011213
2.024109
2.020942
2.036664
2.017832
6.014769
2.010939
6.055172
2.012239
6.029683
2.028883
2.011013
2.014003
2.029691
4.036707
2.048613
2.010773
6.010073
2.025609
6.040567
2.058138
11.033615
2.021982
2.016302
2.023216
3.017439
12.012310
2.015235
5.015696
2.008275
2.022171
2.020724
3.015129
11.014229
2.011025
2.013644
2.010547
2.005205
2.019838
2.008395
2.011917
2.006748
12.005665
2.019818
2.020132
2.005511
2.010007
2.019439
2.019607
2.007643
2.018714
2.015101
2.019118
2.024829
2.031328
2.035807
2.018865
7.043530
2.053729
2.025274
8.027619
12.025062
2.025293
2.016268
2.024889
2.034339
17.044688
5.030402
9.016350
2.043514
8.011925
2.028159
2.018112
1.042141
2.033760
2.019066
9.012391
4.019248
6.015797
4.005004
2.006977
2.013537
2.017592
8.024555
4.020598
13.008409
2.023874
11.007174
2.024761
2.016481
2.067956
2.027778
2.008829
2.008555
7.028251
4.021590
8.004707
4.044870
2.028425
3.009281
11.009323
2.067178
2.022618
2.021524
8.012365
2.000928
2.019918
11.000928
2.028691
3.015009
2.037375
2.019532
1.025887
2.046989
1.021670
5.021678
13.000928
2.056033
13.006496
4.008295
2.015135
2.049954
6.010693
2.023052
3.017654
2.054600
2.061254
5.008174
2.019210
6.049351
2.012291
6.031872
2.043059
2.016334
2.026519
5.026866
6.011485
2.045815
2.019318
2.019326
2.016968
2.006636
2.013117
2.029539
6.033019
2.053402
2.032487
2.028291
6.007815
5.021870
2.017128
2.032913
2.038998
2.030275
2.022828
2.022030
2.039758
2.035800
2.034485
2.012093
4.029149
2.019406
2.012391
2.026596
2.022895
7.024142
2.024060
2.012823
6.015961
2.024208
2.030229
2.012932
2.020370
2.021130
2.035804
2.017900
2.049319
6.030117
2.020610
7.034260
13.008427
9.005524
5.006842
2.078142
2.085693
6.022247
2.013783
2.023908
2.055029
3.006416
2.032161
2.035878
6.006897
9.015990
2.012631
2.032853
9.012053
9.006856
2.049833
2.040932
2.011085
2.020331
13.014283
2.014949
5.010893
2.020024
2.026158
6.011665
2.079817
6.043549
2.012833
6.015723
2.062997
2.008341
2.043824
2.008195
2.025261
2.026259
6.037690
2.010593
2.024576
2.049153
7.012637
4.025234
