108.008849
3.031416
3.009469
16.009329
3.040638
3.009389
2.008989
9.009761
9.016327
4.012885
3.008769
3.028585
3.008449
22.018885
3.009309
3.037544
3.008249
2.008729
4.017759
3.009709
3.031809
3.031755
3.008669
3.008989
48.012505
4.012025
3.008309
3.034374
3.009229
25.011859
6.008909
9.021670
13.004142
3.031615
3.008329
13.016337
3.008309
3.014435
3.030975
3.009349
12.009089
3.008389
3.025306
3.009049
2.008269
23.014711
3.029031
3.008689
7.008689
3.008269
3.032661
3.008549
7.016981
3.014175
3.023974
3.008949
8.015095
77.009049
3.037934
3.009969
3.008269
7.017173
3.039431
3.014215
36.011273
3.024448
3.008609
12.012357
9.013943
9.018059
3.009509
3.032587
3.008809
7.008849
4.009289
3.009009
3.027863
3.008529
7.015667
3.009389
3.028584
3.008949
11.009581
3.035249
3.008769
3.009169
12.013975
3.029562
3.008309
15.023434
3.009509
13.009189
3.008309
3.009629
3.035060
3.008729
2.009669
13.012026
3.033789
3.009189
3.009229
72.009026
3.032881
3.008069
27.011885
3.008949
3.026140
3.008789
7.008349
18.012305
3.048328
3.008469
2.009379
8.015051
3.029256
3.009229
6.008308
3.033569
3.009209
2.009229
4.008069
3.008249
3.034904
3.009109
8.009209
27.009169
3.036478
3.008409
31.006085
3.041353
3.008849
3.009069
