2.070076
2.040362
13.021456
2.042998
2.041726
2.024243
2.037670
45.016767
2.042934
2.025583
2.038862
7.008109
2.056561
2.041540
3.019260
2.035965
2.042134
2.017882
2.040700
12.025361
2.050873
2.039197
2.015290
2.036843
8.007769
9.006837
2.022359
2.035937
22.013677
2.048928
2.036417
2.022159
2.039330
3.015930
2.030159
2.032340
16.027272
2.039303
2.024843
2.055755
2.039221
2.017222
2.040714
6.008009
2.051987
5.005350
6.024443
2.054068
2.035697
2.031603
2.039441
2.026163
2.056842
2.039102
8.011413
2.052219
2.030857
3.012945
2.056442
2.039062
2.027634
2.040222
2.024723
2.034737
2.025041
3.025967
2.061941
2.039601
2.019787
2.040782
7.023257
2.054602
2.034545
3.024515
2.047057
2.032661
8.005331
2.062453
2.026633
7.016197
2.036677
3.015450
2.029097
2.037298
7.016030
2.042846
2.036577
17.015310
2.035365
3.015910
2.022079
2.037229
2.021099
2.058467
2.039062
2.024843
2.039062
2.025723
2.052110
2.040813
13.026337
2.071001
2.041622
2.022902
2.048489
21.010341
2.039762
7.024843
2.050325
2.038902
8.011145
2.043859
2.039082
2.005330
2.041161
2.024543
2.055906
2.028717
8.027459
2.053652
2.033519
2.030109
2.039342
7.020139
2.061217
2.038961
2.024803
2.050455
6.019928
2.025554
16.015043
2.045483
7.018546
2.056797
2.039742
3.022051
2.059939
2.031921
2.020693
2.038642
2.024203
2.054542
2.034566
2.023803
2.042213
11.017842
5.023453
2.051218
2.039002
2.029991
2.039302
7.027758
2.057333
2.044528
2.022062
9.041672
5.008515
18.008369
9.006677
4.048871
4.008109
5.021391
8.009383
4.017222
4.015273
5.010779
8.016782
9.010051
9.015618
10.028117
2.037647
2.051299
3.019132
2.073299
2.042439
2.025263
2.035898
2.030145
2.058383
2.024901
3.013558
2.056548
2.039921
12.021613
2.029097
6.007069
2.027605
1.032189
2.039282
6.032063
2.041839
12.024788
2.062290
2.024542
2.031023
2.039982
17.010914
2.079289
2.036877
7.023074
2.045826
7.013558
2.053351
2.041249
21.029330
2.038375
3.015450
2.035160
2.041780
12.013125
2.026252
11.026898
2.019946
15.017415
2.039742
7.022352
2.052088
6.010661
2.038842
27.018840
2.051851
2.039142
3.019647
2.052963
2.029477
3.016568
2.042028
2.039982
