3.003854
3.012811
3.008209
2.000928
3.007969
3.018234
3.006564
35.035328
3.008309
26.003872
3.011299
3.005444
2.011499
3.004012
3.012299
3.010833
3.000928
4.019724
3.030935
3.003718
3.024169
3.010147
2.014078
7.050258
3.009864
2.007948
3.011213
3.008867
3.010513
5.035067
7.000928
8.000928
8.006517
3.009733
3.011413
7.011005
4.012497
9.009807
3.012305
3.005591
3.017612
2.015364
3.002400
3.024986
3.011694
2.006677
3.002260
3.008661
3.011933
8.000928
13.000928
3.010493
3.017176
3.005090
2.010745
13.006897
3.010365
3.011399
6.011579
3.019880
3.008469
6.032131
3.035117
3.009095
2.009122
5.000928
4.000928
4.000928
4.000928
11.014655
3.005670
18.000928
7.009249
3.013704
3.011053
7.011553
14.012855
3.003872
3.036298
3.012259
7.017091
11.006683
13.000928
4.000928
3.011147
12.026358
3.012365
7.005690
3.012625
3.036663
3.004878
10.008241
3.011693
11.009181
3.033365
3.012684
7.010067
3.011393
3.011613
3.013045
2.028533
3.009741
3.018266
3.007969
22.000928
3.011493
3.029043
3.008588
12.015147
3.011053
3.009713
3.011093
2.010121
9.013443
4.013731
18.019334
10.012446
4.004072
4.007674
3.014787
3.040390
3.009972
18.011045
5.000928
3.008775
4.009687
5.000928
3.004132
4.000928
3.007282
3.005305
3.018852
3.008909
3.004012
3.008127
3.000928
3.024651
3.008449
2.006617
3.011097
3.012977
3.005305
7.032702
3.011532
3.025926
3.004218
3.000928
3.004218
3.005198
3.007063
3.005836
2.015024
9.011313
5.000928
11.024928
3.012791
7.018440
4.007577
3.002840
3.010473
3.010733
2.013177
5.000928
7.007277
3.010167
3.010934
3.000928
3.007935
3.002440
3.010985
3.004558
16.004112
3.005311
3.011393
2.012212
5.000928
7.005445
3.029569
3.006916
12.027085
3.010733
3.010153
3.011247
2.012426
3.012931
3.022491
3.011333
8.000928
6.022391
3.006236
7.009321
3.002480
3.012483
3.013803
13.003572
4.000928
4.000928
6.005450
3.007969
7.011613
