9.000928
5.000928
4.012951
4.003792
3.002700
17.026453
4.031036
4.043216
4.025184
5.000928
4.000928
5.000928
5.000928
2.013265
8.012237
5.000928
5.000928
4.000928
5.000928
6.022959
18.003552
4.003772
18.003992
12.003712
4.000928
13.016855
4.008335
4.013491
4.011965
4.026718
9.013989
9.009647
4.031861
4.020147
5.000928
6.000928
9.002700
4.002260
3.003912
12.012119
4.009913
4.022634
9.013739
4.034493
4.011553
9.011139
4.013823
9.008175
4.007829
4.025339
4.032841
4.019818
4.040453
4.010655
4.031840
9.006803
9.014889
4.010759
9.032237
4.015381
9.009447
4.024888
4.011871
9.011971
4.026295
4.008241
9.020759
4.015689
10.006445
4.008774
5.000928
9.006516
3.003612
4.000928
3.016059
4.013749
9.024941
4.014844
4.024624
9.007148
4.014003
9.005450
5.000928
3.008615
4.030686
4.013564
4.024324
4.014537
4.012065
4.014823
3.002600
3.003792
4.004052
4.002500
2.003812
3.025402
4.010733
9.022756
4.016355
4.005810
9.011685
4.045913
5.000928
4.000928
8.025608
5.000928
3.018726
4.009567
5.000928
4.000928
5.000928
9.000928
9.000928
9.000928
7.012471
4.007308
9.007222
4.043498
9.030050
4.012237
4.012639
4.014383
4.034415
4.008907
5.000928
4.000928
13.014837
4.039595
5.007187
3.046595
9.014835
4.019946
4.008601
9.011979
4.022263
5.000928
3.042917
4.028232
5.000928
5.000928
5.000928
3.004112
5.000928
7.003792
3.032674
4.026022
9.038751
9.016169
5.002830
3.025982
4.007462
4.018741
9.010973
4.014171
4.017414
4.020624
4.016973
5.000928
3.016747
4.032050
4.013097
9.014543
4.009207
4.011979
9.005530
4.018103
4.034119
4.013231
9.009434
14.009335
9.016847
9.037633
4.012765
9.011585
4.010267
4.020080
4.017403
9.012456
