4.007893
4.018125
5.006997
14.006397
9.006517
67.004223
8.005891
4.031458
4.016819
4.026964
4.021898
4.014110
4.013189
4.025538
4.031960
4.021335
4.015569
4.024514
4.029036
4.014349
4.032716
4.033412
4.011159
4.017374
4.013045
4.031583
4.036086
4.017253
4.007987
4.039134
4.029356
4.019951
4.013655
4.028474
4.035558
4.016882
4.027132
4.035596
4.016379
4.035007
4.020258
4.029136
4.020090
4.021484
4.014137
4.009799
4.019246
4.018893
4.023896
4.026874
4.018111
4.008315
4.026972
4.013251
4.005605
4.044555
4.024572
4.015569
4.040285
4.009867
4.032318
4.015249
4.037945
4.012152
4.028706
4.011385
4.034865
4.033644
4.036717
4.040017
4.028690
4.020922
4.009587
4.028750
4.020409
4.015228
4.024198
4.012605
4.011399
4.006483
4.032295
4.022338
4.007841
4.030985
4.017131
4.019644
4.018186
4.014383
4.039644
4.019160
4.016659
4.018440
4.012105
4.008021
4.006863
4.035349
4.016368
4.014329
4.025940
4.025696
4.028124
4.020390
4.010467
4.027801
4.015155
4.025752
8.006917
24.006677
4.006697
1.028531
4.007057
4.006877
8.016911
4.024100
4.028294
4.028265
4.006743
4.030067
4.008727
4.038748
4.037389
4.036024
4.010573
4.023516
4.016028
4.022316
4.004438
4.030599
4.034559
4.019226
4.030537
4.016808
4.012191
4.019877
4.012757
4.034232
4.012603
4.031198
4.010033
4.019897
4.013963
4.027532
4.023728
4.022810
4.041573
4.017307
4.018377
4.012971
4.013901
4.044528
4.026269
4.012153
4.024274
4.034906
4.023015
4.011159
4.010447
4.034188
4.010433
4.008955
4.024090
4.013157
4.046306
4.015241
4.010399
4.023354
4.010127
4.012917
4.010379
4.022821
4.028826
4.019368
4.011691
4.012577
4.012669
4.017447
4.007489
4.041948
4.028678
4.008735
4.016155
4.020758
4.014115
4.029200
4.028913
4.011379
4.011445
4.023280
4.047850
4.016828
4.027242
4.021004
4.043249
4.021324
4.026671
4.024680
4.053976
4.020578
4.028012
4.015535
16.016172
7.011339
4.023074
4.031610
4.020296
4.015423
4.015587
4.028505
4.014275
4.019737
4.026372
4.098618
