2.076183
2.039615
2.028769
2.029017
2.034906
2.041879
2.034466
2.033113
2.028337
2.013669
2.039940
2.035138
2.030595
2.048120
72.020946
2.052104
2.048866
2.017598
9.031519
4.017560
5.042561
2.041058
2.040853
2.051950
2.037722
1.015098
9.023170
2.033686
2.025727
2.071692
2.043872
2.049812
2.056141
5.040583
2.059005
2.028691
2.046256
11.015998
4.015496
2.035118
1.034486
2.040407
11.022496
2.030155
9.072409
8.012223
2.025979
2.070986
2.043797
2.046090
2.028317
2.040666
2.031381
21.036038
2.043751
7.056281
2.049743
2.044589
2.045975
2.045329
2.027339
2.046235
2.044589
2.026512
2.045444
2.014615
2.073783
2.051204
2.048307
2.037843
7.042172
2.059423
2.035138
18.021748
2.034314
2.046535
2.035809
2.051930
16.021196
2.044704
11.023683
2.049852
2.041267
2.044883
2.043431
2.051970
2.047653
1.015038
20.011333
2.048231
2.056227
2.023043
2.031102
22.016514
2.072671
2.041598
2.037704
2.046081
2.025555
2.059285
2.040466
8.014117
2.041831
2.031642
6.007323
2.053642
3.033693
2.059403
2.034246
2.034911
2.047267
1.051644
2.055528
2.047707
2.055089
2.032720
7.022375
2.041919
2.019582
2.044072
2.039495
3.031801
2.062891
2.042773
2.013438
2.060391
11.029411
5.013397
2.046213
2.049885
2.023190
2.058645
2.027499
2.036862
2.058877
2.040481
2.043791
7.034797
2.068910
2.050352
2.032121
2.041432
16.024082
2.051425
12.014690
2.055763
2.053082
2.040994
2.034106
6.060544
4.017250
15.017800
2.043565
2.029949
2.012525
2.053842
1.025055
9.014758
23.009055
2.039535
2.030708
2.038762
1.035959
9.031553
2.043137
52.031296
2.047908
2.035544
2.042273
2.055481
1.014918
10.046283
2.056240
2.045489
2.048873
2.040101
6.032668
2.039355
7.041192
2.066578
2.048900
2.027007
2.048147
2.033573
2.057338
2.060936
2.029904
2.036910
1.041214
2.054141
7.036435
2.045289
2.040167
2.024838
2.054497
11.056725
2.048875
2.044755
2.057851
2.042039
6.050575
2.055701
2.036270
2.037270
2.038588
2.037330
2.042911
2.037690
2.043152
1.014146
29.022230
2.049459
12.045079
2.046981
2.047868
7.010161
2.042139
6.015578
20.020678
8.014158
5.047627
2.052196
2.039042
6.012731
2.046096
2.016799
2.043431
