2.006801
2.010019
1.031155
25.003932
2.000928
6.004072
2.000928
2.003832
2.063112
2.000928
2.000928
2.000928
2.035012
2.008295
2.000928
2.000928
2.000928
2.018965
2.004004
2.000928
2.000928
2.000928
11.004112
2.000928
13.025646
2.092921
2.007123
1.020739
8.042680
2.008075
2.007829
2.010659
7.031115
2.045748
2.010931
6.010979
2.008388
2.011193
8.006330
2.010879
2.006403
2.016600
5.006315
2.015576
2.003692
2.021242
2.010599
2.022181
2.025433
2.009259
2.006882
28.001926
2.000928
2.000928
5.021805
2.000928
2.000928
2.000928
1.020544
15.000928
2.002406
2.000928
2.000928
2.000928
2.078220
2.007128
2.000928
2.003812
2.000928
2.000928
2.049479
2.000928
6.056423
2.000928
2.000928
2.000928
2.000928
2.068791
2.000928
1.062599
12.032753
2.011005
2.103197
4.027871
11.021941
2.033011
2.004032
2.034031
2.015035
6.021510
2.010799
1.058986
6.003912
2.021576
2.021362
6.012531
2.005436
2.007708
2.028463
2.014097
3.020918
5.052649
2.011599
2.018798
2.012005
2.050731
3.029330
2.025532
2.003798
10.015665
2.024519
6.037111
2.009347
2.027550
2.016614
6.022571
5.039188
2.028045
2.105235
2.019958
2.004138
1.048219
2.024166
2.003992
2.043804
2.104942
2.003912
2.021722
7.021530
4.033447
2.026553
2.006642
6.024518
2.006563
2.005150
2.016288
2.028311
12.031624
2.000928
1.047310
7.003270
1.056566
19.048335
2.028262
1.057032
6.006729
2.110118
2.005351
6.027630
2.024372
2.030702
2.005410
5.011265
2.006302
2.028553
2.026591
20.035638
2.008021
11.006582
2.014975
7.029991
7.035831
2.031500
2.032033
11.045867
12.016174
11.028951
2.028023
2.026845
2.005050
2.017465
10.016277
2.005482
2.029483
2.006768
1.040826
2.009427
7.077288
2.004910
2.012557
6.014037
2.017606
2.000928
2.000928
7.016266
2.004638
2.000928
3.000928
2.006603
2.000928
2.000928
2.000928
2.030061
2.008535
2.000928
6.023394
2.000928
2.000928
2.000928
13.028471
2.000928
2.000928
12.024835
2.007448
2.000928
6.013923
2.000928
11.007322
2.043198
2.008274
2.014867
2.035291
2.051003
2.006783
6.012273
2.004478
6.032133
2.009647
2.081407
2.016427
7.044356
2.042370
2.020304
1.043750
2.029495
2.061486
2.003658
7.006543
2.030602
2.043036
6.054889
2.028488
2.006548
2.005110
7.013637
2.005970
2.028657
6.038007
2.010459
6.020062
2.013643
1.046480
5.048611
9.027679
2.002706
5.013365
2.003598
1.048870
16.009547
2.030035
2.015121
2.096335
2.035483
2.017260
2.035286
2.078619
2.030538
2.016082
