10.000928
66.036985
15.006656
26.005150
22.008529
23.005450
10.007057
13.038489
9.010479
14.060841
22.003858
21.019438
14.027978
16.008769
15.008629
8.006597
13.008235
13.014698
15.006716
15.010124
17.006622
12.005485
17.000928
9.006576
13.007188
14.024532
17.003598
11.034467
108.006582
10.017263
14.038059
20.003912
10.012825
12.012243
30.021038
9.006856
18.008475
9.057576
11.007975
12.009975
14.058713
9.017710
20.023442
13.039554
12.003758
8.007197
12.023212
10.024453
12.007915
9.047194
10.006957
23.007243
17.003658
12.006697
8.025924
10.010811
11.002386
17.009367
8.022868
17.005070
17.003992
19.013683
19.011873
12.002286
18.002386
11.020955
12.003898
11.016744
