17.047782
21.000928
22.029706
13.012153
41.012605
14.009617
18.024508
24.029797
17.012865
17.094764
19.012573
12.012785
29.006497
15.033347
15.012425
10.016621
19.039254
18.005435
13.015922
19.068571
24.040490
16.019700
17.016764
29.008135
14.012671
22.048809
15.019584
20.039148
22.000928
21.019298
13.003712
32.017894
24.000928
39.018693
29.007077
28.004483
13.035223
19.010607
20.018940
29.009129
23.031836
31.135775
18.010627
19.015801
11.011793
18.012605
16.009321
31.004793
23.040384
24.038236
13.013824
22.006797
17.023651
21.013379
