29.027941
9.040508
9.012805
13.009686
9.006537
7.038275
50.003538
21.002220
18.002640
14.007849
43.007037
10.002280
10.011559
14.022610
10.002420
17.000928
19.002740
7.013077
36.022410
13.004678
12.014869
37.002560
8.047063
7.035525
17.002640
14.011727
9.008349
34.002640
8.033269
9.033079
10.002560
14.008789
13.010347
40.000928
24.000928
8.022250
12.027438
17.002400
29.002660
14.002600
13.035562
15.002700
16.021400
38.002800
17.052414
9.087846
8.012617
20.064238
39.045009
12.009521
28.002360
18.005910
15.017440
7.080336
17.035799
22.002580
8.013412
31.002400
9.025541
28.000928
34.002220
