10.007783
19.005045
31.014429
25.005545
29.005565
9.008869
13.028681
36.000928
19.000928
14.000928
17.038823
22.005405
17.005345
18.019398
29.008575
15.005665
24.008150
9.000928
13.010247
9.036771
30.000928
39.005165
9.003693
18.023937
25.005265
19.000928
18.012487
19.006963
8.031681
7.016121
15.007830
11.008834
13.002220
26.003732
9.000928
13.008395
15.000928
10.024229
48.005405
9.022378
48.011931
21.005385
13.012350
14.006236
13.043428
15.005225
9.031529
18.009893
50.004012
8.018968
15.000928
14.005885
18.006250
10.000928
9.000928
14.004925
9.000928
19.008519
14.000928
19.003812
14.000928
19.000928
