12.029444
13.030708
79.030619
25.002900
14.010401
14.009201
24.002280
19.003852
24.012351
26.003612
18.003772
15.003992
11.027853
23.003972
21.009441
9.016348
14.019002
20.002820
11.002466
11.007037
9.009101
35.003878
12.009693
15.003612
14.003328
15.004478
27.023048
10.009827
14.002240
9.007077
18.014941
14.019981
15.007969
14.008069
19.011393
34.014023
19.009381
26.004398
12.002280
9.007242
34.002280
29.009195
14.002680
15.002766
28.011030
16.003186
7.019864
9.010261
9.000928
18.022176
10.010061
16.000928
12.021718
18.023930
11.009961
23.011159
24.008127
25.019712
13.014049
10.010021
18.009881
